500,5,698,450,-0.20751,0.95868
500,11.5,698,450,-0.20751,0.95868
500,18,698,450,-0.1929,0.95959
500,24.5,698,450,-0.17751,0.96067
500,31,698,450,-0.15218,0.96218
500,37.5,698,450,-0.12283,0.96398
500,44,698,450,-0.08571,0.96625
500,50.5,698,450,-0.034894,0.96928
500,57,698,450,0.039368,0.9729
500,63.5,698,450,0.11154,0.9755
500,70,698,450,0.21086,0.9786
500,76.5,698,450,0.34506,0.98133
500,83,698,450,0.49673,0.98219
500,89.5,698,450,0.69268,0.98024
500,96,698,450,0.92052,0.97756
500,102.5,698,450,1.2407,0.9726
500,109,698,450,1.6075,0.96818
500,115.5,698,450,2.1135,0.97158
500,122,698,450,2.8095,0.90018
500,128.5,698,450,-1.8719,0.025882
500,135,698,450,2.5077,0.36278
500,141.5,698,450,3.0505,0.54305
500,148,698,450,-2.8524,0.62306
500,154.5,698,450,-2.5477,0.68223
500,161,698,450,-2.2643,0.73051
500,167.5,698,450,-2.0246,0.73626
500,174,698,450,-2.6977,0.85133
500,180.5,698,450,-1.7245,0.87649
500,187,698,450,-1.5136,0.88394
500,193.5,698,450,-1.2583,0.87647
500,200,698,450,-0.70363,0.76397
551,5,698,450,-0.21059,0.95592
551,11.5,698,450,-0.21059,0.95592
551,18,698,450,-0.19442,0.95688
551,24.5,698,450,-0.17723,0.95799
551,31,698,450,-0.14936,0.95922
551,37.5,698,450,-0.11687,0.96078
551,44,698,450,-0.075451,0.96264
551,50.5,698,450,-0.019295,0.9648
551,57,698,450,0.062537,0.96694
551,63.5,698,450,0.14208,0.96812
551,70,698,450,0.25146,0.9695
551,76.5,698,450,0.39933,0.96925
551,83,698,450,0.56661,0.9686
551,89.5,698,450,0.78292,0.96614
551,96,698,450,1.035,0.96662
551,102.5,698,450,1.3881,0.96707
551,109,698,450,1.7891,0.97352
551,115.5,698,450,2.3221,0.98894
551,122,698,450,3.0644,0.95188
551,128.5,698,450,2.361,0.30655
551,135,698,450,-3.0955,0.714
551,141.5,698,450,-2.6747,0.79404
551,148,698,450,-2.3374,0.84456
551,154.5,698,450,-2.0502,0.88721
551,161,698,450,-1.7714,0.92161
551,167.5,698,450,-1.5181,0.93663
551,174,698,450,-1.4764,0.958
551,180.5,698,450,-1.1139,0.97286
551,187,698,450,-0.76761,0.93624
551,193.5,698,450,0.3561,0.17398
551,200,698,450,-1.4146,0.51249
602,5,698,450,-0.22024,0.95512
602,11.5,698,450,-0.22024,0.95512
602,18,698,450,-0.20258,0.95585
602,24.5,698,450,-0.18363,0.95672
602,31,698,450,-0.15344,0.95735
602,37.5,698,450,-0.11806,0.95825
602,44,698,450,-0.072696,0.95924
602,50.5,698,450,-0.011738,0.96031
602,57,698,450,0.076913,0.96124
602,63.5,698,450,0.16299,0.96147
602,70,698,450,0.28198,0.96205
602,76.5,698,450,0.44243,0.96232
602,83,698,450,0.6252,0.96421
602,89.5,698,450,0.86248,0.96544
602,96,698,450,1.1405,0.97115
602,102.5,698,450,1.5277,0.97599
602,109,698,450,1.9584,0.97819
602,115.5,698,450,2.4939,0.97531
602,122,698,450,-3.0117,0.95355
602,128.5,698,450,-3.1034,0.86131
602,135,698,450,-2.6095,0.9223
602,141.5,698,450,-2.2373,0.94973
602,148,698,450,-1.9169,0.97302
602,154.5,698,450,-1.6337,0.9838
602,161,698,450,-1.3517,0.9899
602,167.5,698,450,-1.0571,0.99274
602,174,698,450,-0.81987,0.98315
602,180.5,698,450,0.18157,0.4913
602,187,698,450,-1.2239,0.38305
602,193.5,698,450,-1.1894,0.88062
602,200,698,450,-0.73062,0.8154
653,5,698,450,-0.22443,0.95701
653,11.5,698,450,-0.22443,0.95701
653,18,698,450,-0.20548,0.95734
653,24.5,698,450,-0.1849,0.9579
653,31,698,450,-0.15267,0.95811
653,37.5,698,450,-0.1147,0.95848
653,44,698,450,-0.06578,0.95889
653,50.5,698,450,-0.0004116,0.9596
653,57,698,450,0.094654,0.96059
653,63.5,698,450,0.18718,0.96136
653,70,698,450,0.31581,0.96342
653,76.5,698,450,0.48996,0.96692
653,83,698,450,0.69014,0.97292
653,89.5,698,450,0.95114,0.97911
653,96,698,450,1.2576,0.98636
653,102.5,698,450,1.6781,0.987
653,109,698,450,2.1338,0.97814
653,115.5,698,450,2.6568,0.96859
653,122,698,450,2.8208,0.78732
653,128.5,698,450,-2.7046,0.96667
653,135,698,450,-2.2811,0.97913
653,141.5,698,450,-1.9164,0.97907
653,148,698,450,-1.6004,0.97585
653,154.5,698,450,-1.3083,0.96841
653,161,698,450,-0.95757,0.96699
653,167.5,698,450,-0.96182,0.92408
653,174,698,450,0.69714,0.12332
653,180.5,698,450,-0.68659,0.76737
653,187,698,450,-0.10764,0.53418
653,193.5,698,450,-0.50087,0.96914
653,200,698,450,-0.21409,0.94589
704,5,698,450,-0.22763,0.96022
704,11.5,698,450,-0.22763,0.96022
704,18,698,450,-0.20751,0.96029
704,24.5,698,450,-0.18547,0.96062
704,31,698,450,-0.15128,0.96092
704,37.5,698,450,-0.11087,0.9613
704,44,698,450,-0.05848,0.9619
704,50.5,698,450,0.011389,0.96329
704,57,698,450,0.11337,0.96572
704,63.5,698,450,0.21281,0.96789
704,70,698,450,0.35218,0.97229
704,76.5,698,450,0.54186,0.97888
704,83,698,450,0.76135,0.98611
704,89.5,698,450,1.0477,0.99255
704,96,698,450,1.3819,0.99335
704,102.5,698,450,1.8334,0.9863
704,109,698,450,2.3131,0.97274
704,115.5,698,450,2.8513,0.96777
704,122,698,450,-2.9706,0.9732
704,128.5,698,450,-2.4692,0.97944
704,135,698,450,-2.0467,0.975
704,141.5,698,450,-1.6792,0.96456
704,148,698,450,-1.3488,0.95292
704,154.5,698,450,-0.8589,0.8666
704,161,698,450,-0.91468,0.95557
704,167.5,698,450,-0.60586,0.95877
704,174,698,450,-0.47434,0.95393
704,180.5,698,450,-0.052893,0.95449
704,187,698,450,-0.89828,0.31849
704,193.5,698,450,0.021161,0.8814
704,200,698,450,0.29446,0.882
755,5,698,450,-0.22971,0.96215
755,11.5,698,450,-0.22971,0.96215
755,18,698,450,-0.20843,0.96239
755,24.5,698,450,-0.18498,0.96279
755,31,698,450,-0.14868,0.96358
755,37.5,698,450,-0.10567,0.96448
755,44,698,450,-0.049555,0.96584
755,50.5,698,450,0.025312,0.96835
755,57,698,450,0.13496,0.97222
755,63.5,698,450,0.24209,0.97537
755,70,698,450,0.39303,0.98069
755,76.5,698,450,0.59955,0.98679
755,83,698,450,0.83787,0.99025
755,89.5,698,450,1.1474,0.9896
755,96,698,450,1.5053,0.98464
755,102.5,698,450,1.9849,0.97426
755,109,698,450,2.4937,0.96492
755,115.5,698,450,3.104,0.95182
755,122,698,450,-2.8476,0.99294
755,128.5,698,450,-2.2816,0.97526
755,135,698,450,-1.8376,0.9623
755,141.5,698,450,-1.442,0.94548
755,148,698,450,-1.5086,0.93121
755,154.5,698,450,-0.90913,0.98375
755,161,698,450,-0.57785,0.98866
755,167.5,698,450,-0.2773,0.99084
755,174,698,450,0.0043902,0.98554
755,180.5,698,450,0.59238,0.94824
755,187,698,450,-0.048373,0.54848
755,193.5,698,450,0.47628,0.7471
755,200,698,450,0.78594,0.71671
806,5,698,450,-0.23124,0.96126
806,11.5,698,450,-0.23124,0.96126
806,18,698,450,-0.20869,0.96187
806,24.5,698,450,-0.18373,0.96268
806,31,698,450,-0.14504,0.96394
806,37.5,698,450,-0.099137,0.96543
806,44,698,450,-0.038905,0.96749
806,50.5,698,450,0.041469,0.97042
806,57,698,450,0.15919,0.97455
806,63.5,698,450,0.2742,0.97719
806,70,698,450,0.43667,0.98067
806,76.5,698,450,0.65826,0.98269
806,83,698,450,0.9126,0.98112
806,89.5,698,450,1.2424,0.97475
806,96,698,450,1.621,0.96943
806,102.5,698,450,2.1302,0.96675
806,109,698,450,2.6807,0.9693
806,115.5,698,450,-2.8749,0.91279
806,122,698,450,-2.6921,0.99167
806,128.5,698,450,-2.0695,0.97318
806,135,698,450,-1.5389,0.94958
806,141.5,698,450,-1.7695,0.81355
806,148,698,450,-0.99142,0.99215
806,154.5,698,450,-0.60776,0.98786
806,161,698,450,-0.22654,0.97398
806,167.5,698,450,0.18435,0.90221
806,174,698,450,0.39136,0.94932
806,180.5,698,450,1.3622,0.59342
806,187,698,450,0.52049,0.69592
806,193.5,698,450,1.009,0.77859
806,200,698,450,1.5614,0.6605
857,5,698,450,-0.23355,0.95831
857,11.5,698,450,-0.23355,0.95831
857,18,698,450,-0.20957,0.9591
857,24.5,698,450,-0.18282,0.9604
857,31,698,450,-0.14163,0.96176
857,37.5,698,450,-0.092629,0.96342
857,44,698,450,-0.028096,0.96548
857,50.5,698,450,0.057679,0.96798
857,57,698,450,0.18321,0.97027
857,63.5,698,450,0.3055,0.97165
857,70,698,450,0.47829,0.97216
857,76.5,698,450,0.71249,0.97047
857,83,698,450,0.98124,0.96828
857,89.5,698,450,1.3287,0.9648
857,96,698,450,1.7318,0.9672
857,102.5,698,450,2.2768,0.97209
857,109,698,450,2.8684,0.96789
857,115.5,698,450,-2.5778,0.83671
857,122,698,450,-2.478,0.96623
857,128.5,698,450,-1.7462,0.9317
857,135,698,450,-0.23376,0.088071
857,141.5,698,450,-1.2251,0.97474
857,148,698,450,-0.70142,0.98611
857,154.5,698,450,-0.26732,0.96009
857,161,698,450,0.18312,0.90641
857,167.5,698,450,0.769,0.76022
857,174,698,450,0.85846,0.87441
857,180.5,698,450,2.4686,0.0022338
857,187,698,450,1.4941,0.86873
857,193.5,698,450,2.6326,0.31186
857,200,698,450,-0.020533,0.1874
908,5,698,450,-0.23725,0.95559
908,11.5,698,450,-0.23725,0.95559
908,18,698,450,-0.21169,0.9564
908,24.5,698,450,-0.18303,0.9578
908,31,698,450,-0.13942,0.95882
908,37.5,698,450,-0.087389,0.96011
908,44,698,450,-0.018738,0.96152
908,50.5,698,450,0.072038,0.96292
908,57,698,450,0.20448,0.96362
908,63.5,698,450,0.33333,0.96378
908,70,698,450,0.51517,0.96342
908,76.5,698,450,0.76128,0.96279
908,83,698,450,1.045,0.96482
908,89.5,698,450,1.4139,0.96966
908,96,698,450,1.8462,0.98074
908,102.5,698,450,2.4296,0.9841
908,109,698,450,3.0642,0.9735
908,115.5,698,450,-2.3007,0.85353
908,122,698,450,-2.1837,0.89415
908,128.5,698,450,-1.1999,0.69189
908,135,698,450,-1.8422,0.68882
908,141.5,698,450,-0.89429,0.96644
908,148,698,450,-0.32997,0.94485
908,154.5,698,450,0.17675,0.90391
908,161,698,450,0.7329,0.84134
908,167.5,698,450,1.5562,0.81314
908,174,698,450,1.5925,0.54454
908,180.5,698,450,2.1846,0.3436
908,187,698,450,0.15141,0.0067065
908,193.5,698,450,1.7469,0.59317
908,200,698,450,1.5511,0.62185
959,5,698,450,-0.24843,0.95545
959,11.5,698,450,-0.24843,0.95545
959,18,698,450,-0.22144,0.95623
959,24.5,698,450,-0.191,0.95692
959,31,698,450,-0.14515,0.95751
959,37.5,698,450,-0.090342,0.95822
959,44,698,450,-0.017941,0.95891
959,50.5,698,450,0.077344,0.95966
959,57,698,450,0.21612,0.96033
959,63.5,698,450,0.35117,0.96088
959,70,698,450,0.54231,0.96213
959,76.5,698,450,0.80206,0.96647
959,83,698,450,1.1036,0.9746
959,89.5,698,450,1.4989,0.98511
959,96,698,450,1.9616,0.99275
959,102.5,698,450,2.5814,0.98732
959,109,698,450,-3.0377,0.97319
959,115.5,698,450,-2.0369,0.93838
959,122,698,450,-1.8102,0.78991
959,128.5,698,450,-0.43087,0.2205
959,135,698,450,-1.3378,0.78426
959,141.5,698,450,-0.47693,0.8886
959,148,698,450,0.17542,0.83375
959,154.5,698,450,0.78724,0.7424
959,161,698,450,1.4597,0.61133
959,167.5,698,450,2.6128,0.94538
959,174,698,450,2.521,0.086721
959,180.5,698,450,0.39676,0.076364
959,187,698,450,1.599,0.65646
959,193.5,698,450,2.9716,0.43232
959,200,698,450,2.3829,0.77173
1010,5,698,450,-0.2524,0.95819
1010,11.5,698,450,-0.2524,0.95819
1010,18,698,450,-0.22407,0.95819
1010,24.5,698,450,-0.19225,0.95848
1010,31,698,450,-0.14431,0.95888
1010,37.5,698,450,-0.086956,0.95929
1010,44,698,450,-0.011044,0.9598
1010,50.5,698,450,0.088655,0.96089
1010,57,698,450,0.23408,0.96286
1010,63.5,698,450,0.37596,0.96509
1010,70,698,450,0.57785,0.96976
1010,76.5,698,450,0.85362,0.97795
1010,83,698,450,1.1762,0.98749
1010,89.5,698,450,1.5981,0.9938
1010,96,698,450,2.0878,0.99034
1010,102.5,698,450,2.7367,0.97515
1010,109,698,450,-2.8509,0.97106
1010,115.5,698,450,-1.818,1.0033
1010,122,698,450,-1.4011,0.71357
1010,128.5,698,450,0.31222,0.022514
1010,135,698,450,-0.81675,0.68987
1010,141.5,698,450,0.067648,0.71673
1010,148,698,450,0.80171,0.60791
1010,154.5,698,450,1.4619,0.48559
1010,161,698,450,2.163,0.36878
1010,167.5,698,450,-2.8241,0.77026
1010,174,698,450,0.6014,0.057626
1010,180.5,698,450,1.6748,0.51244
1010,187,698,450,2.4894,0.73354
1010,193.5,698,450,2.4665,0.89815
1010,200,698,450,-2.9454,0.90628
1061,5,698,450,-0.25505,0.96115
1061,11.5,698,450,-0.25505,0.96115
1061,18,698,450,-0.22574,0.96114
1061,24.5,698,450,-0.19247,0.96135
1061,31,698,450,-0.14248,0.96186
1061,37.5,698,450,-0.082615,0.96248
1061,44,698,450,-0.0030889,0.96347
1061,50.5,698,450,0.10142,0.96562
1061,57,698,450,0.25437,0.96935
1061,63.5,698,450,0.40398,0.97308
1061,70,698,450,0.61786,0.97915
1061,76.5,698,450,0.91103,0.98637
1061,83,698,450,1.253,0.99013
1061,89.5,698,450,1.6972,0.98573
1061,96,698,450,2.2075,0.97439
1061,102.5,698,450,2.883,0.96603
1061,109,698,450,-2.6694,0.97157
1061,115.5,698,450,-1.6264,0.98118
1061,122,698,450,-0.99828,0.73717
1061,128.5,698,450,-2.0874,0.00014357
1061,135,698,450,-0.24927,0.55782
1061,141.5,698,450,0.64111,0.55031
1061,148,698,450,1.3878,0.4707
1061,154.5,698,450,2.0583,0.40996
1061,161,698,450,2.8837,0.28601
1061,167.5,698,450,-1.8461,0.2524
1061,174,698,450,2.3892,0.73683
1061,180.5,698,450,2.6056,0.51105
1061,187,698,450,-3.094,0.66403
1061,193.5,698,450,-2.6431,0.70021
1061,200,698,450,-2.1904,0.72098
1112,5,698,450,-0.25666,0.9618
1112,11.5,698,450,-0.25666,0.9618
1112,18,698,450,-0.22637,0.96276
1112,24.5,698,450,-0.19163,0.96324
1112,31,698,450,-0.13945,0.96407
1112,37.5,698,450,-0.076857,0.9652
1112,44,698,450,0.0066006,0.96692
1112,50.5,698,450,0.11647,0.96991
1112,57,698,450,0.27757,0.97423
1112,63.5,698,450,0.43524,0.97762
1112,70,698,450,0.66127,0.98194
1112,76.5,698,450,0.96981,0.98336
1112,83,698,450,1.3273,0.97968
1112,89.5,698,450,1.7889,0.97037
1112,96,698,450,2.319,0.9659
1112,102.5,698,450,3.0283,0.97206
1112,109,698,450,-2.4835,0.97373
1112,115.5,698,450,-1.4947,0.97144
1112,122,698,450,-0.63808,0.85154
1112,128.5,698,450,-1.2976,0.034956
1112,135,698,450,0.30752,0.53995
1112,141.5,698,450,1.1678,0.55674
1112,148,698,450,1.9324,0.54739
1112,154.5,698,450,2.7209,0.48831
1112,161,698,450,-2.2815,0.055572
1112,167.5,698,450,-2.9722,0.25642
1112,174,698,450,-2.6825,0.98243
1112,180.5,698,450,-2.9623,0.47542
1112,187,698,450,-2.2271,0.4211
1112,193.5,698,450,-2.1383,0.70836
1112,200,698,450,-1.6151,0.71871
1163,5,698,450,-0.25974,0.96316
1163,11.5,698,450,-0.25974,0.96316
1163,18,698,450,-0.22774,0.96378
1163,24.5,698,450,-0.19136,0.96455
1163,31,698,450,-0.13682,0.96572
1163,37.5,698,450,-0.07123,0.96719
1163,44,698,450,0.016459,0.96916
1163,50.5,698,450,0.13188,0.97191
1163,57,698,450,0.30099,0.97485
1163,63.5,698,450,0.4663,0.97639
1163,70,698,450,0.70254,0.9766
1163,76.5,698,450,1.0235,0.97357
1163,83,698,450,1.394,0.96862
1163,89.5,698,450,1.8733,0.96623
1163,96,698,450,2.4302,0.97484
1163,102.5,698,450,-3.1032,0.98383
1163,109,698,450,-2.2992,0.97347
1163,115.5,698,450,-1.3626,0.96211
1163,122,698,450,-0.33309,0.95565
1163,128.5,698,450,-0.48602,0.2738
1163,135,698,450,0.82684,0.67207
1163,141.5,698,450,1.6713,0.7265
1163,148,698,450,2.5151,0.73003
1163,154.5,698,450,-2.6306,0.3322
1163,161,698,450,2.4339,0.38225
1163,167.5,698,450,2.9908,0.57897
1163,174,698,450,-2.0724,0.90452
1163,180.5,698,450,-2.3388,0.60733
1163,187,698,450,-2.4561,0.98744
1163,193.5,698,450,-1.6069,0.87671
1163,200,698,450,-0.62302,0.53426
1214,5,698,450,-0.26235,0.96019
1214,11.5,698,450,-0.26235,0.96019
1214,18,698,450,-0.22892,0.96103
1214,24.5,698,450,-0.19077,0.96196
1214,31,698,450,-0.1338,0.96321
1214,37.5,698,450,-0.065174,0.96459
1214,44,698,450,0.02669,0.96622
1214,50.5,698,450,0.14727,0.96799
1214,57,698,450,0.32351,0.96899
1214,63.5,698,450,0.49532,0.96866
1214,70,698,450,0.7405,0.9674
1214,76.5,698,450,1.0726,0.96508
1214,83,698,450,1.4575,0.96735
1214,89.5,698,450,1.9603,0.97626
1214,96,698,450,2.5491,0.98899
1214,102.5,698,450,-2.9469,0.98704
1214,109,698,450,-2.1133,0.97037
1214,115.5,698,450,-1.1028,0.99335
1214,122,698,450,-0.10544,0.99263
1214,128.5,698,450,0.25059,0.70332
1214,135,698,450,1.2899,0.86677
1214,141.5,698,450,2.1479,0.90648
1214,148,698,450,-3.0953,0.72314
1214,154.5,698,450,2.2135,0.26738
1214,161,698,450,-3.02,0.74843
1214,167.5,698,450,-2.6599,0.94746
1214,174,698,450,-1.7317,0.86652
1214,180.5,698,450,-1.6908,0.877
1214,187,698,450,-1.6181,0.95258
1214,193.5,698,450,-0.86224,0.97071
1214,200,698,450,-1.2837,0.7048
1265,5,698,450,-0.26628,0.9579
1265,11.5,698,450,-0.26628,0.9579
1265,18,698,450,-0.23136,0.95868
1265,24.5,698,450,-0.19144,0.95953
1265,31,698,450,-0.13204,0.96053
1265,37.5,698,450,-0.060525,0.96153
1265,44,698,450,0.035251,0.96248
1265,50.5,698,450,0.16048,0.96334
1265,57,698,450,0.34307,0.96353
1265,63.5,698,450,0.52096,0.96344
1265,70,698,450,0.77475,0.96389
1265,76.5,698,450,1.1202,0.96762
1265,83,698,450,1.5242,0.97775
1265,89.5,698,450,2.0543,0.99031
1265,96,698,450,2.6749,0.9927
1265,102.5,698,450,-2.7914,0.97855
1265,109,698,450,-1.9281,0.96776
1265,115.5,698,450,-0.12999,0.37181
1265,122,698,450,0.047435,0.9837
1265,128.5,698,450,0.75114,0.92623
1265,135,698,450,1.6605,0.9736
1265,141.5,698,450,2.5512,0.96691
1265,148,698,450,1.8384,0.1248
1265,154.5,698,450,3.1185,0.81471
1265,161,698,450,-2.5468,0.91217
1265,167.5,698,450,-2.2203,0.96308
1265,174,698,450,-1.0163,0.55254
1265,180.5,698,450,-1.0663,0.99331
1265,187,698,450,-0.96462,0.91376
1265,193.5,698,450,-1.0877,0.38793
1265,200,698,450,-0.6881,0.8402
1316,5,698,450,-0.27826,0.95813
1316,11.5,698,450,-0.27826,0.95813
1316,18,698,450,-0.24191,0.95871
1316,24.5,698,450,-0.20034,0.95924
1316,31,698,450,-0.13869,0.95981
1316,37.5,698,450,-0.064478,0.96049
1316,44,698,450,0.034922,0.96104
1316,50.5,698,450,0.16453,0.96188
1316,57,698,450,0.35349,0.96318
1316,63.5,698,450,0.53789,0.96485
1316,70,698,450,0.80221,0.96949
1316,76.5,698,450,1.1641,0.97852
1316,83,698,450,1.5894,0.98913
1316,89.5,698,450,2.1472,0.99324
1316,96,698,450,2.7897,0.98134
1316,102.5,698,450,-2.6502,0.969
1316,109,698,450,-1.7514,0.96955
1316,115.5,698,450,-2.0928,0.16684
1316,122,698,450,0.14963,0.9795
1316,128.5,698,450,1.053,0.97699
1316,135,698,450,1.9192,0.99048
1316,141.5,698,450,-3.1177,0.79517
1316,148,698,450,2.9538,0.89275
1316,154.5,698,450,-2.7257,0.95696
1316,161,698,450,-2.1649,0.97764
1316,167.5,698,450,-1.8559,0.8805
1316,174,698,450,-1.3945,0.93444
1316,180.5,698,450,-0.12652,0.58547
1316,187,698,450,-1.1477,0.45655
1316,193.5,698,450,-0.036228,0.46193
1316,200,698,450,-0.20387,0.95527
1367,5,698,450,-0.28199,0.96084
1367,11.5,698,450,-0.28199,0.96084
1367,18,698,450,-0.24436,0.96118
1367,24.5,698,450,-0.20125,0.96145
1367,31,698,450,-0.13758,0.96172
1367,37.5,698,450,-0.060772,0.96233
1367,44,698,450,0.042212,0.96308
1367,50.5,698,450,0.17646,0.96466
1367,57,698,450,0.3727,0.96796
1367,63.5,698,450,0.56462,0.97185
1367,70,698,450,0.8412,0.9788
1367,76.5,698,450,1.2209,0.98743
1367,83,698,450,1.6663,0.9902
1367,89.5,698,450,2.2438,0.9814
1367,96,698,450,2.9047,0.97036
1367,102.5,698,450,-2.5054,0.97102
1367,109,698,450,-1.5634,0.97451
1367,115.5,698,450,-1.5536,0.40817
1367,122,698,450,0.21483,0.98648
1367,128.5,698,450,1.2673,0.97753
1367,135,698,450,2.115,0.97711
1367,141.5,698,450,2.6623,0.93609
1367,148,698,450,-2.9458,0.97494
1367,154.5,698,450,-2.3878,0.97079
1367,161,698,450,-1.8194,0.94054
1367,167.5,698,450,-1.5085,0.84569
1367,174,698,450,-1.109,0.9594
1367,180.5,698,450,-0.4987,0.98721
1367,187,698,450,-0.28471,0.92747
1367,193.5,698,450,-0.89184,0.27434
1367,200,698,450,0.35053,0.88406
1418,5,698,450,-0.2844,0.96375
1418,11.5,698,450,-0.2844,0.96375
1418,18,698,450,-0.24554,0.96388
1418,24.5,698,450,-0.20099,0.96424
1418,31,698,450,-0.13532,0.96472
1418,37.5,698,450,-0.055838,0.96557
1418,44,698,450,0.050944,0.96694
1418,50.5,698,450,0.19037,0.96969
1418,57,698,450,0.39472,0.97412
1418,63.5,698,450,0.59504,0.97835
1418,70,698,450,0.88408,0.98351
1418,76.5,698,450,1.2799,0.98532
1418,83,698,450,1.7402,0.97922
1418,89.5,698,450,2.3333,0.96886
1418,96,698,450,3.0154,0.97088
1418,102.5,698,450,-2.3543,0.98141
1418,109,698,450,-1.3772,0.97488
1418,115.5,698,450,-1.1647,0.45982
1418,122,698,450,0.3231,0.9839
1418,128.5,698,450,1.4559,0.97054
1418,135,698,450,2.3782,0.94915
1418,141.5,698,450,2.9761,0.98212
1418,148,698,450,-2.6628,0.96775
1418,154.5,698,450,-2.0873,0.93507
1418,161,698,450,-1.4603,0.88864
1418,167.5,698,450,-1.0319,0.8631
1418,174,698,450,-1.0182,0.99388
1418,180.5,698,450,-0.36686,0.98516
1418,187,698,450,0.28009,0.9921
1418,193.5,698,450,0.10997,0.50929
1418,200,698,450,0.8717,0.68031
1469,5,698,450,-0.28593,0.96431
1469,11.5,698,450,-0.28593,0.96431
1469,18,698,450,-0.24579,0.96463
1469,24.5,698,450,-0.19976,0.96514
1469,31,698,450,-0.13193,0.96642
1469,37.5,698,450,-0.049648,0.96758
1469,44,698,450,0.061239,0.96944
1469,50.5,698,450,0.20619,0.97244
1469,57,698,450,0.41884,0.97608
1469,63.5,698,450,0.62707,0.97843
1469,70,698,450,0.927,0.97901
1469,76.5,698,450,1.3349,0.9745
1469,83,698,450,1.8071,0.96818
1469,89.5,698,450,2.418,0.9683
1469,96,698,450,3.1313,0.9834
1469,102.5,698,450,-2.1978,0.98808
1469,109,698,450,-1.1889,0.97088
1469,115.5,698,450,-0.7011,0.53626
1469,122,698,450,0.47591,0.98254
1469,128.5,698,450,1.6888,0.96256
1469,135,698,450,2.3827,0.98979
1469,141.5,698,450,-3.0745,0.97732
1469,148,698,450,-2.3855,0.94734
1469,154.5,698,450,-1.724,0.9143
1469,161,698,450,-0.57101,0.53325
1469,167.5,698,450,-1.1324,0.80566
1469,174,698,450,-0.61059,0.96478
1469,180.5,698,450,0.10163,0.96554
1469,187,698,450,0.7837,0.94148
1469,193.5,698,450,0.71675,0.63163
1469,200,698,450,1.5576,0.65372
