500,5,674,450,-0.21859,0.95671
500,11.5,674,450,-0.21859,0.95671
500,18,674,450,-0.20335,0.95769
500,24.5,674,450,-0.18714,0.95887
500,31,674,450,-0.16035,0.9604
500,37.5,674,450,-0.12919,0.96235
500,44,674,450,-0.089499,0.96472
500,50.5,674,450,-0.034757,0.96754
500,57,674,450,0.046339,0.97096
500,63.5,674,450,0.12609,0.97336
500,70,674,450,0.23668,0.9758
500,76.5,674,450,0.38966,0.97752
500,83,674,450,0.56592,0.9781
500,89.5,674,450,0.79782,0.97546
500,96,674,450,1.0754,0.97215
500,102.5,674,450,1.4778,0.97333
500,109,674,450,1.9727,0.97873
500,115.5,674,450,2.9353,0.80733
500,122,674,450,1.7278,0.092498
500,128.5,674,450,2.7666,0.55856
500,135,674,450,-3.0066,0.65586
500,141.5,674,450,-2.6355,0.69801
500,148,674,450,-2.3298,0.73486
500,154.5,674,450,-2.0567,0.7703
500,161,674,450,-1.7207,0.7638
500,167.5,674,450,-1.7127,0.90483
500,174,674,450,-1.4497,0.88809
500,180.5,674,450,-1.1495,0.86845
500,187,674,450,-0.70864,0.70772
500,193.5,674,450,-2.7779,0.016281
500,200,674,450,-1.6147,0.64167
551,5,674,450,-0.22262,0.95444
551,11.5,674,450,-0.22262,0.95444
551,18,674,450,-0.20576,0.9553
551,24.5,674,450,-0.18762,0.95641
551,31,674,450,-0.15822,0.95749
551,37.5,674,450,-0.12382,0.95899
551,44,674,450,-0.079659,0.96066
551,50.5,674,450,-0.019385,0.96236
551,57,674,450,0.069643,0.96411
551,63.5,674,450,0.15721,0.96494
551,70,674,450,0.279,0.96593
551,76.5,674,450,0.44671,0.96611
551,83,674,450,0.64105,0.96699
551,89.5,674,450,0.89723,0.96678
551,96,674,450,1.2047,0.97001
551,102.5,674,450,1.646,0.97813
551,109,674,450,2.1665,0.9886
551,115.5,674,450,-3.0237,0.80752
551,122,674,450,2.609,0.56989
551,128.5,674,450,-2.9654,0.78705
551,135,674,450,-2.5213,0.84252
551,141.5,674,450,-2.1724,0.88184
551,148,674,450,-1.8697,0.91769
551,154.5,674,450,-1.5937,0.94321
551,161,674,450,-1.2016,0.92864
551,167.5,674,450,-1.0456,0.95461
551,174,674,450,-0.56554,0.81705
551,180.5,674,450,-2.1246,0.02996
551,187,674,450,-1.7918,0.50441
551,193.5,674,450,-1.0531,0.7258
551,200,674,450,-0.8134,0.76838
602,5,674,450,-0.23355,0.95507
602,11.5,674,450,-0.23355,0.95507
602,18,674,450,-0.21518,0.95556
602,24.5,674,450,-0.19524,0.95622
602,31,674,450,-0.16352,0.95669
602,37.5,674,450,-0.1262,0.95749
602,44,674,450,-0.078021,0.95827
602,50.5,674,450,-0.012794,0.95906
602,57,674,450,0.083416,0.96009
602,63.5,674,450,0.17811,0.96049
602,70,674,450,0.31032,0.96169
602,76.5,674,450,0.49312,0.96418
602,83,674,450,0.70655,0.96935
602,89.5,674,450,0.9891,0.97419
602,96,674,450,1.3286,0.9805
602,102.5,674,450,1.8037,0.98113
602,109,674,450,2.3301,0.97514
602,115.5,674,450,-2.1,0.1066
602,122,674,450,-3.0809,0.88976
602,128.5,674,450,-2.5552,0.938
602,135,674,450,-2.1391,0.96582
602,141.5,674,450,-1.7812,0.97982
602,148,674,450,-1.4557,0.98232
602,154.5,674,450,-1.0936,0.96544
602,161,674,450,-0.95794,0.96687
602,167.5,674,450,0.054554,0.52277
602,174,674,450,-1.2121,0.48774
602,180.5,674,450,-0.21114,0.20336
602,187,674,450,-0.82726,0.93009
602,193.5,674,450,-0.54234,0.89823
602,200,674,450,-0.34341,0.89869
653,5,674,450,-0.23766,0.95814
653,11.5,674,450,-0.23766,0.95814
653,18,674,450,-0.21802,0.95832
653,24.5,674,450,-0.19648,0.95852
653,31,674,450,-0.16268,0.95873
653,37.5,674,450,-0.12271,0.95918
653,44,674,450,-0.070835,0.95968
653,50.5,674,450,-0.00087595,0.96062
653,57,674,450,0.10252,0.9624
653,63.5,674,450,0.20457,0.96405
653,70,674,450,0.34813,0.96754
653,76.5,674,450,0.54768,0.97383
653,83,674,450,0.78276,0.98247
653,89.5,674,450,1.0941,0.98878
653,96,674,450,1.4648,0.99012
653,102.5,674,450,1.9678,0.97964
653,109,674,450,2.4955,0.9648
653,115.5,674,450,3.0314,0.9484
653,122,674,450,-2.7398,0.97076
653,128.5,674,450,-2.253,0.9846
653,135,674,450,-1.8402,0.98493
653,141.5,674,450,-1.4461,0.97396
653,148,674,450,-0.67372,0.73266
653,154.5,674,450,-1.1597,0.89267
653,161,674,450,-0.68903,0.94253
653,167.5,674,450,-0.83055,0.79054
653,174,674,450,-0.39141,0.8251
653,180.5,674,450,-0.82595,0.84131
653,187,674,450,-0.30274,0.95441
653,193.5,674,450,-0.043659,0.9565
653,200,674,450,0.16614,1.0046
704,5,674,450,-0.24035,0.96116
704,11.5,674,450,-0.24035,0.96116
704,18,674,450,-0.21957,0.96127
704,24.5,674,450,-0.1966,0.9614
704,31,674,450,-0.16069,0.96191
704,37.5,674,450,-0.11809,0.96265
704,44,674,450,-0.062425,0.9637
704,50.5,674,450,0.01261,0.96569
704,57,674,450,0.12394,0.96925
704,63.5,674,450,0.23414,0.97234
704,70,674,450,0.39037,0.97773
704,76.5,674,450,0.60843,0.9851
704,83,674,450,0.86598,0.99169
704,89.5,674,450,1.2053,0.99249
704,96,674,450,1.6035,0.98606
704,102.5,674,450,2.1342,0.97574
704,109,674,450,2.6865,0.96934
704,115.5,674,450,-3.0304,0.98227
704,122,674,450,-2.5206,0.98355
704,128.5,674,450,-2.0254,0.97268
704,135,674,450,-1.5892,0.95769
704,141.5,674,450,-1.9131,0.66904
704,148,674,450,-1.1017,0.95503
704,154.5,674,450,-0.78686,0.96555
704,161,674,450,-0.43604,0.95777
704,167.5,674,450,-0.19167,0.98962
704,174,674,450,0.36158,0.90667
704,180.5,674,450,-0.18872,0.71919
704,187,674,450,0.1885,0.81699
704,193.5,674,450,0.481,0.79737
704,200,674,450,0.9049,0.61382
755,5,674,450,-0.24231,0.96152
755,11.5,674,450,-0.24231,0.96152
755,18,674,450,-0.22026,0.96192
755,24.5,674,450,-0.1958,0.96243
755,31,674,450,-0.15754,0.96353
755,37.5,674,450,-0.11204,0.96492
755,44,674,450,-0.052195,0.96682
755,50.5,674,450,0.028498,0.96978
755,57,674,450,0.14852,0.9742
755,63.5,674,450,0.26743,0.97755
755,70,674,450,0.43694,0.98235
755,76.5,674,450,0.67256,0.98674
755,83,674,450,0.95015,0.9863
755,89.5,674,450,1.3143,0.98065
755,96,674,450,1.7371,0.97459
755,102.5,674,450,2.3035,0.96978
755,109,674,450,2.9231,0.96043
755,115.5,674,450,-2.89,0.99176
755,122,674,450,-2.3413,0.98013
755,128.5,674,450,-1.8049,0.95572
755,135,674,450,-1.8043,0.93814
755,141.5,674,450,-1.1271,0.99314
755,148,674,450,-0.76448,0.99053
755,154.5,674,450,-0.41556,0.98921
755,161,674,450,0.64318,0.51509
755,167.5,674,450,0.28506,0.95033
755,174,674,450,1.3067,0.44093
755,180.5,674,450,0.30412,0.66918
755,187,674,450,0.69735,0.7018
755,193.5,674,450,1.169,0.53373
755,200,674,450,1.9532,0.058415
806,5,674,450,-0.24459,0.9589
806,11.5,674,450,-0.24459,0.9589
806,18,674,450,-0.22111,0.9597
806,24.5,674,450,-0.19489,0.96078
806,31,674,450,-0.15404,0.96221
806,37.5,674,450,-0.10534,0.96404
806,44,674,450,-0.040974,0.96631
806,50.5,674,450,0.045668,0.96934
806,57,674,450,0.17433,0.97276
806,63.5,674,450,0.30169,0.97467
806,70,674,450,0.48311,0.97655
806,76.5,674,450,0.73441,0.97619
806,83,674,450,1.029,0.97214
806,89.5,674,450,1.4152,0.96752
806,96,674,450,1.8648,0.96949
806,102.5,674,450,2.4758,0.97125
806,109,674,450,-3.1002,0.93952
806,115.5,674,450,-2.7251,0.99402
806,122,674,450,-2.1323,0.96948
806,128.5,674,450,-1.0148,0.58422
806,135,674,450,-1.3025,0.9914
806,141.5,674,450,-0.82659,0.98411
806,148,674,450,-0.40863,0.95322
806,154.5,674,450,0.016708,0.89408
806,161,674,450,-0.59673,0.69311
806,167.5,674,450,0.77577,0.80284
806,174,674,450,2.3362,7.1651e-05
806,180.5,674,450,1.0303,0.80972
806,187,674,450,1.8263,0.62703
806,193.5,674,450,-0.47828,0.34092
806,200,674,450,1.2134,0.97071
857,5,674,450,-0.24828,0.95568
857,11.5,674,450,-0.24828,0.95568
857,18,674,450,-0.22329,0.95662
857,24.5,674,450,-0.19505,0.95784
857,31,674,450,-0.15156,0.95913
857,37.5,674,450,-0.099598,0.96081
857,44,674,450,-0.030731,0.96265
857,50.5,674,450,0.061489,0.96453
857,57,674,450,0.19816,0.96592
857,63.5,674,450,0.33302,0.96666
857,70,674,450,0.52488,0.96665
857,76.5,674,450,0.78974,0.96546
857,83,674,450,1.1012,0.96541
857,89.5,674,450,1.5122,0.96974
857,96,674,450,1.995,0.97893
857,102.5,674,450,2.652,0.97493
857,109,674,450,-2.8528,0.9162
857,115.5,674,450,-2.5081,0.96105
857,122,674,450,-1.7377,0.89673
857,128.5,674,450,-1.7502,0.91849
857,135,674,450,-1.0168,0.9771
857,141.5,674,450,-0.4861,0.93807
857,148,674,450,0.0011335,0.87463
857,154.5,674,450,0.50585,0.78287
857,161,674,450,0.23811,0.5616
857,167.5,674,450,1.4933,0.47436
857,174,674,450,1.2121,0.95679
857,180.5,674,450,0.068703,0.0051849
857,187,674,450,1.5143,0.36842
857,193.5,674,450,1.1468,0.71332
857,200,674,450,1.8888,0.78855
908,5,674,450,-0.25311,0.95462
908,11.5,674,450,-0.25311,0.95462
908,18,674,450,-0.22653,0.95531
908,24.5,674,450,-0.19634,0.95612
908,31,674,450,-0.15038,0.95698
908,37.5,674,450,-0.095365,0.95808
908,44,674,450,-0.022346,0.95913
908,50.5,674,450,0.074897,0.96003
908,57,674,450,0.21867,0.96051
908,63.5,674,450,0.36051,0.96136
908,70,674,450,0.56221,0.96226
908,76.5,674,450,0.84216,0.96539
908,83,674,450,1.1744,0.97305
908,89.5,674,450,1.6142,0.98335
908,96,674,450,2.1327,0.99077
908,102.5,674,450,2.8285,0.97448
908,109,674,450,-2.6239,0.93494
908,115.5,674,450,-2.1874,0.88573
908,122,674,450,-0.67492,0.15745
908,128.5,674,450,-1.402,0.93056
908,135,674,450,-0.66393,0.92517
908,141.5,674,450,-0.049761,0.86751
908,148,674,450,0.56299,0.78899
908,154.5,674,450,1.2415,0.6865
908,161,674,450,1.4391,0.0020864
908,167.5,674,450,2.6382,0.02582
908,174,674,450,0.30735,0.1673
908,180.5,674,450,1.5217,0.57413
908,187,674,450,2.9419,0.16954
908,193.5,674,450,2.0018,0.68941
908,200,674,450,2.5655,0.71036
959,5,674,450,-0.26519,0.95658
959,11.5,674,450,-0.26519,0.95658
959,18,674,450,-0.23711,0.95705
959,24.5,674,450,-0.20539,0.95718
959,31,674,450,-0.1572,0.9576
959,37.5,674,450,-0.099413,0.95823
959,44,674,450,-0.022585,0.95886
959,50.5,674,450,0.079385,0.95973
959,57,674,450,0.23021,0.96145
959,63.5,674,450,0.37932,0.96362
959,70,674,450,0.59291,0.96777
959,76.5,674,450,0.89026,0.9762
959,83,674,450,1.2456,0.98684
959,89.5,674,450,1.717,0.99391
959,96,674,450,2.2664,0.98806
959,102.5,674,450,2.9966,0.97254
959,109,674,450,-2.4093,0.96699
959,115.5,674,450,-1.79,0.76669
959,122,674,450,-2.6857,0.18957
959,128.5,674,450,-1.0213,0.87207
959,135,674,450,-0.19568,0.8187
959,141.5,674,450,0.56741,0.7102
959,148,674,450,1.3526,0.51434
959,154.5,674,450,2.1479,0.32978
959,161,674,450,-0.86482,0.23028
959,167.5,674,450,1.2203,0.13762
959,174,674,450,1.4113,0.57149
959,180.5,674,450,2.389,0.6464
959,187,674,450,1.701,0.46943
959,193.5,674,450,2.9555,0.88747
959,200,674,450,-2.7336,0.927
1010,5,674,450,-0.26835,0.95998
1010,11.5,674,450,-0.26835,0.95998
1010,18,674,450,-0.23919,0.95992
1010,24.5,674,450,-0.20606,0.96013
1010,31,674,450,-0.15573,0.96048
1010,37.5,674,450,-0.095293,0.96114
1010,44,674,450,-0.014685,0.96208
1010,50.5,674,450,0.092291,0.96392
1010,57,674,450,0.25103,0.96756
1010,63.5,674,450,0.4085,0.97152
1010,70,674,450,0.63527,0.97798
1010,76.5,674,450,0.95239,0.98664
1010,83,674,450,1.331,0.99185
1010,89.5,674,450,1.8284,0.98694
1010,96,674,450,2.4025,0.97629
1010,102.5,674,450,-3.1151,0.97186
1010,109,674,450,-2.1987,0.99899
1010,115.5,674,450,-1.3548,0.66451
1010,122,674,450,-2.0197,0.37463
1010,128.5,674,450,-0.53096,0.749
1010,135,674,450,0.40959,0.63447
1010,141.5,674,450,1.2762,0.44436
1010,148,674,450,2.1043,0.24927
1010,154.5,674,450,3.0216,0.080925
1010,161,674,450,0.63246,0.57453
1010,167.5,674,450,-3.0148,0.22186
1010,174,674,450,2.2958,0.53659
1010,180.5,674,450,3.0513,0.65824
1010,187,674,450,-2.8657,0.76054
1010,193.5,674,450,-2.3659,0.7818
1010,200,674,450,-1.3885,0.91176
1061,5,674,450,-0.2704,0.96171
1061,11.5,674,450,-0.2704,0.96171
1061,18,674,450,-0.24004,0.96211
1061,24.5,674,450,-0.2054,0.96247
1061,31,674,450,-0.15288,0.96319
1061,37.5,674,450,-0.089626,0.96432
1061,44,674,450,-0.0049507,0.966
1061,50.5,674,450,0.10761,0.96889
1061,57,674,450,0.27517,0.97359
1061,63.5,674,450,0.44158,0.97763
1061,70,674,450,0.68178,0.98257
1061,76.5,674,450,1.0169,0.98537
1061,83,674,450,1.4142,0.98172
1061,89.5,674,450,1.9323,0.9722
1061,96,674,450,2.5309,0.9697
1061,102.5,674,450,-2.9457,0.9755
1061,109,674,450,-2.0148,0.96284
1061,115.5,674,450,-0.95128,0.69375
1061,122,674,450,-1.4048,0.37741
1061,128.5,674,450,0.022487,0.62378
1061,135,674,450,1.0121,0.49925
1061,141.5,674,450,1.9073,0.33886
1061,148,674,450,2.9168,0.11745
1061,154.5,674,450,1.1259,0.074432
1061,161,674,450,2.3449,0.76853
1061,167.5,674,450,-1.8346,0.29592
1061,174,674,450,3.0584,0.44853
1061,180.5,674,450,-2.9964,0.56607
1061,187,674,450,-2.2468,0.68694
1061,193.5,674,450,-1.7,0.73556
1061,200,674,450,1.1534,0.095074
1112,5,674,450,-0.27259,0.96009
1112,11.5,674,450,-0.27259,0.96009
1112,18,674,450,-0.24065,0.96149
1112,24.5,674,450,-0.20433,0.9622
1112,31,674,450,-0.1494,0.96341
1112,37.5,674,450,-0.083087,0.96501
1112,44,674,450,0.0060175,0.96717
1112,50.5,674,450,0.12451,0.9702
1112,57,674,450,0.3009,0.97387
1112,63.5,674,450,0.47587,0.97592
1112,70,674,450,0.72795,0.97736
1112,76.5,674,450,1.0776,0.97386
1112,83,674,450,1.4898,0.9688
1112,89.5,674,450,2.0293,0.96726
1112,96,674,450,2.6603,0.97789
1112,102.5,674,450,-2.7732,0.97795
1112,109,674,450,-1.8448,0.95179
1112,115.5,674,450,-0.58836,0.81304
1112,122,674,450,-0.79602,0.40782
1112,128.5,674,450,0.54737,0.60441
1112,135,674,450,1.5508,0.54172
1112,141.5,674,450,2.6202,0.3253
1112,148,674,450,1.0391,0.031562
1112,154.5,674,450,2.4228,0.63257
1112,161,674,450,-3.0412,0.83455
1112,167.5,674,450,-1.1475,0.18684
1112,174,674,450,-2.5462,0.51205
1112,180.5,674,450,-2.2571,0.84185
1112,187,674,450,-1.7124,0.82265
1112,193.5,674,450,-0.8778,0.69594
1112,200,674,450,-1.8695,0.78278
1163,5,674,450,-0.27646,0.96019
1163,11.5,674,450,-0.27646,0.96019
1163,18,674,450,-0.24317,0.96097
1163,24.5,674,450,-0.20505,0.96191
1163,31,674,450,-0.14747,0.96329
1163,37.5,674,450,-0.077916,0.96494
1163,44,674,450,0.015682,0.9668
1163,50.5,674,450,0.13986,0.96879
1163,57,674,450,0.3242,0.97023
1163,63.5,674,450,0.50651,0.9701
1163,70,674,450,0.76856,0.96921
1163,76.5,674,450,1.131,0.96682
1163,83,674,450,1.5608,0.96888
1163,89.5,674,450,2.1282,0.9792
1163,96,674,450,2.7969,0.98845
1163,102.5,674,450,-2.6016,0.97697
1163,109,674,450,-1.6628,0.96712
1163,115.5,674,450,-0.28105,0.91742
1163,122,674,450,-0.20048,0.57334
1163,128.5,674,450,1.0168,0.72423
1163,135,674,450,2.0939,0.68577
1163,141.5,674,450,-2.5286,0.032924
1163,148,674,450,2.3611,0.56167
1163,154.5,674,450,-3.1207,0.76683
1163,161,674,450,-2.5792,0.87776
1163,167.5,674,450,3.0106,0.066694
1163,174,674,450,-1.8787,0.76236
1163,180.5,674,450,-1.6152,0.97024
1163,187,674,450,-0.97007,0.91564
1163,193.5,674,450,-1.5333,0.55056
1163,200,674,450,-0.8402,0.81262
1214,5,674,450,-0.28079,0.95753
1214,11.5,674,450,-0.28079,0.95753
1214,18,674,450,-0.24594,0.95839
1214,24.5,674,450,-0.20596,0.95924
1214,31,674,450,-0.1458,0.96038
1214,37.5,674,450,-0.073152,0.96171
1214,44,674,450,0.024683,0.96291
1214,50.5,674,450,0.15394,0.96381
1214,57,674,450,0.34532,0.96417
1214,63.5,674,450,0.53417,0.96399
1214,70,674,450,0.80609,0.96467
1214,76.5,674,450,1.1838,0.96889
1214,83,674,450,1.6356,0.97944
1214,89.5,674,450,2.2352,0.99151
1214,96,674,450,2.9369,0.98861
1214,102.5,674,450,-2.4296,0.97575
1214,109,674,450,-1.4291,0.98346
1214,115.5,674,450,-0.045928,0.95136
1214,122,674,450,0.31853,0.79878
1214,128.5,674,450,1.4423,0.89295
1214,135,674,450,2.7369,0.66731
1214,141.5,674,450,2.1105,0.49958
1214,148,674,450,3.0139,0.7775
1214,154.5,674,450,-2.6901,0.85069
1214,161,674,450,-2.2298,0.94555
1214,167.5,674,450,-1.856,0.97726
1214,174,674,450,-1.1781,0.96865
1214,180.5,674,450,-0.86709,0.97265
1214,187,674,450,-1.2567,0.39429
1214,193.5,674,450,-0.80381,0.81624
1214,200,674,450,-0.35177,0.82911
1265,5,674,450,-0.28568,0.95767
1265,11.5,674,450,-0.28568,0.95767
1265,18,674,450,-0.24936,0.95831
1265,24.5,674,450,-0.2076,0.95889
1265,31,674,450,-0.14505,0.95949
1265,37.5,674,450,-0.069495,0.96038
1265,44,674,450,0.03224,0.96111
1265,50.5,674,450,0.16623,0.96185
1265,57,674,450,0.36456,0.96315
1265,63.5,674,450,0.56073,0.96487
1265,70,674,450,0.84426,0.97008
1265,76.5,674,450,1.2405,0.98013
1265,83,674,450,1.717,0.99131
1265,89.5,674,450,2.3475,0.99198
1265,96,674,450,3.0729,0.97941
1265,102.5,674,450,-2.2569,0.9748
1265,109,674,450,-1.1684,0.93731
1265,115.5,674,450,0.21811,0.91882
1265,122,674,450,0.71306,0.94232
1265,128.5,674,450,1.7943,0.97681
1265,135,674,450,1.3781,0.15235
1265,141.5,674,450,2.7881,0.8343
1265,148,674,450,-2.8493,0.92091
1265,154.5,674,450,-2.3028,0.96959
1265,161,674,450,-1.8562,0.96035
1265,167.5,674,450,-1.3766,0.95532
1265,174,674,450,-1.2118,0.91041
1265,180.5,674,450,-1.1591,0.49247
1265,187,674,450,0.10169,0.17654
1265,193.5,674,450,-0.33435,0.93982
1265,200,674,450,0.0971,0.94551
1316,5,674,450,-0.29818,0.96045
1316,11.5,674,450,-0.29818,0.96045
1316,18,674,450,-0.26047,0.96077
1316,24.5,674,450,-0.21712,0.9611
1316,31,674,450,-0.15243,0.96139
1316,37.5,674,450,-0.074106,0.96211
1316,44,674,450,0.031438,0.96298
1316,50.5,674,450,0.17038,0.9646
1316,57,674,450,0.3765,0.96808
1316,63.5,674,450,0.58111,0.97226
1316,70,674,450,0.87829,0.97977
1316,76.5,674,450,1.2949,0.98841
1316,83,674,450,1.7942,0.99023
1316,89.5,674,450,2.4464,0.97885
1316,96,674,450,-3.089,0.97156
1316,102.5,674,450,-2.0931,0.97337
1316,109,674,450,-0.94853,0.89881
1316,115.5,674,450,-0.035968,0.9678
1316,122,674,450,0.97795,0.98643
1316,128.5,674,450,2.0836,0.9892
1316,135,674,450,2.4498,0.88219
1316,141.5,674,450,-3.1036,0.9601
1316,148,674,450,-2.4866,0.98245
1316,154.5,674,450,-1.9142,0.95779
1316,161,674,450,-1.4201,0.8411
1316,167.5,674,450,-0.41835,0.0014891
1316,174,674,450,-0.55323,0.96719
1316,180.5,674,450,-0.34476,0.87972
1316,187,674,450,-0.71725,0.65155
1316,193.5,674,450,0.18778,0.92273
1316,200,674,450,0.72478,0.86521
1367,5,674,450,-0.30075,0.96348
1367,11.5,674,450,-0.30075,0.96348
1367,18,674,450,-0.26177,0.9637
1367,24.5,674,450,-0.21689,0.96395
1367,31,674,450,-0.15011,0.96451
1367,37.5,674,450,-0.069022,0.96541
1367,44,674,450,0.040533,0.9669
1367,50.5,674,450,0.18506,0.96975
1367,57,674,450,0.40008,0.97429
1367,63.5,674,450,0.6138,0.97878
1367,70,674,450,0.92487,0.98426
1367,76.5,674,450,1.3592,0.98524
1367,83,674,450,1.8747,0.97849
1367,89.5,674,450,2.546,0.9698
1367,96,674,450,-2.9589,0.97783
1367,102.5,674,450,-1.9209,0.97439
1367,109,674,450,-0.71736,0.93174
1367,115.5,674,450,0.15319,0.98272
1367,122,674,450,1.1721,0.98215
1367,128.5,674,450,1.6877,0.73183
1367,135,674,450,2.8104,0.97341
1367,141.5,674,450,-2.7783,0.97609
1367,148,674,450,-2.1469,0.92729
1367,154.5,674,450,-1.4793,0.79907
1367,161,674,450,-2.4026,0.36518
1367,167.5,674,450,-0.95313,0.9915
1367,174,674,450,-0.60782,1.0088
1367,180.5,674,450,0.343,0.97313
1367,187,674,450,0.032841,0.59704
1367,193.5,674,450,0.74949,0.69571
1367,200,674,450,1.2751,0.57398
1418,5,674,450,-0.30243,0.96423
1418,11.5,674,450,-0.30243,0.96423
1418,18,674,450,-0.26226,0.9645
1418,24.5,674,450,-0.21575,0.96502
1418,31,674,450,-0.14663,0.96617
1418,37.5,674,450,-0.062618,0.96744
1418,44,674,450,0.051282,0.96942
1418,50.5,674,450,0.20169,0.97251
1418,57,674,450,0.42576,0.97621
1418,63.5,674,450,0.6482,0.97858
1418,70,674,450,0.97106,0.97888
1418,76.5,674,450,1.4189,0.97393
1418,83,674,450,1.9486,0.96865
1418,89.5,674,450,2.6439,0.97374
1418,96,674,450,-2.8229,0.98853
1418,102.5,674,450,-1.7467,0.97576
1418,109,674,450,-0.50087,0.98444
1418,115.5,674,450,0.2819,0.98862
1418,122,674,450,1.3391,0.97235
1418,128.5,674,450,2.2578,0.98455
1418,135,674,450,3.0804,0.97852
1418,141.5,674,450,-2.481,0.92926
1418,148,674,450,-1.7504,0.83245
1418,154.5,674,450,-2.2526,0.53097
1418,161,674,450,-0.81216,0.8769
1418,167.5,674,450,-0.55627,0.96649
1418,174,674,450,-0.032217,0.9673
1418,180.5,674,450,1.0774,0.77214
1418,187,674,450,0.62014,0.61374
1418,193.5,674,450,1.5744,0.4797
1418,200,674,450,1.2005,0.98513
1469,5,674,450,-0.30478,0.96194
1469,11.5,674,450,-0.30478,0.96194
1469,18,674,450,-0.26321,0.96239
1469,24.5,674,450,-0.21502,0.96326
1469,31,674,450,-0.14318,0.96487
1469,37.5,674,450,-0.056078,0.96641
1469,44,674,450,0.062284,0.96831
1469,50.5,674,450,0.21846,0.9705
1469,57,674,450,0.4506,0.97185
1469,63.5,674,450,0.68028,0.9716
1469,70,674,450,1.0128,0.96935
1469,76.5,674,450,1.4727,0.96638
1469,83,674,450,2.0207,0.97223
1469,89.5,674,450,2.7476,0.98768
1469,96,674,450,-2.6834,0.98977
1469,102.5,674,450,-1.5745,0.97547
1469,109,674,450,-0.27978,0.97793
1469,115.5,674,450,0.44565,0.9858
1469,122,674,450,1.6229,0.94229
1469,128.5,674,450,2.4707,0.99329
1469,135,674,450,-2.9338,0.95065
1469,141.5,674,450,-2.1,0.87612
1469,148,674,450,-2.9163,0.10617
1469,154.5,674,450,-1.2712,0.89272
1469,161,674,450,-0.22132,0.77089
1469,167.5,674,450,0.005391,0.82006
1469,174,674,450,0.39319,0.94058
1469,180.5,674,450,1.9295,0.27121
1469,187,674,450,1.7845,0.71913
1469,193.5,674,450,-0.38337,0.016085
1469,200,674,450,1.8349,0.88825
