500,5,620,450,-0.25028,0.9528
500,11.5,620,450,-0.25028,0.9528
500,18,620,450,-0.2334,0.95367
500,24.5,620,450,-0.21516,0.95455
500,31,620,450,-0.18462,0.95523
500,37.5,620,450,-0.1485,0.95604
500,44,620,450,-0.10169,0.95694
500,50.5,620,450,-0.035585,0.95643
500,57,620,450,0.065744,0.95301
500,63.5,620,450,0.16869,0.94665
500,70,620,450,0.31563,0.93733
500,76.5,620,450,0.53073,0.91847
500,83,620,450,0.80225,0.89524
500,89.5,620,450,1.1935,0.87147
500,96,620,450,1.7441,0.84017
500,102.5,620,450,2.6478,0.3459
500,109,620,450,2.7465,0.30832
500,115.5,620,450,-2.965,0.40224
500,122,620,450,-2.5465,0.47407
500,128.5,620,450,-2.1401,0.57125
500,135,620,450,-1.8113,0.63441
500,141.5,620,450,-1.5311,0.6598
500,148,620,450,-1.2823,0.61301
500,154.5,620,450,-1.1114,0.48873
500,161,620,450,-1.0781,0.42466
500,167.5,620,450,-1.0616,0.41815
500,174,620,450,-1.0444,0.53451
500,180.5,620,450,-0.85489,0.64695
500,187,620,450,-0.70448,0.6734
500,193.5,620,450,-0.53686,0.66566
500,200,620,450,-0.35594,0.62552
551,5,620,450,-0.25627,0.95401
551,11.5,620,450,-0.25627,0.95401
551,18,620,450,-0.23776,0.9545
551,24.5,620,450,-0.21757,0.95483
551,31,620,450,-0.18437,0.95482
551,37.5,620,450,-0.14483,0.95486
551,44,620,450,-0.093197,0.95479
551,50.5,620,450,-0.020989,0.95321
551,57,620,450,0.089608,0.94872
551,63.5,620,450,0.20221,0.94203
551,70,620,450,0.36379,0.93237
551,76.5,620,450,0.60086,0.91586
551,83,620,450,0.90158,0.8968
551,89.5,620,450,1.3283,0.87803
551,96,620,450,1.8983,0.85892
551,102.5,620,450,2.647,0.36725
551,109,620,450,3.0112,0.59109
551,115.5,620,450,-2.6384,0.70494
551,122,620,450,-2.1691,0.7615
551,128.5,620,450,-1.7559,0.76722
551,135,620,450,-1.4415,0.72782
551,141.5,620,450,-1.1774,0.69715
551,148,620,450,-0.86442,0.5414
551,154.5,620,450,-0.96024,0.32373
551,161,620,450,-0.9717,0.42082
551,167.5,620,450,-0.96328,0.62073
551,174,620,450,-0.72668,0.80511
551,180.5,620,450,-0.48239,0.84216
551,187,620,450,-0.3088,0.84119
551,193.5,620,450,-0.11895,0.80126
551,200,620,450,0.039507,0.67232
602,5,620,450,-0.2688,0.95808
602,11.5,620,450,-0.2688,0.95808
602,18,620,450,-0.24891,0.95814
602,24.5,620,450,-0.22706,0.95816
602,31,620,450,-0.19148,0.95785
602,37.5,620,450,-0.14887,0.95745
602,44,620,450,-0.092829,0.95701
602,50.5,620,450,-0.014823,0.95548
602,57,620,450,0.10499,0.95187
602,63.5,620,450,0.22733,0.94628
602,70,620,450,0.40447,0.93924
602,76.5,620,450,0.66521,0.92635
602,83,620,450,0.99676,0.90972
602,89.5,620,450,1.4579,0.89182
602,96,620,450,2.0295,0.87205
602,102.5,620,450,2.6542,0.68286
602,109,620,450,-2.9523,0.8372
602,115.5,620,450,-2.3154,0.83647
602,122,620,450,-1.8779,0.77493
602,128.5,620,450,-1.5546,0.71865
602,135,620,450,-1.2862,0.72709
602,141.5,620,450,-1.0125,0.72728
602,148,620,450,-0.72976,0.47702
602,154.5,620,450,-0.76858,0.52206
602,161,620,450,-0.72052,0.56235
602,167.5,620,450,-0.54699,0.84548
602,174,620,450,-0.30076,0.93618
602,180.5,620,450,-0.050651,0.94807
602,187,620,450,0.13315,0.93673
602,193.5,620,450,0.32174,0.93701
602,200,620,450,0.533,0.91927
653,5,620,450,-0.27144,0.96107
653,11.5,620,450,-0.27144,0.96107
653,18,620,450,-0.25025,0.96106
653,24.5,620,450,-0.22681,0.96128
653,31,620,450,-0.18882,0.96135
653,37.5,620,450,-0.14316,0.96127
653,44,620,450,-0.08264,0.96139
653,50.5,620,450,0.0015595,0.96096
653,57,620,450,0.13141,0.95907
653,63.5,620,450,0.26455,0.95506
653,70,620,450,0.45872,0.94968
653,76.5,620,450,0.74511,0.93729
653,83,620,450,1.1078,0.91771
653,89.5,620,450,1.6031,0.89508
653,96,620,450,2.1813,0.87401
653,102.5,620,450,2.9058,0.86916
653,109,620,450,-2.7197,0.86898
653,115.5,620,450,-2.126,0.78994
653,122,620,450,-1.7584,0.729
653,128.5,620,450,-1.429,0.80326
653,135,620,450,-1.0975,0.8298
653,141.5,620,450,-0.80217,0.81293
653,148,620,450,-0.44276,0.72507
653,154.5,620,450,-0.26954,0.49354
653,161,620,450,-0.33148,0.50339
653,167.5,620,450,-0.090264,0.69978
653,174,620,450,0.16753,0.68242
653,180.5,620,450,0.34935,0.58212
653,187,620,450,0.4187,0.69723
653,193.5,620,450,0.66635,0.83234
653,200,620,450,0.92792,0.86763
704,5,620,450,-0.27388,0.96002
704,11.5,620,450,-0.27388,0.96002
704,18,620,450,-0.25128,0.96042
704,24.5,620,450,-0.226,0.96113
704,31,620,450,-0.18529,0.96186
704,37.5,620,450,-0.13626,0.96248
704,44,620,450,-0.070796,0.96348
704,50.5,620,450,0.020249,0.96395
704,57,620,450,0.16102,0.96266
704,63.5,620,450,0.30543,0.95849
704,70,620,450,0.51688,0.95157
704,76.5,620,450,0.82786,0.93454
704,83,620,450,1.2191,0.90984
704,89.5,620,450,1.7478,0.88318
704,96,620,450,2.3654,0.85352
704,102.5,620,450,3.0515,0.85311
704,109,620,450,-2.5743,0.83935
704,115.5,620,450,-2.035,0.8009
704,122,620,450,-1.6035,0.86969
704,128.5,620,450,-1.161,0.81971
704,135,620,450,-0.80844,0.71987
704,141.5,620,450,-0.55373,0.63919
704,148,620,450,-0.086,0.55522
704,154.5,620,450,0.0050545,0.32676
704,161,620,450,-0.00034058,0.42726
704,167.5,620,450,0.31711,0.46322
704,174,620,450,0.46966,0.37237
704,180.5,620,450,0.42402,0.51879
704,187,620,450,0.72556,0.82647
704,193.5,620,450,1.0719,0.94013
704,200,620,450,1.3547,0.95143
755,5,620,450,-0.2782,0.95611
755,11.5,620,450,-0.2782,0.95611
755,18,620,450,-0.25401,0.95692
755,24.5,620,450,-0.22663,0.95793
755,31,620,450,-0.18293,0.95891
755,37.5,620,450,-0.13021,0.95989
755,44,620,450,-0.059457,0.96115
755,50.5,620,450,0.038612,0.9613
755,57,620,450,0.19001,0.95865
755,63.5,620,450,0.34508,0.95267
755,70,620,450,0.57199,0.94237
755,76.5,620,450,0.90494,0.92188
755,83,620,450,1.3219,0.89787
755,89.5,620,450,1.8878,0.87297
755,96,620,450,2.5793,0.80833
755,102.5,620,450,-3.1134,0.83273
755,109,620,450,-2.4445,0.81654
755,115.5,620,450,-1.8213,0.85883
755,122,620,450,-1.3519,0.75966
755,128.5,620,450,-0.9214,0.60971
755,135,620,450,-0.5843,0.49946
755,141.5,620,450,-0.36312,0.45291
755,148,620,450,0.11508,0.34988
755,154.5,620,450,0.17848,0.27763
755,161,620,450,0.54625,0.37165
755,167.5,620,450,0.81631,0.21655
755,174,620,450,0.68305,0.19625
755,180.5,620,450,0.86334,0.59036
755,187,620,450,1.2937,0.74674
755,193.5,620,450,1.6691,0.76475
755,200,620,450,1.9478,0.68625
806,5,620,450,-0.28435,0.95328
806,11.5,620,450,-0.28435,0.95328
806,18,620,450,-0.25841,0.95413
806,24.5,620,450,-0.22892,0.95492
806,31,620,450,-0.18226,0.95552
806,37.5,620,450,-0.12585,0.9562
806,44,620,450,-0.04994,0.95688
806,50.5,620,450,0.054639,0.95596
806,57,620,450,0.21564,0.95162
806,63.5,620,450,0.38032,0.94437
806,70,620,450,0.62141,0.93387
806,76.5,620,450,0.97443,0.91523
806,83,620,450,1.4205,0.89646
806,89.5,620,450,2.0286,0.87743
806,96,620,450,2.806,0.76894
806,102.5,620,450,-2.9474,0.80311
806,109,620,450,-2.251,0.68783
806,115.5,620,450,-1.6291,0.67915
806,122,620,450,-1.1604,0.60254
806,128.5,620,450,-0.68661,0.45232
806,135,620,450,-0.26186,0.34081
806,141.5,620,450,0.13073,0.20539
806,148,620,450,0.17729,0.1798
806,154.5,620,450,0.42822,0.20581
806,161,620,450,0.90943,0.1566
806,167.5,620,450,1.1022,0.12336
806,174,620,450,1.0231,0.16202
806,180.5,620,450,1.5207,0.41351
806,187,620,450,1.94,0.41606
806,193.5,620,450,2.1757,0.31802
806,200,620,450,2.2301,0.4721
857,5,620,450,-0.29072,0.95423
857,11.5,620,450,-0.29072,0.95423
857,18,620,450,-0.26306,0.95481
857,24.5,620,450,-0.23173,0.95513
857,31,620,450,-0.18244,0.95512
857,37.5,620,450,-0.12262,0.95517
857,44,620,450,-0.041972,0.95511
857,50.5,620,450,0.068589,0.95345
857,57,620,450,0.23854,0.94918
857,63.5,620,450,0.41262,0.94244
857,70,620,450,0.6687,0.93518
857,76.5,620,450,1.0458,0.92308
857,83,620,450,1.5244,0.90841
857,89.5,620,450,2.1769,0.8869
857,96,620,450,3.033,0.76147
857,102.5,620,450,-2.6844,0.71717
857,109,620,450,-2.177,0.53045
857,115.5,620,450,-1.4434,0.56216
857,122,620,450,-0.88195,0.48966
857,128.5,620,450,-0.19027,0.28533
857,135,620,450,0.47938,0.072436
857,141.5,620,450,-0.94255,0.025761
857,148,620,450,0.13477,0.16039
857,154.5,620,450,0.66956,0.23509
857,161,620,450,1.4699,0.17565
857,167.5,620,450,1.8317,0.10726
857,174,620,450,1.7906,0.17637
857,180.5,620,450,2.4256,0.30963
857,187,620,450,2.8574,0.23168
857,193.5,620,450,2.6684,0.17146
857,200,620,450,2.7156,0.28644
908,5,620,450,-0.2953,0.95805
908,11.5,620,450,-0.2953,0.95805
908,18,620,450,-0.26623,0.95828
908,24.5,620,450,-0.23325,0.9584
908,31,620,450,-0.18157,0.95813
908,37.5,620,450,-0.11863,0.95787
908,44,620,450,-0.033501,0.95765
908,50.5,620,450,0.082971,0.95653
908,57,620,450,0.26248,0.95402
908,63.5,620,450,0.44697,0.94966
908,70,620,450,0.71991,0.94517
908,76.5,620,450,1.1241,0.93516
908,83,620,450,1.6369,0.91654
908,89.5,620,450,2.3323,0.88543
908,96,620,450,-3.0321,0.78536
908,102.5,620,450,-2.2983,0.51652
908,109,620,450,-2.0024,0.48667
908,115.5,620,450,-1.109,0.4689
908,122,620,450,-0.28501,0.29842
908,128.5,620,450,0.75448,0.025464
908,135,620,450,-0.81722,0.018498
908,141.5,620,450,-0.24356,0.067216
908,148,620,450,0.8204,0.1269
908,154.5,620,450,1.4634,0.17974
908,161,620,450,2.299,0.21986
908,167.5,620,450,2.7013,0.21228
908,174,620,450,-3.1249,0.37614
908,180.5,620,450,-2.4161,0.3411
908,187,620,450,-1.7432,0.099681
908,193.5,620,450,3.0774,0.027205
908,200,620,450,-3.0897,0.31414
959,5,620,450,-0.30768,0.96099
959,11.5,620,450,-0.30768,0.96099
959,18,620,450,-0.27735,0.9609
959,24.5,620,450,-0.24258,0.96143
959,31,620,450,-0.18845,0.96157
959,37.5,620,450,-0.12238,0.9616
959,44,620,450,-0.032625,0.96195
959,50.5,620,450,0.090298,0.96197
959,57,620,450,0.28051,0.96086
959,63.5,620,450,0.47657,0.95745
959,70,620,450,0.76765,0.95208
959,76.5,620,450,1.1976,0.93635
959,83,620,450,1.7397,0.9084
959,89.5,620,450,2.4698,0.87379
959,96,620,450,-2.8465,0.81284
959,102.5,620,450,-1.8984,0.29516
959,109,620,450,-1.6724,0.4294
959,115.5,620,450,-0.48428,0.30082
959,122,620,450,0.67581,0.037652
959,128.5,620,450,-0.84482,0.0092715
959,135,620,450,0.353,0.040473
959,141.5,620,450,1.4364,0.07502
959,148,620,450,2.5024,0.12669
959,154.5,620,450,2.6605,0.089775
959,161,620,450,-3.0333,0.29681
959,167.5,620,450,-2.6129,0.38517
959,174,620,450,-2.1036,0.42993
959,180.5,620,450,-1.3829,0.30391
959,187,620,450,-0.75362,0.021356
959,193.5,620,450,-2.7353,0.11018
959,200,620,450,-2.0656,0.26465
1010,5,620,450,-0.31006,0.96009
1010,11.5,620,450,-0.31006,0.96009
1010,18,620,450,-0.27822,0.96073
1010,24.5,620,450,-0.24154,0.96124
1010,31,620,450,-0.18467,0.96201
1010,37.5,620,450,-0.11521,0.9626
1010,44,620,450,-0.020443,0.96358
1010,50.5,620,450,0.10946,0.96406
1010,57,620,450,0.31072,0.96237
1010,63.5,620,450,0.51807,0.95717
1010,70,620,450,0.82562,0.94765
1010,76.5,620,450,1.2772,0.92526
1010,83,620,450,1.844,0.89621
1010,89.5,620,450,2.6084,0.87013
1010,96,620,450,-2.6857,0.83321
1010,102.5,620,450,-1.5247,0.21451
1010,109,620,450,-1.1463,0.34574
1010,115.5,620,450,0.38292,0.11263
1010,122,620,450,-0.087083,0.0023512
1010,128.5,620,450,0.80661,0.042865
1010,135,620,450,1.9478,0.13697
1010,141.5,620,450,2.7075,0.2189
1010,148,620,450,-2.6438,0.28444
1010,154.5,620,450,-2.6626,0.097306
1010,161,620,450,-2.4457,0.27637
1010,167.5,620,450,-2.0469,0.50876
1010,174,620,450,-1.5636,0.47284
1010,180.5,620,450,-0.99205,0.15717
1010,187,620,450,-1.7778,0.17509
1010,193.5,620,450,-1.3198,0.40907
1010,200,620,450,-0.84756,0.23502
1061,5,620,450,-0.31388,0.95665
1061,11.5,620,450,-0.31388,0.95665
1061,18,620,450,-0.28044,0.95723
1061,24.5,620,450,-0.24179,0.9581
1061,31,620,450,-0.18192,0.95903
1061,37.5,620,450,-0.10882,0.95984
1061,44,620,450,-0.0088487,0.96087
1061,50.5,620,450,0.12793,0.96059
1061,57,620,450,0.33938,0.95672
1061,63.5,620,450,0.55662,0.94936
1061,70,620,450,0.87792,0.93693
1061,76.5,620,450,1.3487,0.91568
1061,83,620,450,1.9429,0.89679
1061,89.5,620,450,2.7495,0.88136
1061,96,620,450,-2.5382,0.84185
1061,102.5,620,450,-1.1438,0.22017
1061,109,620,450,-0.55812,0.29085
1061,115.5,620,450,0.93357,0.053954
1061,122,620,450,0.88142,0.04664
1061,128.5,620,450,2.001,0.19298
1061,135,620,450,2.8252,0.29819
1061,141.5,620,450,-3.1035,0.30491
1061,148,620,450,-2.2819,0.41312
1061,154.5,620,450,-2.3377,0.26171
1061,161,620,450,-2.0177,0.54325
1061,167.5,620,450,-1.5157,0.64814
1061,174,620,450,-1.2029,0.44364
1061,180.5,620,450,-1.1127,0.49679
1061,187,620,450,-0.77742,0.62553
1061,193.5,620,450,-0.27895,0.52742
1061,200,620,450,-0.15053,0.18448
1112,5,620,450,-0.31983,0.95432
1112,11.5,620,450,-0.31983,0.95432
1112,18,620,450,-0.28484,0.95423
1112,24.5,620,450,-0.24413,0.95515
1112,31,620,450,-0.18135,0.95567
1112,37.5,620,450,-0.10463,0.9562
1112,44,620,450,0.00036748,0.95666
1112,50.5,620,450,0.1434,0.95534
1112,57,620,450,0.36387,0.95022
1112,63.5,620,450,0.58995,0.94242
1112,70,620,450,0.92505,0.93296
1112,76.5,620,450,1.4179,0.92023
1112,83,620,450,2.0463,0.9092
1112,89.5,620,450,2.8982,0.89111
1112,96,620,450,-2.3776,0.85166
1112,102.5,620,450,-0.85476,0.24001
1112,109,620,450,-0.080225,0.33847
1112,115.5,620,450,1.0946,0.11217
1112,122,620,450,1.7115,0.18271
1112,128.5,620,450,2.5777,0.33552
1112,135,620,450,-3.1085,0.42047
1112,141.5,620,450,-2.8497,0.57013
1112,148,620,450,-2.1424,0.6528
1112,154.5,620,450,-1.8011,0.71665
1112,161,620,450,-1.3437,0.69004
1112,167.5,620,450,-1.0368,0.47056
1112,174,620,450,-1.0308,0.4443
1112,180.5,620,450,-0.64076,0.72484
1112,187,620,450,-0.2597,0.73122
1112,193.5,620,450,0.16153,0.41596
1112,200,620,450,0.24596,0.32611
1163,5,620,450,-0.32725,0.95753
1163,11.5,620,450,-0.32725,0.95753
1163,18,620,450,-0.29055,0.95814
1163,24.5,620,450,-0.24784,0.95873
1163,31,620,450,-0.18244,0.95864
1163,37.5,620,450,-0.10233,0.95862
1163,44,620,450,0.0073286,0.95853
1163,50.5,620,450,0.15624,0.95695
1163,57,620,450,0.38572,0.95284
1163,63.5,620,450,0.62174,0.94731
1163,70,620,450,0.9731,0.94201
1163,76.5,620,450,1.4931,0.93392
1163,83,620,450,2.1569,0.91772
1163,89.5,620,450,3.0479,0.88722
1163,96,620,450,-2.1938,0.83927
1163,102.5,620,450,-0.8028,0.27481
1163,109,620,450,0.31153,0.50984
1163,115.5,620,450,1.4465,0.24363
1163,122,620,450,2.1107,0.30838
1163,128.5,620,450,2.8169,0.49917
1163,135,620,450,-2.8727,0.68127
1163,141.5,620,450,-2.375,0.8282
1163,148,620,450,-1.8376,0.88836
1163,154.5,620,450,-1.3694,0.82502
1163,161,620,450,-0.89117,0.4891
1163,167.5,620,450,-0.89517,0.4203
1163,174,620,450,-0.82605,0.6956
1163,180.5,620,450,-0.27618,0.89641
1163,187,620,450,0.10311,0.86928
1163,193.5,620,450,0.41091,0.80835
1163,200,620,450,0.75104,0.702
1214,5,620,450,-0.33229,0.96124
1214,11.5,620,450,-0.33229,0.96124
1214,18,620,450,-0.29409,0.96145
1214,24.5,620,450,-0.24954,0.96174
1214,31,620,450,-0.18174,0.96152
1214,37.5,620,450,-0.098467,0.96131
1214,44,620,450,0.015772,0.96126
1214,50.5,620,450,0.17078,0.96053
1214,57,620,450,0.41032,0.95863
1214,63.5,620,450,0.65748,0.95556
1214,70,620,450,1.0275,0.95166
1214,76.5,620,450,1.5753,0.93957
1214,83,620,450,2.2686,0.91106
1214,89.5,620,450,-3.0903,0.87622
1214,96,620,450,-1.98,0.79428
1214,102.5,620,450,-0.80801,0.53092
1214,109,620,450,0.67376,0.66798
1214,115.5,620,450,1.6419,0.33891
1214,122,620,450,2.2947,0.5149
1214,128.5,620,450,3.0841,0.79092
1214,135,620,450,-2.523,0.85402
1214,141.5,620,450,-1.9881,0.82668
1214,148,620,450,-1.6817,0.78349
1214,154.5,620,450,-1.1224,0.87076
1214,161,620,450,-0.79591,0.56163
1214,167.5,620,450,-0.52351,0.47234
1214,174,620,450,-0.3327,0.82013
1214,180.5,620,450,0.19777,0.8909
1214,187,620,450,0.52574,0.88433
1214,193.5,620,450,0.93531,0.86748
1214,200,620,450,1.3533,0.77792
1265,5,620,450,-0.33516,0.96427
1265,11.5,620,450,-0.33516,0.96427
1265,18,620,450,-0.2956,0.96428
1265,24.5,620,450,-0.24936,0.96451
1265,31,620,450,-0.17904,0.96473
1265,37.5,620,450,-0.092559,0.96481
1265,44,620,450,0.026455,0.96526
1265,50.5,620,450,0.18817,0.9655
1265,57,620,450,0.43882,0.96446
1265,63.5,620,450,0.69803,0.96051
1265,70,620,450,1.0856,0.95311
1265,76.5,620,450,1.6566,0.93099
1265,83,620,450,2.3734,0.89892
1265,89.5,620,450,-2.952,0.87541
1265,96,620,450,-1.7694,0.75187
1265,102.5,620,450,-0.53035,0.84506
1265,109,620,450,0.92078,0.68346
1265,115.5,620,450,1.7321,0.54554
1265,122,620,450,2.584,0.82177
1265,128.5,620,450,-2.883,0.84126
1265,135,620,450,-2.3091,0.78855
1265,141.5,620,450,-1.6649,0.79571
1265,148,620,450,-1.4956,0.82603
1265,154.5,620,450,-0.8633,0.90574
1265,161,620,450,-0.25493,0.67649
1265,167.5,620,450,-0.14461,0.33916
1265,174,620,450,0.16238,0.57714
1265,180.5,620,450,0.4497,0.47968
1265,187,620,450,0.7914,0.84733
1265,193.5,620,450,1.2916,0.90024
1265,200,620,450,1.7316,0.7611
1316,5,620,450,-0.34809,0.96372
1316,11.5,620,450,-0.34809,0.96372
1316,18,620,450,-0.30718,0.96396
1316,24.5,620,450,-0.25917,0.96437
1316,31,620,450,-0.18607,0.96505
1316,37.5,620,450,-0.096158,0.9656
1316,44,620,450,0.02791,0.96643
1316,50.5,620,450,0.19663,0.96659
1316,57,620,450,0.45817,0.96397
1316,63.5,620,450,0.72801,0.95721
1316,70,620,450,1.1305,0.94445
1316,76.5,620,450,1.7197,0.91967
1316,83,620,450,2.4625,0.89812
1316,89.5,620,450,-2.8202,0.88533
1316,96,620,450,-1.5677,0.75136
1316,102.5,620,450,-0.33803,0.87468
1316,109,620,450,1.0063,0.65021
1316,115.5,620,450,1.9758,0.83744
1316,122,620,450,2.8651,0.85158
1316,128.5,620,450,-2.7294,0.7579
1316,135,620,450,-2.1164,0.86258
1316,141.5,620,450,-1.3908,0.78469
1316,148,620,450,-1.2313,0.68074
1316,154.5,620,450,-0.58159,0.65101
1316,161,620,450,0.16304,0.436
1316,167.5,620,450,0.12304,0.29374
1316,174,620,450,0.56928,0.35365
1316,180.5,620,450,0.59521,0.56558
1316,187,620,450,1.2247,0.91464
1316,193.5,620,450,1.7442,0.94112
1316,200,620,450,2.1832,0.92966
1367,5,620,450,-0.35153,0.96025
1367,11.5,620,450,-0.35153,0.96025
1367,18,620,450,-0.30913,0.96081
1367,24.5,620,450,-0.2592,0.96158
1367,31,620,450,-0.18312,0.96223
1367,37.5,620,450,-0.089605,0.96285
1367,44,620,450,0.039566,0.96354
1367,50.5,620,450,0.2149,0.96274
1367,57,620,450,0.48603,0.95779
1367,63.5,620,450,0.76504,0.94888
1367,70,620,450,1.1803,0.9363
1367,76.5,620,450,1.7896,0.9202
1367,83,620,450,2.5667,0.90954
1367,89.5,620,450,-2.6693,0.89195
1367,96,620,450,-1.355,0.77957
1367,102.5,620,450,-0.21133,0.85553
1367,109,620,450,1.0537,0.81319
1367,115.5,620,450,2.2336,0.84011
1367,122,620,450,3.032,0.76597
1367,128.5,620,450,-2.5485,0.83786
1367,135,620,450,-1.7797,0.70623
1367,141.5,620,450,-1.0386,0.67045
1367,148,620,450,-0.88203,0.46687
1367,154.5,620,450,-0.35918,0.44888
1367,161,620,450,0.49789,0.24543
1367,167.5,620,450,0.78082,0.28174
1367,174,620,450,1.0322,0.1693
1367,180.5,620,450,1.1623,0.55152
1367,187,620,450,1.848,0.61242
1367,193.5,620,450,2.1532,0.58783
1367,200,620,450,2.5774,0.66493
1418,5,620,450,-0.35706,0.95722
1418,11.5,620,450,-0.35706,0.95722
1418,18,620,450,-0.31293,0.95802
1418,24.5,620,450,-0.26101,0.95885
1418,31,620,450,-0.18216,0.95912
1418,37.5,620,450,-0.085074,0.95942
1418,44,620,450,0.048977,0.95963
1418,50.5,620,450,0.23039,0.95793
1418,57,620,450,0.51014,0.95267
1418,63.5,620,450,0.79798,0.94521
1418,70,620,450,1.2278,0.93804
1418,76.5,620,450,1.8636,0.93116
1418,83,620,450,2.6781,0.91785
1418,89.5,620,450,-2.5188,0.88456
1418,96,620,450,-1.1627,0.80998
1418,102.5,620,450,-0.075278,0.83901
1418,109,620,450,1.2628,0.84481
1418,115.5,620,450,2.393,0.75036
1418,122,620,450,-3.1161,0.75773
1418,128.5,620,450,-2.2222,0.66203
1418,135,620,450,-1.5196,0.46495
1418,141.5,620,450,-0.70871,0.45164
1418,148,620,450,-0.26216,0.29882
1418,154.5,620,450,0.28701,0.11659
1418,161,620,450,0.70612,0.072065
1418,167.5,620,450,1.044,0.12477
1418,174,620,450,1.6219,0.11868
1418,180.5,620,450,1.8762,0.33398
1418,187,620,450,2.388,0.22808
1418,193.5,620,450,2.5849,0.42696
1418,200,620,450,2.9264,0.80257
1469,5,620,450,-0.3634,0.95765
1469,11.5,620,450,-0.3634,0.95765
1469,18,620,450,-0.31761,0.95844
1469,24.5,620,450,-0.26365,0.95898
1469,31,620,450,-0.18236,0.95885
1469,37.5,620,450,-0.081968,0.95875
1469,44,620,450,0.056732,0.95873
1469,50.5,620,450,0.244,0.95736
1469,57,620,450,0.53295,0.95423
1469,63.5,620,450,0.83111,0.95016
1469,70,620,450,1.2791,0.94794
1469,76.5,620,450,1.9445,0.93924
1469,83,620,450,2.7896,0.91087
1469,89.5,620,450,-2.3765,0.87413
1469,96,620,450,-1.0032,0.81616
1469,102.5,620,450,0.13206,0.79071
1469,109,620,450,1.4047,0.7486
1469,115.5,620,450,2.5547,0.67667
1469,122,620,450,-2.8614,0.65587
1469,128.5,620,450,-1.9792,0.45651
1469,135,620,450,-1.162,0.32443
1469,141.5,620,450,-0.28613,0.21484
1469,148,620,450,1.2984,0.14662
1469,154.5,620,450,-1.4083,0.04215
1469,161,620,450,0.47967,0.10192
1469,167.5,620,450,1.6904,0.20253
1469,174,620,450,2.3619,0.12416
1469,180.5,620,450,2.9466,0.29998
1469,187,620,450,-2.9985,0.06562
1469,193.5,620,450,2.8664,0.2562
1469,200,620,450,-2.6227,0.61808
