500,5,694,450,-0.20925,0.95836
500,11.5,694,450,-0.20925,0.95836
500,18,694,450,-0.19454,0.95929
500,24.5,694,450,-0.17902,0.9604
500,31,694,450,-0.15347,0.96192
500,37.5,694,450,-0.12384,0.96372
500,44,694,450,-0.086329,0.96601
500,50.5,694,450,-0.034858,0.96903
500,57,694,450,0.040481,0.97266
500,63.5,694,450,0.11378,0.97538
500,70,694,450,0.21464,0.97819
500,76.5,694,450,0.35181,0.98097
500,83,694,450,0.50681,0.98112
500,89.5,694,450,0.70793,0.97979
500,96,694,450,0.94303,0.97605
500,102.5,694,450,1.2738,0.97177
500,109,694,450,1.6565,0.96989
500,115.5,694,450,2.1973,0.97111
500,122,694,450,3.0013,0.82629
500,128.5,694,450,1.661,0.023601
500,135,694,450,2.6613,0.43937
500,141.5,694,450,-3.1279,0.57593
500,148,694,450,-2.7645,0.64406
500,154.5,694,450,-2.468,0.69892
500,161,694,450,-2.1892,0.74281
500,167.5,694,450,-1.9375,0.74415
500,174,694,450,-1.9949,0.91865
500,180.5,694,450,-1.6409,0.8813
500,187,694,450,-1.4276,0.88654
500,193.5,694,450,-1.1368,0.86461
500,200,694,450,-0.0065765,0.53078
551,5,694,450,-0.21248,0.95565
551,11.5,694,450,-0.21248,0.95565
551,18,694,450,-0.1962,0.9566
551,24.5,694,450,-0.17886,0.95773
551,31,694,450,-0.15074,0.95895
551,37.5,694,450,-0.11797,0.96048
551,44,694,450,-0.07612,0.96229
551,50.5,694,450,-0.01927,0.9644
551,57,694,450,0.063686,0.96652
551,63.5,694,450,0.14433,0.96756
551,70,694,450,0.2557,0.96893
551,76.5,694,450,0.40641,0.96894
551,83,694,450,0.57734,0.96786
551,89.5,694,450,0.79945,0.9663
551,96,694,450,1.0596,0.96624
551,102.5,694,450,1.4247,0.96888
551,109,694,450,1.8408,0.97562
551,115.5,694,450,2.4054,0.99059
551,122,694,450,-2.9617,0.84263
551,128.5,694,450,2.6255,0.49993
551,135,694,450,-2.9915,0.74502
551,141.5,694,450,-2.5881,0.81051
551,148,694,450,-2.2602,0.85863
551,154.5,694,450,-1.9773,0.89884
551,161,694,450,-1.6985,0.9294
551,167.5,694,450,-1.4184,0.94353
551,174,694,450,-1.3252,0.96518
551,180.5,694,450,-0.99771,0.96807
551,187,694,450,-0.54288,0.85243
551,193.5,694,450,-2.0483,0.024827
551,200,694,450,-1.2609,0.605
602,5,694,450,-0.22234,0.95506
602,11.5,694,450,-0.22234,0.95506
602,18,694,450,-0.20456,0.95576
602,24.5,694,450,-0.18545,0.95662
602,31,694,450,-0.15502,0.95723
602,37.5,694,450,-0.11934,0.95809
602,44,694,450,-0.073541,0.95902
602,50.5,694,450,-0.01187,0.96005
602,57,694,450,0.077972,0.96096
602,63.5,694,450,0.1652,0.96117
602,70,694,450,0.28616,0.9617
602,76.5,694,450,0.44994,0.96267
602,83,694,450,0.63706,0.96419
602,89.5,694,450,0.88066,0.96696
602,96,694,450,1.1678,0.97291
602,102.5,694,450,1.5672,0.97697
602,109,694,450,2.0122,0.97834
602,115.5,694,450,2.5663,0.97505
602,122,694,450,-2.3214,0.47033
602,128.5,694,450,-2.9963,0.88613
602,135,694,450,-2.5309,0.93077
602,141.5,694,450,-2.1626,0.95695
602,148,694,450,-1.8454,0.97336
602,154.5,694,450,-1.5638,0.98153
602,161,694,450,-1.2774,0.98979
602,167.5,694,450,-0.88025,0.98985
602,174,694,450,-0.63839,0.9583
602,180.5,694,450,-2.0454,0.0011816
602,187,694,450,-0.96841,0.48021
602,193.5,694,450,-0.98081,0.85582
602,200,694,450,-0.6616,0.83008
653,5,694,450,-0.22654,0.95716
653,11.5,694,450,-0.22654,0.95716
653,18,694,450,-0.20748,0.95747
653,24.5,694,450,-0.18674,0.958
653,31,694,450,-0.15426,0.9582
653,37.5,694,450,-0.11599,0.95855
653,44,694,450,-0.066611,0.95895
653,50.5,694,450,-0.00049074,0.95969
653,57,694,450,0.095865,0.96085
653,63.5,694,450,0.18968,0.96167
653,70,694,450,0.32053,0.96381
653,76.5,694,450,0.49845,0.96816
653,83,694,450,0.70359,0.97384
653,89.5,694,450,0.97165,0.98079
653,96,694,450,1.288,0.98786
653,102.5,694,450,1.7213,0.98702
653,109,694,450,2.1884,0.97648
653,115.5,694,450,2.7225,0.96562
653,122,694,450,3.1245,0.95333
653,128.5,694,450,-2.6313,0.96771
653,135,694,450,-2.2108,0.97802
653,141.5,694,450,-1.8473,0.9816
653,148,694,450,-1.5296,0.97675
653,154.5,694,450,-1.2308,0.96473
653,161,694,450,-0.63284,0.84658
653,167.5,694,450,-0.79161,0.95435
653,174,694,450,-1.3438,0.38633
653,180.5,694,450,-0.56294,0.78114
653,187,694,450,-2.2398,0.0046527
653,193.5,694,450,-0.40841,0.96673
653,200,694,450,-0.15539,0.98459
704,5,694,450,-0.22967,0.9604
704,11.5,694,450,-0.22967,0.9604
704,18,694,450,-0.20945,0.96048
704,24.5,694,450,-0.18725,0.96078
704,31,694,450,-0.15279,0.96112
704,37.5,694,450,-0.11205,0.96152
704,44,694,450,-0.059161,0.96216
704,50.5,694,450,0.011542,0.96365
704,57,694,450,0.11497,0.96624
704,63.5,694,450,0.21589,0.96862
704,70,694,450,0.35777,0.97308
704,76.5,694,450,0.55181,0.98033
704,83,694,450,0.77663,0.98727
704,89.5,694,450,1.0708,0.9924
704,96,694,450,1.4147,0.99338
704,102.5,694,450,1.878,0.98425
704,109,694,450,2.3683,0.97179
704,115.5,694,450,2.9184,0.96641
704,122,694,450,-2.8971,0.97596
704,128.5,694,450,-2.3989,0.97971
704,135,694,450,-1.978,0.97469
704,141.5,694,450,-1.6102,0.96279
704,148,694,450,-1.2633,0.94906
704,154.5,694,450,-1.4302,0.85922
704,161,694,450,-0.83495,0.95838
704,167.5,694,450,-0.52441,0.96396
704,174,694,450,-0.36493,0.96633
704,180.5,694,450,0.11945,0.93338
704,187,694,450,-0.42021,0.68524
704,193.5,694,450,0.10044,0.8752
704,200,694,450,0.3622,0.86921
755,5,694,450,-0.23171,0.96212
755,11.5,694,450,-0.23171,0.96212
755,18,694,450,-0.21031,0.96238
755,24.5,694,450,-0.1867,0.9628
755,31,694,450,-0.15009,0.96364
755,37.5,694,450,-0.1067,0.9646
755,44,694,450,-0.05002,0.96604
755,50.5,694,450,0.025786,0.96863
755,57,694,450,0.13706,0.9726
755,63.5,694,450,0.24583,0.97595
755,70,694,450,0.3997,0.98131
755,76.5,694,450,0.61052,0.9866
755,83,694,450,0.8544,0.99006
755,89.5,694,450,1.1722,0.9892
755,96,694,450,1.5398,0.98111
755,102.5,694,450,2.0312,0.97276
755,109,694,450,2.5536,0.96608
755,115.5,694,450,-3.0734,0.94412
755,122,694,450,-2.7517,0.99435
755,128.5,694,450,-2.2056,0.97512
755,135,694,450,-1.7656,0.95819
755,141.5,694,450,-1.344,0.94022
755,148,694,450,-1.1993,1.0028
755,154.5,694,450,-0.8294,0.98758
755,161,694,450,-0.50035,0.98779
755,167.5,694,450,-0.16686,1.0025
755,174,694,450,0.099416,0.98182
755,180.5,694,450,1.0305,0.70597
755,187,694,450,0.1345,0.64761
755,193.5,694,450,0.55844,0.74212
755,200,694,450,0.88478,0.68321
806,5,694,450,-0.23332,0.96093
806,11.5,694,450,-0.23332,0.96093
806,18,694,450,-0.21062,0.96158
806,24.5,694,450,-0.18547,0.96245
806,31,694,450,-0.14644,0.96374
806,37.5,694,450,-0.10011,0.96527
806,44,694,450,-0.039239,0.96736
806,50.5,694,450,0.042111,0.97026
806,57,694,450,0.16164,0.97432
806,63.5,694,450,0.27839,0.977
806,70,694,450,0.44385,0.9803
806,76.5,694,450,0.66987,0.98127
806,83,694,450,0.9305,0.97942
806,89.5,694,450,1.2674,0.97382
806,96,694,450,1.6568,0.96802
806,102.5,694,450,2.18,0.96654
806,109,694,450,2.7485,0.96453
806,115.5,694,450,-2.6471,0.80339
806,122,694,450,-2.5865,0.99241
806,128.5,694,450,-1.9853,0.96567
806,135,694,450,-1.413,0.91886
806,141.5,694,450,-1.3999,0.9861
806,148,694,450,-0.89774,0.99754
806,154.5,694,450,-0.51973,0.98297
806,161,694,450,-0.13083,0.95589
806,167.5,694,450,0.90009,0.38276
806,174,694,450,0.51071,0.93328
806,180.5,694,450,2.2621,0.0090539
806,187,694,450,0.6795,0.74913
806,193.5,694,450,1.1467,0.77814
806,200,694,450,2.1083,0.58141
857,5,694,450,-0.23583,0.95786
857,11.5,694,450,-0.23583,0.95786
857,18,694,450,-0.21169,0.95868
857,24.5,694,450,-0.18471,0.96
857,31,694,450,-0.14315,0.96136
857,37.5,694,450,-0.093695,0.96301
857,44,694,450,-0.028479,0.96504
857,50.5,694,450,0.058348,0.96745
857,57,694,450,0.18551,0.96965
857,63.5,694,450,0.30977,0.97091
857,70,694,450,0.48533,0.97128
857,76.5,694,450,0.72427,0.96969
857,83,694,450,0.99931,0.96647
857,89.5,694,450,1.3559,0.96388
857,96,694,450,1.7696,0.96853
857,102.5,694,450,2.3313,0.9754
857,109,694,450,2.9414,0.96575
857,115.5,694,450,-2.2489,0.62004
857,122,694,450,-2.3614,0.96597
857,128.5,694,450,-1.6162,0.90656
857,135,694,450,-2.2021,0.51266
857,141.5,694,450,-1.0852,0.98602
857,148,694,450,-0.59413,0.9786
857,154.5,694,450,-0.15869,0.94356
857,161,694,450,0.30291,0.88784
857,167.5,694,450,-0.4614,0.37133
857,174,694,450,1.0198,0.82388
857,180.5,694,450,0.66589,0.83338
857,187,694,450,1.8024,0.74137
857,193.5,694,450,0.412,0.0079051
857,200,694,450,0.8165,0.69305
908,5,694,450,-0.23974,0.95533
908,11.5,694,450,-0.23974,0.95533
908,18,694,450,-0.21402,0.95612
908,24.5,694,450,-0.18509,0.95747
908,31,694,450,-0.14112,0.95848
908,37.5,694,450,-0.088618,0.95972
908,44,694,450,-0.019277,0.96106
908,50.5,694,450,0.072553,0.96236
908,57,694,450,0.20664,0.96304
908,63.5,694,450,0.33735,0.96311
908,70,694,450,0.52214,0.963
908,76.5,694,450,0.77345,0.96272
908,83,694,450,1.0638,0.96505
908,89.5,694,450,1.4433,0.97095
908,96,694,450,1.8873,0.98217
908,102.5,694,450,2.49,0.9853
908,109,694,450,-3.1412,0.96821
908,115.5,694,450,-1.8582,0.5786
908,122,694,450,-2.0455,0.88522
908,128.5,694,450,-0.88253,0.47293
908,135,694,450,-1.5252,0.86504
908,141.5,694,450,-0.75473,0.96298
908,148,694,450,-0.20321,0.93016
908,154.5,694,450,0.31219,0.88215
908,161,694,450,0.89498,0.80825
908,167.5,694,450,0.65572,0.17852
908,174,694,450,1.8205,0.42494
908,180.5,694,450,2.5561,0.12924
908,187,694,450,0.65896,0.18599
908,193.5,694,450,2.2563,0.47467
908,200,694,450,1.7919,0.68572
959,5,694,450,-0.25112,0.95554
959,11.5,694,450,-0.25112,0.95554
959,18,694,450,-0.22395,0.95628
959,24.5,694,450,-0.19328,0.95688
959,31,694,450,-0.14706,0.95746
959,37.5,694,450,-0.091787,0.95812
959,44,694,450,-0.018698,0.95877
959,50.5,694,450,0.077669,0.9595
959,57,694,450,0.2183,0.96029
959,63.5,694,450,0.35541,0.96086
959,70,694,450,0.54972,0.9631
959,76.5,694,450,0.81497,0.96749
959,83,694,450,1.1246,0.97587
959,89.5,694,450,1.5308,0.98673
959,96,694,450,2.0074,0.99271
959,102.5,694,450,2.6433,0.98369
959,109,694,450,-2.955,0.97022
959,115.5,694,450,-1.4735,0.64134
959,122,694,450,-1.641,0.75926
959,128.5,694,450,0.13119,0.0018341
959,135,694,450,-1.1012,0.8498
959,141.5,694,450,-0.32004,0.87483
959,148,694,450,0.33485,0.80311
959,154.5,694,450,0.96393,0.68987
959,161,694,450,1.6747,0.55043
959,167.5,694,450,-1.5037,0.0015447
959,174,694,450,2.8749,0.018829
959,180.5,694,450,0.83175,0.27598
959,187,694,450,1.9024,0.72414
959,193.5,694,450,0.86817,0.011325
959,200,694,450,2.5635,0.81017
1010,5,694,450,-0.25498,0.95849
1010,11.5,694,450,-0.25498,0.95849
1010,18,694,450,-0.22652,0.95845
1010,24.5,694,450,-0.19448,0.95872
1010,31,694,450,-0.14616,0.95912
1010,37.5,694,450,-0.088332,0.95953
1010,44,694,450,-0.011701,0.96007
1010,50.5,694,450,0.089159,0.96126
1010,57,694,450,0.23662,0.96351
1010,63.5,694,450,0.38073,0.96592
1010,70,694,450,0.58617,0.97112
1010,76.5,694,450,0.86825,0.97946
1010,83,694,450,1.199,0.98903
1010,89.5,694,450,1.6324,0.99381
1010,96,694,450,2.1347,0.98778
1010,102.5,694,450,2.8004,0.97315
1010,109,694,450,-2.7684,0.96873
1010,115.5,694,450,-1.1233,0.67951
1010,122,694,450,-1.1972,0.65598
1010,128.5,694,450,-2.2089,0.094335
1010,135,694,450,-0.59521,0.71957
1010,141.5,694,450,0.24691,0.68935
1010,148,694,450,0.98461,0.55886
1010,154.5,694,450,1.6521,0.43232
1010,161,694,450,2.4033,0.31074
1010,167.5,694,450,-0.58411,0.074838
1010,174,694,450,1.3074,0.28511
1010,180.5,694,450,1.9789,0.60042
1010,187,694,450,2.6888,0.72237
1010,193.5,694,450,2.9383,0.91638
1010,200,694,450,-2.7685,0.88726
1061,5,694,450,-0.25751,0.96134
1061,11.5,694,450,-0.25751,0.96134
1061,18,694,450,-0.22804,0.9614
1061,24.5,694,450,-0.19456,0.96162
1061,31,694,450,-0.14417,0.96216
1061,37.5,694,450,-0.083785,0.96284
1061,44,694,450,-0.0034743,0.96392
1061,50.5,694,450,0.10231,0.96619
1061,57,694,450,0.2575,0.97011
1061,63.5,694,450,0.40957,0.97391
1061,70,694,450,0.62748,0.98013
1061,76.5,694,450,0.92706,0.98693
1061,83,694,450,1.2774,0.98941
1061,89.5,694,450,1.7327,0.98347
1061,96,694,450,2.2557,0.97215
1061,102.5,694,450,2.9492,0.96698
1061,109,694,450,-2.5802,0.97118
1061,115.5,694,450,-0.72151,0.52891
1061,122,694,450,-0.78089,0.67159
1061,128.5,694,450,-1.4735,0.17011
1061,135,694,450,-0.033289,0.57725
1061,141.5,694,450,0.82695,0.52782
1061,148,694,450,1.5749,0.43923
1061,154.5,694,450,2.278,0.3659
1061,161,694,450,-3.0528,0.17668
1061,167.5,694,450,1.1641,0.26002
1061,174,694,450,-2.994,0.80283
1061,180.5,694,450,2.8185,0.55054
1061,187,694,450,-2.9299,0.66753
1061,193.5,694,450,-2.5059,0.68971
1061,200,694,450,-2.0273,0.71836
1112,5,694,450,-0.25915,0.96161
1112,11.5,694,450,-0.25915,0.96161
1112,18,694,450,-0.22861,0.96271
1112,24.5,694,450,-0.19362,0.96323
1112,31,694,450,-0.14102,0.96412
1112,37.5,694,450,-0.077855,0.96532
1112,44,694,450,0.0064722,0.96711
1112,50.5,694,450,0.11772,0.9701
1112,57,694,450,0.28122,0.97442
1112,63.5,694,450,0.44151,0.97784
1112,70,694,450,0.67154,0.98118
1112,76.5,694,450,0.9864,0.98215
1112,83,694,450,1.3521,0.97732
1112,89.5,694,450,1.8247,0.96856
1112,96,694,450,2.369,0.96644
1112,102.5,694,450,3.0991,0.97406
1112,109,694,450,-2.3915,0.97163
1112,115.5,694,450,-2.3091,0.31673
1112,122,694,450,-0.39183,0.79529
1112,128.5,694,450,-0.7706,0.26101
1112,135,694,450,0.51115,0.56184
1112,141.5,694,450,1.3548,0.55243
1112,148,694,450,2.1477,0.52935
1112,154.5,694,450,3.0389,0.37771
1112,161,694,450,1.4599,0.032614
1112,167.5,694,450,2.6958,0.60516
1112,174,694,450,-1.8506,0.63225
1112,180.5,694,450,-2.7764,0.51581
1112,187,694,450,-2.79,0.81583
1112,193.5,694,450,-2,0.72445
1112,200,694,450,-1.3824,0.72232
1163,5,694,450,-0.2623,0.96275
1163,11.5,694,450,-0.2623,0.96275
1163,18,694,450,-0.2301,0.96341
1163,24.5,694,450,-0.19345,0.96422
1163,31,694,450,-0.13843,0.96544
1163,37.5,694,450,-0.072237,0.96694
1163,44,694,450,0.016378,0.9689
1163,50.5,694,450,0.13323,0.9715
1163,57,694,450,0.30475,0.97429
1163,63.5,694,450,0.47267,0.97544
1163,70,694,450,0.71279,0.97533
1163,76.5,694,450,1.0399,0.9718
1163,83,694,450,1.4189,0.96822
1163,89.5,694,450,1.9107,0.96711
1163,96,694,450,2.4839,0.97751
1163,102.5,694,450,-3.0281,0.98443
1163,109,694,450,-2.2049,0.97038
1163,115.5,694,450,-1.2649,0.9528
1163,122,694,450,-0.063042,0.91142
1163,128.5,694,450,-0.096761,0.49302
1163,135,694,450,1.0147,0.69643
1163,141.5,694,450,1.8709,0.7327
1163,148,694,450,2.7965,0.6589
1163,154.5,694,450,-1.9714,0.017811
1163,161,694,450,2.7889,0.58745
1163,167.5,694,450,-2.8441,0.7875
1163,174,694,450,-1.1569,0.3393
1163,180.5,694,450,-2.1446,0.63469
1163,187,694,450,-2.0362,0.94273
1163,193.5,694,450,-1.4314,0.89048
1163,200,694,450,-2.4778,0.02937
1214,5,694,450,-0.26518,0.95968
1214,11.5,694,450,-0.26518,0.95968
1214,18,694,450,-0.23153,0.96055
1214,24.5,694,450,-0.19308,0.96147
1214,31,694,450,-0.13561,0.96274
1214,37.5,694,450,-0.066359,0.96409
1214,44,694,450,0.026447,0.96565
1214,50.5,694,450,0.14846,0.96724
1214,57,694,450,0.32705,0.96814
1214,63.5,694,450,0.50137,0.96772
1214,70,694,450,0.75037,0.96636
1214,76.5,694,450,1.0893,0.96521
1214,83,694,450,1.4835,0.96845
1214,89.5,694,450,2.0006,0.97901
1214,96,694,450,2.6068,0.99136
1214,102.5,694,450,-2.8684,0.98424
1214,109,694,450,-2.0155,0.97004
1214,115.5,694,450,-1.0619,0.97485
1214,122,694,450,0.19055,0.95307
1214,128.5,694,450,0.48645,0.78203
1214,135,694,450,1.4657,0.88439
1214,141.5,694,450,2.3675,0.89233
1214,148,694,450,-2.4942,0.29559
1214,154.5,694,450,2.6393,0.54962
1214,161,694,450,-2.8475,0.79527
1214,167.5,694,450,-2.3978,0.90703
1214,174,694,450,-2.8283,0.31695
1214,180.5,694,450,-1.4476,0.86799
1214,187,694,450,-1.3843,0.96632
1214,193.5,694,450,-0.34454,0.7931
1214,200,694,450,-1.0338,0.73406
1265,5,694,450,-0.26933,0.95769
1265,11.5,694,450,-0.26933,0.95769
1265,18,694,450,-0.23419,0.95845
1265,24.5,694,450,-0.19397,0.95927
1265,31,694,450,-0.13406,0.96023
1265,37.5,694,450,-0.061912,0.96119
1265,44,694,450,0.034798,0.96207
1265,50.5,694,450,0.16145,0.96284
1265,57,694,450,0.34645,0.96318
1265,63.5,694,450,0.52699,0.96309
1265,70,694,450,0.78519,0.96448
1265,76.5,694,450,1.1379,0.96924
1265,83,694,450,1.5526,0.98013
1265,89.5,694,450,2.098,0.99256
1265,96,694,450,2.7345,0.99077
1265,102.5,694,450,-2.7124,0.97571
1265,109,694,450,-1.8246,0.9712
1265,115.5,694,450,-0.93612,1.0016
1265,122,694,450,0.42152,0.93684
1265,128.5,694,450,0.91476,0.94178
1265,135,694,450,1.8271,0.97879
1265,141.5,694,450,2.8673,0.88914
1265,148,694,450,2.4747,0.58787
1265,154.5,694,450,-2.9994,0.86013
1265,161,694,450,-2.4146,0.92844
1265,167.5,694,450,-2.0163,0.96631
1265,174,694,450,-1.5885,0.98534
1265,180.5,694,450,-0.46134,0.75723
1265,187,694,450,-0.61284,0.96658
1265,193.5,694,450,-0.69757,0.45237
1265,200,694,450,-0.54172,0.84579
1316,5,694,450,-0.28149,0.95838
1316,11.5,694,450,-0.28149,0.95838
1316,18,694,450,-0.24491,0.95892
1316,24.5,694,450,-0.20305,0.95941
1316,31,694,450,-0.1409,0.95993
1316,37.5,694,450,-0.066052,0.96059
1316,44,694,450,0.034294,0.96114
1316,50.5,694,450,0.16539,0.96205
1316,57,694,450,0.35697,0.96375
1316,63.5,694,450,0.54425,0.96574
1316,70,694,450,0.81337,0.971
1316,76.5,694,450,1.1834,0.9805
1316,83,694,450,1.62,0.99096
1316,89.5,694,450,2.1921,0.99139
1316,96,694,450,2.8504,0.97956
1316,102.5,694,450,-2.5695,0.96904
1316,109,694,450,-1.6424,0.96684
1316,115.5,694,450,-0.79767,0.99098
1316,122,694,450,0.15601,0.95164
1316,128.5,694,450,1.197,0.98277
1316,135,694,450,2.0803,0.99144
1316,141.5,694,450,1.9443,0.40687
1316,148,694,450,3.1118,0.92506
1316,154.5,694,450,-2.598,0.96852
1316,161,694,450,-2.0352,0.9795
1316,167.5,694,450,-1.6494,0.93202
1316,174,694,450,-1.2296,0.94083
1316,180.5,694,450,-0.91021,0.91146
1316,187,694,450,-0.76033,0.69842
1316,193.5,694,450,-1.5399,0.38759
1316,200,694,450,-0.060077,0.96118
1367,5,694,450,-0.28505,0.96132
1367,11.5,694,450,-0.28505,0.96132
1367,18,694,450,-0.2472,0.96164
1367,24.5,694,450,-0.2038,0.96189
1367,31,694,450,-0.13965,0.96218
1367,37.5,694,450,-0.062179,0.96282
1367,44,694,450,0.041805,0.96364
1367,50.5,694,450,0.17761,0.9654
1367,57,694,450,0.37668,0.96906
1367,63.5,694,450,0.57194,0.97328
1367,70,694,450,0.85373,0.98024
1367,76.5,694,450,1.242,0.988
1367,83,694,450,1.6983,0.98925
1367,89.5,694,450,2.2899,0.97875
1367,96,694,450,2.9669,0.9683
1367,102.5,694,450,-2.4178,0.97391
1367,109,694,450,-1.4535,0.96706
1367,115.5,694,450,-0.60923,0.97094
1367,122,694,450,0.42068,0.97722
1367,128.5,694,450,1.4049,0.9766
1367,135,694,450,2.2887,0.98637
1367,141.5,694,450,2.8203,0.95697
1367,148,694,450,-2.8198,0.97782
1367,154.5,694,450,-2.2637,0.96353
1367,161,694,450,-1.6829,0.92291
1367,167.5,694,450,-1.2622,0.84149
1367,174,694,450,-0.54181,0.65233
1367,180.5,694,450,-1.3243,0.39049
1367,187,694,450,-0.093747,0.94715
1367,193.5,694,450,-0.20564,0.72902
1367,200,694,450,0.49677,0.85302
1418,5,694,450,-0.28728,0.96405
1418,11.5,694,450,-0.28728,0.96405
1418,18,694,450,-0.24821,0.96417
1418,24.5,694,450,-0.20335,0.96456
1418,31,694,450,-0.13716,0.96515
1418,37.5,694,450,-0.056981,0.96604
1418,44,694,450,0.050892,0.96751
1418,50.5,694,450,0.19205,0.97033
1418,57,694,450,0.39941,0.9749
1418,63.5,694,450,0.60313,0.97892
1418,70,694,450,0.89752,0.98352
1418,76.5,694,450,1.3013,0.98393
1418,83,694,450,1.772,0.97695
1418,89.5,694,450,2.3791,0.96773
1418,96,694,450,3.0807,0.97261
1418,102.5,694,450,-2.2625,0.98351
1418,109,694,450,-1.2638,0.96868
1418,115.5,694,450,-0.35716,0.91158
1418,122,694,450,0.55821,0.99142
1418,128.5,694,450,1.5941,0.97102
1418,135,694,450,2.3552,0.97027
1418,141.5,694,450,3.1049,0.98133
1418,148,694,450,-2.5357,0.95707
1418,154.5,694,450,-1.9544,0.9205
1418,161,694,450,-1.2613,0.84734
1418,167.5,694,450,0.30273,0.038101
1418,174,694,450,-0.78742,0.99518
1418,180.5,694,450,-0.14125,0.9925
1418,187,694,450,0.50613,0.98731
1418,193.5,694,450,0.38448,0.62241
1418,200,694,450,1.0462,0.62885
1469,5,694,450,-0.28884,0.96411
1469,11.5,694,450,-0.28884,0.96411
1469,18,694,450,-0.24847,0.96443
1469,24.5,694,450,-0.20211,0.96502
1469,31,694,450,-0.13366,0.96642
1469,37.5,694,450,-0.050635,0.96763
1469,44,694,450,0.06142,0.96951
1469,50.5,694,450,0.20817,0.97241
1469,57,694,450,0.42387,0.97586
1469,63.5,694,450,0.6355,0.97759
1469,70,694,450,0.94047,0.97754
1469,76.5,694,450,1.3561,0.97259
1469,83,694,450,1.8389,0.96718
1469,89.5,694,450,2.4662,0.97078
1469,96,694,450,-3.0826,0.98665
1469,102.5,694,450,-2.1032,0.98574
1469,109,694,450,-1.0736,0.97045
1469,115.5,694,450,-0.057833,0.86203
1469,122,694,450,0.72209,0.99321
1469,128.5,694,450,1.857,0.96137
1469,135,694,450,2.5658,0.98584
1469,141.5,694,450,-2.9316,0.96984
1469,148,694,450,-2.2397,0.937
1469,154.5,694,450,-1.5216,0.88392
1469,161,694,450,-2.4342,0.08055
1469,167.5,694,450,-0.75777,0.86735
1469,174,694,450,-0.37778,0.9565
1469,180.5,694,450,0.27826,0.94927
1469,187,694,450,1.0932,0.88782
1469,193.5,694,450,0.95998,0.70848
1469,200,694,450,1.2455,0.050815
