500,5,667,450,-0.22214,0.95611
500,11.5,667,450,-0.22214,0.95611
500,18,667,450,-0.2067,0.9571
500,24.5,667,450,-0.19023,0.95827
500,31,667,450,-0.16297,0.95977
500,37.5,667,450,-0.13118,0.96172
500,44,667,450,-0.090624,0.96405
500,50.5,667,450,-0.034509,0.96703
500,57,667,450,0.049041,0.97056
500,63.5,667,450,0.13153,0.97327
500,70,667,450,0.24591,0.97606
500,76.5,667,450,0.40491,0.97715
500,83,667,450,0.59044,0.97624
500,89.5,667,450,0.83699,0.97344
500,96,667,450,1.1344,0.97226
500,102.5,667,450,1.5707,0.97726
500,109,667,450,2.1312,0.98142
500,115.5,667,450,-2.6256,0.27728
500,122,667,450,2.2446,0.37673
500,128.5,667,450,3.0174,0.64772
500,135,667,450,-2.8106,0.70053
500,141.5,667,450,-2.4621,0.73075
500,148,667,450,-2.1707,0.76378
500,154.5,667,450,-1.8942,0.79019
500,161,667,450,-2.4722,0.76393
500,167.5,667,450,-1.5208,0.88845
500,174,667,450,-1.2516,0.8672
500,180.5,667,450,-0.83515,0.75553
500,187,667,450,0.10994,0.1408
500,193.5,667,450,-1.8168,0.48438
500,200,667,450,-1.3368,0.75566
551,5,667,450,-0.22646,0.95409
551,11.5,667,450,-0.22646,0.95409
551,18,667,450,-0.2094,0.95492
551,24.5,667,450,-0.19097,0.95596
551,31,667,450,-0.16109,0.95695
551,37.5,667,450,-0.12602,0.95839
551,44,667,450,-0.080961,0.95995
551,50.5,667,450,-0.019248,0.96177
551,57,667,450,0.072329,0.96365
551,63.5,667,450,0.16252,0.96485
551,70,667,450,0.28828,0.96579
551,76.5,667,450,0.4629,0.96613
551,83,667,450,0.66747,0.96676
551,89.5,667,450,0.94009,0.96714
551,96,667,450,1.2695,0.97301
551,102.5,667,450,1.7451,0.98257
551,109,667,450,2.3223,0.99337
551,115.5,667,450,1.5621,0.028371
551,122,667,450,2.9136,0.71139
551,128.5,667,450,-2.7845,0.82018
551,135,667,450,-2.365,0.86532
551,141.5,667,450,-2.0246,0.90129
551,148,667,450,-1.726,0.93333
551,154.5,667,450,-1.4425,0.95244
551,161,667,450,-1.1562,0.953
551,167.5,667,450,-0.74882,0.87894
551,174,667,450,0.38926,0.10469
551,180.5,667,450,-1.1562,0.4654
551,187,667,450,-1.2059,0.73752
551,193.5,667,450,-0.89497,0.78002
551,200,667,450,-0.69026,0.79833
602,5,667,450,-0.23775,0.95521
602,11.5,667,450,-0.23775,0.95521
602,18,667,450,-0.21918,0.95563
602,24.5,667,450,-0.19895,0.95615
602,31,667,450,-0.16676,0.95654
602,37.5,667,450,-0.12876,0.95728
602,44,667,450,-0.079652,0.95799
602,50.5,667,450,-0.012923,0.95898
602,57,667,450,0.086041,0.96026
602,63.5,667,450,0.18355,0.96139
602,70,667,450,0.32042,0.96334
602,76.5,667,450,0.51078,0.96607
602,83,667,450,0.73602,0.97088
602,89.5,667,450,1.0367,0.97631
602,96,667,450,1.3993,0.98313
602,102.5,667,450,1.9053,0.98005
602,109,667,450,2.4695,0.97326
602,115.5,667,450,2.7512,0.81121
602,122,667,450,-2.9062,0.9132
602,128.5,667,450,-2.4073,0.95248
602,135,667,450,-1.9957,0.97546
602,141.5,667,450,-1.6267,0.98193
602,148,667,450,-1.235,0.98391
602,154.5,667,450,-1.5011,0.76964
602,161,667,450,-0.64401,0.92386
602,167.5,667,450,-1.6167,0.23689
602,174,667,450,-0.84537,0.6081
602,180.5,667,450,-1.1426,0.98471
602,187,667,450,-0.6575,0.93077
602,193.5,667,450,-0.42497,0.91678
602,200,667,450,-0.23175,0.91912
653,5,667,450,-0.24175,0.95856
653,11.5,667,450,-0.24175,0.95856
653,18,667,450,-0.22191,0.95869
653,24.5,667,450,-0.20011,0.95875
653,31,667,450,-0.16582,0.95894
653,37.5,667,450,-0.12515,0.95941
653,44,667,450,-0.072281,0.95995
653,50.5,667,450,-0.00068733,0.96123
653,57,667,450,0.10571,0.96357
653,63.5,667,450,0.21098,0.96602
653,70,667,450,0.3598,0.97041
653,76.5,667,450,0.568,0.97694
653,83,667,450,0.8162,0.98441
653,89.5,667,450,1.1471,0.98989
653,96,667,450,1.5404,0.98891
653,102.5,667,450,2.0703,0.97505
653,109,667,450,2.6185,0.96226
653,115.5,667,450,-3.0948,0.96778
653,122,667,450,-2.5956,0.97893
653,128.5,667,450,-2.1082,0.98685
653,135,667,450,-1.6818,0.97921
653,141.5,667,450,-1.0769,0.89043
653,148,667,450,-1.3882,0.85877
653,154.5,667,450,-0.96681,0.91779
653,161,667,450,-0.022908,0.64602
653,167.5,667,450,-0.56207,0.85991
653,174,667,450,0.033818,0.65159
653,180.5,667,450,-0.46979,0.92345
653,187,667,450,-0.1643,0.94649
653,193.5,667,450,0.076086,0.94684
653,200,667,450,0.27482,0.85742
704,5,667,450,-0.24428,0.96133
704,11.5,667,450,-0.24428,0.96133
704,18,667,450,-0.22328,0.96146
704,24.5,667,450,-0.20006,0.96155
704,31,667,450,-0.16359,0.96211
704,37.5,667,450,-0.12023,0.96295
704,44,667,450,-0.063449,0.96413
704,50.5,667,450,0.013421,0.96652
704,57,667,450,0.12815,0.97054
704,63.5,667,450,0.24196,0.97443
704,70,667,450,0.40404,0.98035
704,76.5,667,450,0.6315,0.98745
704,83,667,450,0.90292,0.99201
704,89.5,667,450,1.2623,0.99064
704,96,667,450,1.6822,0.98295
704,102.5,667,450,2.2399,0.97513
704,109,667,450,2.825,0.97804
704,115.5,667,450,-2.8816,0.98673
704,122,667,450,-2.3766,0.98421
704,128.5,667,450,-1.8699,0.96305
704,135,667,450,-1.1804,0.82711
704,141.5,667,450,-1.3224,0.94773
704,148,667,450,-0.96002,0.96192
704,154.5,667,450,-0.64604,0.9719
704,161,667,450,-0.39775,0.99989
704,167.5,667,450,0.055106,0.98121
704,174,667,450,1.6459,0.018879
704,180.5,667,450,0.030181,0.7677
704,187,667,450,0.34096,0.79142
704,193.5,667,450,0.66732,0.72403
704,200,667,450,0.30648,0.96205
755,5,667,450,-0.24629,0.96111
755,11.5,667,450,-0.24629,0.96111
755,18,667,450,-0.224,0.96156
755,24.5,667,450,-0.19922,0.96213
755,31,667,450,-0.16033,0.96329
755,37.5,667,450,-0.11397,0.9648
755,44,667,450,-0.052861,0.96681
755,50.5,667,450,0.029866,0.97006
755,57,667,450,0.15359,0.97468
755,63.5,667,450,0.27643,0.97849
755,70,667,450,0.4518,0.98269
755,76.5,667,450,0.69788,0.98527
755,83,667,450,0.98983,0.9841
755,89.5,667,450,1.3734,0.97828
755,96,667,450,1.8193,0.97414
755,102.5,667,450,2.4172,0.9736
755,109,667,450,-3.1388,0.92223
755,115.5,667,450,-2.7183,0.98901
755,122,667,450,-2.1911,0.97115
755,128.5,667,450,-1.5447,0.89667
755,135,667,450,-1.3917,0.9839
755,141.5,667,450,-0.971,0.99467
755,148,667,450,-0.59619,0.99196
755,154.5,667,450,-0.20037,0.96628
755,161,667,450,-0.0032287,0.9734
755,167.5,667,450,0.65793,0.81969
755,174,667,450,-0.46608,0.20099
755,180.5,667,450,0.5418,0.68768
755,187,667,450,0.94879,0.63307
755,193.5,667,450,2.7632,1.6618e-06
755,200,667,450,0.80146,0.99115
806,5,667,450,-0.24892,0.95809
806,11.5,667,450,-0.24892,0.95809
806,18,667,450,-0.22515,0.95892
806,24.5,667,450,-0.19853,0.96003
806,31,667,450,-0.15699,0.96147
806,37.5,667,450,-0.10734,0.96333
806,44,667,450,-0.041603,0.96559
806,50.5,667,450,0.047222,0.96856
806,57,667,450,0.17972,0.97206
806,63.5,667,450,0.31103,0.97412
806,70,667,450,0.49861,0.97531
806,76.5,667,450,0.76021,0.97389
806,83,667,450,1.07,0.97061
806,89.5,667,450,1.477,0.96816
806,96,667,450,1.9532,0.97292
806,102.5,667,450,2.602,0.97267
806,109,667,450,-2.7236,0.76882
806,115.5,667,450,-2.5378,0.9738
806,122,667,450,-1.9425,0.94531
806,128.5,667,450,-1.7008,0.98797
806,135,667,450,-1.1007,0.99111
806,141.5,667,450,-0.62822,0.96173
806,148,667,450,-0.18355,0.89484
806,154.5,667,450,0.32289,0.75389
806,161,667,450,0.42112,0.90544
806,167.5,667,450,1.2988,0.46039
806,174,667,450,0.40197,0.68766
806,180.5,667,450,1.617,0.67679
806,187,667,450,0.62668,0.046551
806,193.5,667,450,0.73178,0.90103
806,200,667,450,1.4509,0.9508
857,5,667,450,-0.25307,0.95502
857,11.5,667,450,-0.25307,0.95502
857,18,667,450,-0.22776,0.95599
857,24.5,667,450,-0.19908,0.95708
857,31,667,450,-0.15486,0.95829
857,37.5,667,450,-0.10191,0.95991
857,44,667,450,-0.031638,0.96163
857,50.5,667,450,0.062744,0.96351
857,57,667,450,0.20305,0.96514
857,63.5,667,450,0.34203,0.96552
857,70,667,450,0.54031,0.96545
857,76.5,667,450,0.81649,0.96469
857,83,667,450,1.1444,0.96654
857,89.5,667,450,1.5787,0.97386
857,96,667,450,2.0914,0.98292
857,102.5,667,450,2.7877,0.96954
857,109,667,450,-2.3822,0.65828
857,115.5,667,450,-2.2865,0.95293
857,122,667,450,-0.85058,0.27401
857,128.5,667,450,-1.3872,0.97665
857,135,667,450,-0.77931,0.94794
857,141.5,667,450,-0.24055,0.87679
857,148,667,450,0.28287,0.78657
857,154.5,667,450,0.89785,0.63736
857,161,667,450,1.1663,0.47927
857,167.5,667,450,2.2254,0.067988
857,174,667,450,2.7012,0.022989
857,180.5,667,450,1.0189,0.33462
857,187,667,450,2.834,0.00056557
857,193.5,667,450,1.5779,0.75738
857,200,667,450,2.12,0.73336
908,5,667,450,-0.25813,0.95463
908,11.5,667,450,-0.25813,0.95463
908,18,667,450,-0.23124,0.95528
908,24.5,667,450,-0.20064,0.95584
908,31,667,450,-0.15395,0.95657
908,37.5,667,450,-0.097952,0.95759
908,44,667,450,-0.023521,0.95853
908,50.5,667,450,0.075906,0.95955
908,57,667,450,0.22343,0.96066
908,63.5,667,450,0.36947,0.96108
908,70,667,450,0.57886,0.96271
908,76.5,667,450,0.871,0.96785
908,83,667,450,1.2212,0.97732
908,89.5,667,450,1.6869,0.98757
908,96,667,450,2.2362,0.99104
908,102.5,667,450,2.9701,0.97111
908,109,667,450,-2.0516,0.68955
908,115.5,667,450,-1.8817,0.83915
908,122,667,450,-2.25,0.67484
908,128.5,667,450,-1.0695,0.93185
908,135,667,450,-0.38417,0.86689
908,141.5,667,450,0.26283,0.79555
908,148,667,450,0.95868,0.69448
908,154.5,667,450,1.807,0.59819
908,161,667,450,2.2269,0.0046612
908,167.5,667,450,-1.2015,0.072393
908,174,667,450,1.0175,0.4933
908,180.5,667,450,2.1423,0.53896
908,187,667,450,1.2801,0.33337
908,193.5,667,450,2.3483,0.71807
908,200,667,450,2.8731,0.69717
959,5,667,450,-0.27034,0.95714
959,11.5,667,450,-0.27034,0.95714
959,18,667,450,-0.24196,0.9575
959,24.5,667,450,-0.20989,0.9575
959,31,667,450,-0.16098,0.95782
959,37.5,667,450,-0.1022,0.95843
959,44,667,450,-0.023913,0.95907
959,50.5,667,450,0.080371,0.96031
959,57,667,450,0.23548,0.96268
959,63.5,667,450,0.3892,0.96492
959,70,667,450,0.61099,0.97056
959,76.5,667,450,0.92201,0.97997
959,83,667,450,1.2969,0.99066
959,89.5,667,450,1.7946,0.99342
959,96,667,450,2.3734,0.98457
959,102.5,667,450,-3.139,0.97481
959,109,667,450,-1.7606,0.80137
959,115.5,667,450,-1.3394,0.56687
959,122,667,450,-1.7902,0.78055
959,128.5,667,450,-0.6721,0.85619
959,135,667,450,0.15122,0.76387
959,141.5,667,450,0.99164,0.59649
959,148,667,450,1.8668,0.35247
959,154.5,667,450,2.8294,0.20808
959,161,667,450,0.38628,0.19789
959,167.5,667,450,0.63041,0.2705
959,174,667,450,1.9315,0.64188
959,180.5,667,450,2.929,0.46433
959,187,667,450,2.7125,0.8857
959,193.5,667,450,-2.9335,0.89875
959,200,667,450,-2.0313,0.98362
1010,5,667,450,-0.27323,0.96042
1010,11.5,667,450,-0.27323,0.96042
1010,18,667,450,-0.24381,0.96043
1010,24.5,667,450,-0.21027,0.96064
1010,31,667,450,-0.15922,0.96097
1010,37.5,667,450,-0.097724,0.96172
1010,44,667,450,-0.015539,0.96279
1010,50.5,667,450,0.093989,0.96513
1010,57,667,450,0.25747,0.9694
1010,63.5,667,450,0.42001,0.97333
1010,70,667,450,0.65569,0.98034
1010,76.5,667,450,0.987,0.98793
1010,83,667,450,1.3852,0.99016
1010,89.5,667,450,1.9083,0.98335
1010,96,667,450,2.5118,0.97263
1010,102.5,667,450,-2.9573,0.9776
1010,109,667,450,-1.5165,0.88659
1010,115.5,667,450,-0.76114,0.33903
1010,122,667,450,-1.3302,0.7191
1010,128.5,667,450,-0.14591,0.74043
1010,135,667,450,0.82353,0.55584
1010,141.5,667,450,1.747,0.32301
1010,148,667,450,2.7113,0.10358
1010,154.5,667,450,0.83412,0.0034959
1010,161,667,450,1.9511,0.62997
1010,167.5,667,450,1.6705,0.15137
1010,174,667,450,2.7037,0.58961
1010,180.5,667,450,-3.0846,0.6824
1010,187,667,450,-2.5494,0.73394
1010,193.5,667,450,-1.9789,0.79974
1010,200,667,450,0.39758,0.12606
1061,5,667,450,-0.27521,0.96155
1061,11.5,667,450,-0.27521,0.96155
1061,18,667,450,-0.2445,0.96206
1061,24.5,667,450,-0.20941,0.96249
1061,31,667,450,-0.15608,0.9633
1061,37.5,667,450,-0.091688,0.96454
1061,44,667,450,-0.0052683,0.96638
1061,50.5,667,450,0.11009,0.96963
1061,57,667,450,0.28271,0.97446
1061,63.5,667,450,0.45451,0.97809
1061,70,667,450,0.70379,0.9824
1061,76.5,667,450,1.0531,0.98368
1061,83,667,450,1.4695,0.97848
1061,89.5,667,450,2.0139,0.97044
1061,96,667,450,2.6463,0.97306
1061,102.5,667,450,-2.7795,0.97687
1061,109,667,450,-1.3207,0.90009
1061,115.5,667,450,-0.19901,0.26825
1061,122,667,450,-0.80423,0.6093
1061,128.5,667,450,0.42892,0.60872
1061,135,667,450,1.4404,0.42979
1061,141.5,667,450,2.4747,0.18973
1061,148,667,450,0.69351,0.01838
1061,154.5,667,450,2.0506,0.53563
1061,161,667,450,3.1371,0.97613
1061,167.5,667,450,2.4871,0.091092
1061,174,667,450,-2.8293,0.52926
1061,180.5,667,450,-2.4425,0.68193
1061,187,667,450,-1.9627,0.72618
1061,193.5,667,450,-1.1504,0.80022
1061,200,667,450,-3.0207,0.43127
1112,5,667,450,-0.27774,0.95938
1112,11.5,667,450,-0.27774,0.95938
1112,18,667,450,-0.2453,0.96069
1112,24.5,667,450,-0.20848,0.96147
1112,31,667,450,-0.15264,0.96277
1112,37.5,667,450,-0.085083,0.96443
1112,44,667,450,0.005891,0.9666
1112,50.5,667,450,0.12732,0.96967
1112,57,667,450,0.30883,0.97307
1112,63.5,667,450,0.48909,0.97461
1112,70,667,450,0.74988,0.97448
1112,76.5,667,450,1.1139,0.97117
1112,83,667,450,1.5459,0.96821
1112,89.5,667,450,2.1149,0.96998
1112,96,667,450,2.7838,0.98284
1112,102.5,667,450,-2.6025,0.97363
1112,109,667,450,-1.6183,0.010341
1112,115.5,667,450,0.40259,0.21205
1112,122,667,450,-0.26069,0.57687
1112,128.5,667,450,0.94018,0.59636
1112,135,667,450,2.0322,0.45677
1112,141.5,667,450,-2.7542,0.0063804
1112,148,667,450,2.0411,0.55783
1112,154.5,667,450,3.004,0.8601
1112,161,667,450,-2.5226,0.91342
1112,167.5,667,450,-3.0379,0.26782
1112,174,667,450,-2.1004,0.51979
1112,180.5,667,450,-1.9019,0.85928
1112,187,667,450,-1.3589,0.83664
1112,193.5,667,450,2.5914,0.028539
1112,200,667,450,-1.3194,0.88626
1163,5,667,450,-0.28201,0.95922
1163,11.5,667,450,-0.28201,0.95922
1163,18,667,450,-0.24831,0.96003
1163,24.5,667,450,-0.20964,0.96098
1163,31,667,450,-0.15108,0.96233
1163,37.5,667,450,-0.080227,0.96393
1163,44,667,450,0.015278,0.96565
1163,50.5,667,450,0.14238,0.96753
1163,57,667,450,0.33175,0.96883
1163,63.5,667,450,0.51936,0.96877
1163,70,667,450,0.79035,0.96744
1163,76.5,667,450,1.168,0.96673
1163,83,667,450,1.6197,0.97272
1163,89.5,667,450,2.2207,0.98366
1163,96,667,450,2.9272,0.98888
1163,102.5,667,450,-2.4282,0.97311
1163,109,667,450,-1.4376,0.96752
1163,115.5,667,450,1.1859,0.017371
1163,122,667,450,0.24345,0.66956
1163,128.5,667,450,1.4053,0.72535
1163,135,667,450,2.7857,0.37969
1163,141.5,667,450,1.8655,0.45208
1163,148,667,450,2.8646,0.74952
1163,154.5,667,450,-2.7706,0.7885
1163,161,667,450,-2.2238,0.88583
1163,167.5,667,450,-2.1862,0.77907
1163,174,667,450,-1.0119,0.34831
1163,180.5,667,450,-1.2386,0.96867
1163,187,667,450,0.59521,0.0028054
1163,193.5,667,450,-1.0512,0.76383
1163,200,667,450,-0.57608,0.82768
1214,5,667,450,-0.28681,0.9571
1214,11.5,667,450,-0.28681,0.9571
1214,18,667,450,-0.25153,0.95792
1214,24.5,667,450,-0.21099,0.95872
1214,31,667,450,-0.14983,0.95969
1214,37.5,667,450,-0.07587,0.96093
1214,44,667,450,0.023864,0.96196
1214,50.5,667,450,0.15602,0.96297
1214,57,667,450,0.3525,0.96368
1214,63.5,667,450,0.54721,0.96434
1214,70,667,450,0.82887,0.96556
1214,76.5,667,450,1.223,0.97243
1214,83,667,450,1.6999,0.98505
1214,89.5,667,450,2.3335,0.99327
1214,96,667,450,3.0705,0.98331
1214,102.5,667,450,-2.2492,0.9776
1214,109,667,450,-1.318,0.97163
1214,115.5,667,450,-0.79093,0.44634
1214,122,667,450,0.68221,0.83949
1214,128.5,667,450,1.8637,0.86509
1214,135,667,450,1.2288,0.12273
1214,141.5,667,450,2.6467,0.74914
1214,148,667,450,-2.976,0.83138
1214,154.5,667,450,-2.4237,0.87566
1214,161,667,450,-1.9648,0.95397
1214,167.5,667,450,-1.5198,0.99154
1214,174,667,450,-1.3324,0.89784
1214,180.5,667,450,-2.0687,0.011144
1214,187,667,450,-2.5391,0.15433
1214,193.5,667,450,-0.55058,0.84955
1214,200,667,450,-0.12058,0.87467
1265,5,667,450,-0.29176,0.95812
1265,11.5,667,450,-0.29176,0.95812
1265,18,667,450,-0.25501,0.9587
1265,24.5,667,450,-0.21271,0.95918
1265,31,667,450,-0.14921,0.95961
1265,37.5,667,450,-0.072342,0.96042
1265,44,667,450,0.031323,0.96112
1265,50.5,667,450,0.16833,0.96228
1265,57,667,450,0.37215,0.96445
1265,63.5,667,450,0.57454,0.96729
1265,70,667,450,0.86889,0.97332
1265,76.5,667,450,1.2835,0.98411
1265,83,667,450,1.7856,0.99311
1265,89.5,667,450,2.4486,0.98731
1265,96,667,450,-3.0728,0.97496
1265,102.5,667,450,-2.0663,0.97674
1265,109,667,450,-1.2248,0.99963
1265,115.5,667,450,-0.066583,0.90361
1265,122,667,450,1.0365,0.96008
1265,128.5,667,450,2.3932,0.83833
1265,135,667,450,2.3204,0.77406
1265,141.5,667,450,3.0784,0.89145
1265,148,667,450,-2.6008,0.95729
1265,154.5,667,450,-2.0147,0.99242
1265,161,667,450,-1.443,0.91548
1265,167.5,667,450,-0.8734,0.80054
1265,174,667,450,-0.35037,0.85832
1265,180.5,667,450,-0.61751,0.67693
1265,187,667,450,-0.71264,0.9814
1265,193.5,667,450,-0.091779,0.95776
1265,200,667,450,0.33116,0.96265
1316,5,667,450,-0.30421,0.96137
1316,11.5,667,450,-0.30421,0.96137
1316,18,667,450,-0.26611,0.96161
1316,24.5,667,450,-0.22221,0.96191
1316,31,667,450,-0.15659,0.96217
1316,37.5,667,450,-0.076922,0.96288
1316,44,667,450,0.030667,0.96388
1316,50.5,667,450,0.17288,0.96611
1316,57,667,450,0.3851,0.97052
1316,63.5,667,450,0.59655,0.97475
1316,70,667,450,0.90534,0.98222
1316,76.5,667,450,1.3405,0.98918
1316,83,667,450,1.8642,0.98673
1316,89.5,667,450,2.5482,0.97551
1316,96,667,450,-2.9456,0.97474
1316,102.5,667,450,-1.8939,0.97338
1316,109,667,450,-1.0696,0.95895
1316,115.5,667,450,0.24912,0.9785
1316,122,667,450,1.2864,0.99188
1316,128.5,667,450,1.5745,0.56811
1316,135,667,450,2.747,0.93233
1316,141.5,667,450,-2.8508,0.98111
1316,148,667,450,-2.2214,0.97101
1316,154.5,667,450,-1.4936,0.82375
1316,161,667,450,-2.4391,0.44294
1316,167.5,667,450,-1.0133,0.97933
1316,174,667,450,-0.86293,0.82812
1316,180.5,667,450,0.22966,0.78024
1316,187,667,450,-0.10869,0.84655
1316,193.5,667,450,0.45817,0.86604
1316,200,667,450,0.75464,0.9
1367,5,667,450,-0.30645,0.96395
1367,11.5,667,450,-0.30645,0.96395
1367,18,667,450,-0.26707,0.96416
1367,24.5,667,450,-0.22163,0.96444
1367,31,667,450,-0.15384,0.96514
1367,37.5,667,450,-0.071339,0.96613
1367,44,667,450,0.04044,0.96779
1367,50.5,667,450,0.18853,0.97089
1367,57,667,450,0.40983,0.97598
1367,63.5,667,450,0.63094,0.97987
1367,70,667,450,0.95343,0.98396
1367,76.5,667,450,1.4057,0.98274
1367,83,667,450,1.9451,0.97462
1367,89.5,667,450,2.6508,0.97135
1367,96,667,450,-2.8085,0.98156
1367,102.5,667,450,-1.7172,0.96766
1367,109,667,450,-0.85969,0.91922
1367,115.5,667,450,0.44387,0.9885
1367,122,667,450,1.4711,0.98533
1367,128.5,667,450,2.2506,0.95108
1367,135,667,450,3.065,0.98401
1367,141.5,667,450,-2.5128,0.95084
1367,148,667,450,-1.8193,0.83212
1367,154.5,667,450,-2.6133,0.38481
1367,161,667,450,0.16685,0.023024
1367,167.5,667,450,-0.66626,0.99254
1367,174,667,450,-0.12643,0.99146
1367,180.5,667,450,1.6657,0.14638
1367,187,667,450,0.43677,0.6641
1367,193.5,667,450,1.2479,0.41368
1367,200,667,450,1.0156,0.94049
1418,5,667,450,-0.30818,0.96373
1418,11.5,667,450,-0.30818,0.96373
1418,18,667,450,-0.26758,0.96409
1418,24.5,667,450,-0.22045,0.96465
1418,31,667,450,-0.15017,0.96593
1418,37.5,667,450,-0.064656,0.96732
1418,44,667,450,0.051609,0.96934
1418,50.5,667,450,0.20573,0.97242
1418,57,667,450,0.43612,0.97589
1418,63.5,667,450,0.66577,0.97718
1418,70,667,450,0.99961,0.9762
1418,76.5,667,450,1.465,0.97102
1418,83,667,450,2.0206,0.96981
1418,89.5,667,450,2.7548,0.9805
1418,96,667,450,-2.6649,0.98831
1418,102.5,667,450,-1.5395,0.97183
1418,109,667,450,-0.59205,0.87331
1418,115.5,667,450,0.607,0.97865
1418,122,667,450,1.6582,0.95148
1418,128.5,667,450,2.5299,0.98704
1418,135,667,450,-2.9283,0.95552
1418,141.5,667,450,-2.1611,0.85788
1418,148,667,450,2.8695,0.00023559
1418,154.5,667,450,-1.3313,0.93462
1418,161,667,450,-1.8067,0.24855
1418,167.5,667,450,-0.047211,0.83813
1418,174,667,450,0.33078,0.92818
1418,180.5,667,450,-0.23538,0.15198
1418,187,667,450,1.1251,0.65438
1418,193.5,667,450,0.071565,0.61409
1418,200,667,450,1.5302,0.97731
1469,5,667,450,-0.31103,0.96087
1469,11.5,667,450,-0.31103,0.96087
1469,18,667,450,-0.26901,0.96141
1469,24.5,667,450,-0.22013,0.96233
1469,31,667,450,-0.14704,0.96379
1469,37.5,667,450,-0.058326,0.96536
1469,44,667,450,0.062451,0.96713
1469,50.5,667,450,0.22229,0.96907
1469,57,667,450,0.46059,0.97019
1469,63.5,667,450,0.69733,0.96918
1469,70,667,450,1.0408,0.96746
1469,76.5,667,450,1.5196,0.96722
1469,83,667,450,2.0967,0.97765
1469,89.5,667,450,2.8661,0.99228
1469,96,667,450,-2.5219,0.98492
1469,102.5,667,450,-1.3575,0.97792
1469,109,667,450,-0.24821,0.82801
1469,115.5,667,450,0.79873,0.97313
1469,122,667,450,1.6867,0.98632
1469,128.5,667,450,2.775,0.97262
1469,135,667,450,-2.611,0.9009
1469,141.5,667,450,-1.2309,0.37927
1469,148,667,450,-1.6748,0.86387
1469,154.5,667,450,-0.74257,0.84697
1469,161,667,450,-1.306,0.28999
1469,167.5,667,450,1.2877,0.038388
1469,174,667,450,0.86825,0.81497
1469,180.5,667,450,1.2636,0.87262
1469,187,667,450,0.67421,0.14053
1469,193.5,667,450,1.2801,0.78492
1469,200,667,450,2.202,0.78656
