500,25,683,260,-0.1252,0.96322
500,30,683,260,-0.063598,0.96637
500,35,683,260,0.0017816,0.96978
500,40,683,260,0.096367,0.97334
500,45,683,260,0.18056,0.97515
500,50,683,260,0.29948,0.97713
500,55,683,260,0.43024,0.97795
500,60,683,260,0.60553,0.97601
500,65,683,260,0.7693,0.97249
500,70,683,260,0.97101,0.96783
500,75,683,260,1.1731,0.96299
500,80,683,260,1.421,0.95533
500,85,683,260,1.7162,0.94822
500,90,683,260,2.0105,0.93775
500,95,683,260,2.2828,0.93083
500,100,683,260,2.6024,0.91702
500,105,683,260,2.9311,0.91112
500,110,683,260,-3.0166,0.91494
500,115,683,260,-2.6885,0.92929
500,120,683,260,-2.314,0.95485
500,125,683,260,-1.9261,0.97039
500,130,683,260,-1.4267,0.94018
500,135,683,260,-0.95076,0.85401
500,140,683,260,-0.77661,0.81132
500,145,683,260,-0.5781,0.75863
500,150,683,260,-0.46106,0.73292
510,25,683,260,-0.13398,0.9617
510,30,683,260,-0.071279,0.96474
510,35,683,260,-0.0043757,0.96792
510,40,683,260,0.091971,0.97105
510,45,683,260,0.17756,0.97245
510,50,683,260,0.29863,0.97386
510,55,683,260,0.43196,0.97399
510,60,683,260,0.61001,0.97136
510,65,683,260,0.77623,0.96755
510,70,683,260,0.98168,0.96309
510,75,683,260,1.1874,0.95862
510,80,683,260,1.4395,0.95134
510,85,683,260,1.7409,0.94586
510,90,683,260,2.0403,0.93662
510,95,683,260,2.3171,0.93152
510,100,683,260,2.6437,0.92186
510,105,683,260,2.9788,0.91825
510,110,683,260,-2.9597,0.92873
510,115,683,260,-2.6209,0.94484
510,120,683,260,-2.2324,0.96714
510,125,683,260,-1.8328,0.96514
510,130,683,260,-1.329,0.90952
510,135,683,260,-0.86054,0.81226
510,140,683,260,-0.69114,0.77322
510,145,683,260,-0.49903,0.73107
510,150,683,260,-0.38406,0.71235
520,25,683,260,-0.12779,0.96161
520,30,683,260,-0.063804,0.96451
520,35,683,260,0.0044972,0.96745
520,40,683,260,0.10274,0.97016
520,45,683,260,0.18998,0.97117
520,50,683,260,0.31326,0.97209
520,55,683,260,0.44898,0.97174
520,60,683,260,0.63013,0.9686
520,65,683,260,0.79926,0.96469
520,70,683,260,1.0083,0.96082
520,75,683,260,1.2179,0.95674
520,80,683,260,1.4745,0.95043
520,85,683,260,1.7822,0.94625
520,90,683,260,2.0875,0.94025
520,95,683,260,2.371,0.93697
520,100,683,260,2.7036,0.93062
520,105,683,260,3.0474,0.93261
520,110,683,260,-2.88,0.94615
520,115,683,260,-2.5289,0.96045
520,120,683,260,-2.1256,0.97154
520,125,683,260,-1.7174,0.94966
520,130,683,260,-1.2145,0.87319
520,135,683,260,-0.75598,0.77921
520,140,683,260,-0.59018,0.74824
520,145,683,260,-0.40085,0.72041
520,150,683,260,-0.28595,0.71134
530,25,683,260,-0.13564,0.96005
530,30,683,260,-0.070591,0.96272
530,35,683,260,-0.00083184,0.96532
530,40,683,260,0.099083,0.96754
530,45,683,260,0.18764,0.96815
530,50,683,260,0.31296,0.96855
530,55,683,260,0.45112,0.96772
530,60,683,260,0.6349,0.96429
530,65,683,260,0.80657,0.96065
530,70,683,260,1.0194,0.95751
530,75,683,260,1.2326,0.95424
530,80,683,260,1.4937,0.949
530,85,683,260,1.8066,0.94685
530,90,683,260,2.1193,0.94206
530,95,683,260,2.4083,0.94038
530,100,683,260,2.7475,0.9389
530,105,683,260,3.0994,0.94251
530,110,683,260,-2.8168,0.95632
530,115,683,260,-2.4551,0.9673
530,120,683,260,-2.0409,0.9628
530,125,683,260,-1.6281,0.92377
530,130,683,260,-1.1301,0.83791
530,135,683,260,-0.67967,0.75557
530,140,683,260,-0.51557,0.73402
530,145,683,260,-0.32658,0.72181
530,150,683,260,-0.20951,0.7222
540,25,683,260,-0.13026,0.9599
540,30,683,260,-0.063967,0.96235
540,35,683,260,0.0071318,0.96466
540,40,683,260,0.10885,0.96644
540,45,683,260,0.19897,0.9667
540,50,683,260,0.32638,0.9667
540,55,683,260,0.46683,0.96562
540,60,683,260,0.65364,0.96207
540,65,683,260,0.82821,0.95878
540,70,683,260,1.0448,0.95674
540,75,683,260,1.262,0.9543
540,80,683,260,1.5279,0.95025
540,85,683,260,1.8481,0.9498
540,90,683,260,2.1665,0.94747
540,95,683,260,2.4618,0.94821
540,100,683,260,2.8096,0.94968
540,105,683,260,-3.1118,0.95506
540,110,683,260,-2.7324,0.96776
540,115,683,260,-2.3608,0.97001
540,120,683,260,-1.9378,0.94776
540,125,683,260,-1.5241,0.89381
540,130,683,260,-1.0329,0.80837
540,135,683,260,-0.58645,0.7464
540,140,683,260,-0.42133,0.73738
540,145,683,260,-0.22734,0.74288
540,150,683,260,-0.10452,0.75399
550,25,683,260,-0.11939,0.95977
550,30,683,260,-0.051872,0.96197
550,35,683,260,0.020541,0.96396
550,40,683,260,0.12403,0.96535
550,45,683,260,0.21568,0.9653
550,50,683,260,0.34516,0.965
550,55,683,260,0.48789,0.96384
550,60,683,260,0.6777,0.96038
550,65,683,260,0.85524,0.95763
550,70,683,260,1.0758,0.95687
550,75,683,260,1.2971,0.95541
550,80,683,260,1.568,0.95279
550,85,683,260,1.895,0.95406
550,90,683,260,2.2209,0.95505
550,95,683,260,2.5234,0.95596
550,100,683,260,2.8796,0.95927
550,105,683,260,-3.0317,0.96642
550,110,683,260,-2.6416,0.97251
550,115,683,260,-2.261,0.96472
550,120,683,260,-1.8331,0.92435
550,125,683,260,-1.4209,0.86259
550,130,683,260,-0.93516,0.78865
550,135,683,260,-0.48799,0.75227
550,140,683,260,-0.31835,0.75614
550,145,683,260,-0.11482,0.77938
550,150,683,260,0.016063,0.80026
560,25,683,260,-0.12795,0.95827
560,30,683,260,-0.059453,0.96016
560,35,683,260,0.014306,0.96178
560,40,683,260,0.11931,0.96274
560,45,683,260,0.21217,0.96243
560,50,683,260,0.34355,0.96184
560,55,683,260,0.48861,0.96066
560,60,683,260,0.68103,0.95757
560,65,683,260,0.86116,0.95565
560,70,683,260,1.0859,0.9563
560,75,683,260,1.3112,0.95603
560,80,683,260,1.5872,0.95492
560,85,683,260,1.9207,0.9579
560,90,683,260,2.2539,0.95908
560,95,683,260,2.5623,0.96092
560,100,683,260,2.9277,0.9668
560,105,683,260,-2.9754,0.97122
560,110,683,260,-2.5757,0.97092
560,115,683,260,-2.1884,0.95023
560,120,683,260,-1.7597,0.89975
560,125,683,260,-1.351,0.83612
560,130,683,260,-0.86715,0.77666
560,135,683,260,-0.41496,0.76662
560,140,683,260,-0.23873,0.78247
560,145,683,260,-0.02257,0.82062
560,150,683,260,0.11794,0.84819
570,25,683,260,-0.12302,0.95831
570,30,683,260,-0.053355,0.95993
570,35,683,260,0.021651,0.96125
570,40,683,260,0.12833,0.96189
570,45,683,260,0.22266,0.96139
570,50,683,260,0.35604,0.96067
570,55,683,260,0.50337,0.9597
570,60,683,260,0.69898,0.95716
570,65,683,260,0.88208,0.9561
570,70,683,260,1.1111,0.95824
570,75,683,260,1.3408,0.95908
570,80,683,260,1.6221,0.95934
570,85,683,260,1.963,0.9639
570,90,683,260,2.3035,0.96641
570,95,683,260,2.6195,0.96967
570,100,683,260,2.9936,0.97448
570,105,683,260,-2.8988,0.97471
570,110,683,260,-2.4908,0.96454
570,115,683,260,-2.0996,0.93514
570,120,683,260,-1.6715,0.87397
570,125,683,260,-1.2651,0.81639
570,130,683,260,-0.78025,0.77891
570,135,683,260,-0.31403,0.79775
570,140,683,260,-0.12705,0.82532
570,145,683,260,0.10679,0.87389
570,150,683,260,0.25938,0.90308
580,25,683,260,-0.13072,0.9569
580,30,683,260,-0.060128,0.95822
580,35,683,260,0.016156,0.95921
580,40,683,260,0.1243,0.95958
580,45,683,260,0.21981,0.959
580,50,683,260,0.35504,0.95826
580,55,683,260,0.50474,0.95764
580,60,683,260,0.70308,0.95584
580,65,683,260,0.889,0.95592
580,70,683,260,1.1226,0.95956
580,75,683,260,1.3566,0.96153
580,80,683,260,1.6433,0.96323
580,85,683,260,1.9912,0.96776
580,90,683,260,2.3398,0.97149
580,95,683,260,2.6624,0.97269
580,100,683,260,3.0448,0.9766
580,105,683,260,-2.8403,0.97114
580,110,683,260,-2.4269,0.95162
580,115,683,260,-2.0317,0.91428
580,120,683,260,-1.6061,0.85206
580,125,683,260,-1.2013,0.80274
580,130,683,260,-0.71163,0.78802
580,135,683,260,-0.22685,0.83309
580,140,683,260,-0.027871,0.86791
580,145,683,260,0.22378,0.91774
580,150,683,260,0.38703,0.94077
590,25,683,260,-0.12569,0.95712
590,30,683,260,-0.053993,0.95818
590,35,683,260,0.023481,0.95893
590,40,683,260,0.13324,0.95912
590,45,683,260,0.23019,0.95852
590,50,683,260,0.36742,0.95786
590,55,683,260,0.51946,0.95773
590,60,683,260,0.72099,0.95678
590,65,683,260,0.91024,0.95797
590,70,683,260,1.1485,0.96304
590,75,683,260,1.3871,0.96602
590,80,683,260,1.6796,0.96877
590,85,683,260,2.035,0.97416
590,90,683,260,2.3916,0.97807
590,95,683,260,2.7205,0.97737
590,100,683,260,3.1122,0.97724
590,105,683,260,-2.765,0.96756
590,110,683,260,-2.3458,0.93654
590,115,683,260,-1.9495,0.89687
590,120,683,260,-1.5253,0.83712
590,125,683,260,-1.1201,0.80063
590,130,683,260,-0.61915,0.81174
590,135,683,260,-0.10731,0.87892
590,140,683,260,0.10624,0.91439
590,145,683,260,0.37646,0.95167
590,150,683,260,0.54863,0.95912
600,25,683,260,-0.12112,0.95748
600,30,683,260,-0.048334,0.95832
600,35,683,260,0.03031,0.9589
600,40,683,260,0.14168,0.95901
600,45,683,260,0.24006,0.95848
600,50,683,260,0.37929,0.95804
600,55,683,260,0.53372,0.95854
600,60,683,260,0.73858,0.95845
600,65,683,260,0.9313,0.96079
600,70,683,260,1.1743,0.96717
600,75,683,260,1.4177,0.97098
600,80,683,260,1.7162,0.97456
600,85,683,260,2.0793,0.98
600,90,683,260,2.4436,0.98155
600,95,683,260,2.7796,0.98061
600,100,683,260,-3.1041,0.97629
600,105,683,260,-2.6902,0.95971
600,110,683,260,-2.2679,0.92146
600,115,683,260,-1.8709,0.88038
600,120,683,260,-1.4483,0.82839
600,125,683,260,-1.0389,0.8084
600,130,683,260,-0.52014,0.84382
600,135,683,260,0.022607,0.92214
600,140,683,260,0.25015,0.94859
600,145,683,260,0.53408,0.95938
600,150,683,260,0.71033,0.94639
