500,5,618,450,-0.25165,0.95272
500,11.5,618,450,-0.25165,0.95272
500,18,618,450,-0.23471,0.95358
500,24.5,618,450,-0.21638,0.95445
500,31,618,450,-0.1857,0.95509
500,37.5,618,450,-0.14938,0.95586
500,44,618,450,-0.10227,0.95671
500,50.5,618,450,-0.035725,0.95605
500,57,618,450,0.066442,0.9524
500,63.5,618,450,0.1704,0.94581
500,70,618,450,0.31908,0.936
500,76.5,618,450,0.53716,0.91672
500,83,618,450,0.81376,0.89265
500,89.5,618,450,1.2152,0.86858
500,96,618,450,1.789,0.83198
500,102.5,618,450,2.6488,0.29608
500,109,618,450,2.7845,0.31665
500,115.5,618,450,-2.9201,0.4069
500,122,618,450,-2.5032,0.48008
500,128.5,618,450,-2.1005,0.57873
500,135,618,450,-1.7728,0.63928
500,141.5,618,450,-1.4933,0.65856
500,148,618,450,-1.2479,0.60005
500,154.5,618,450,-1.0935,0.47092
500,161,618,450,-1.0706,0.42309
500,167.5,618,450,-1.0559,0.42565
500,174,618,450,-1.0182,0.55509
500,180.5,618,450,-0.82417,0.65483
500,187,618,450,-0.67389,0.67673
500,193.5,618,450,-0.50531,0.66442
500,200,618,450,-0.32166,0.61589
551,5,618,450,-0.25767,0.95412
551,11.5,618,450,-0.25767,0.95412
551,18,618,450,-0.23909,0.95458
551,24.5,618,450,-0.21883,0.95491
551,31,618,450,-0.18549,0.95487
551,37.5,618,450,-0.14573,0.95486
551,44,618,450,-0.093786,0.95475
551,50.5,618,450,-0.0211,0.95303
551,57,618,450,0.090405,0.94836
551,63.5,618,450,0.20418,0.94137
551,70,618,450,0.36756,0.93154
551,76.5,618,450,0.60812,0.91461
551,83,618,450,0.91446,0.89477
551,89.5,618,450,1.3514,0.87607
551,96,618,450,1.9417,0.85431
551,102.5,618,450,2.6079,0.35629
551,109,618,450,3.061,0.60538
551,115.5,618,450,-2.587,0.7115
551,122,618,450,-2.1219,0.75968
551,128.5,618,450,-1.7182,0.75893
551,135,618,450,-1.413,0.72018
551,141.5,618,450,-1.1455,0.69129
551,148,618,450,-0.83468,0.50176
551,154.5,618,450,-0.97306,0.33494
551,161,618,450,-0.97156,0.43026
551,167.5,618,450,-0.931,0.65873
551,174,618,450,-0.69247,0.81792
551,180.5,618,450,-0.45195,0.84723
551,187,618,450,-0.27923,0.84573
551,193.5,618,450,-0.089485,0.79873
551,200,618,450,0.055939,0.67184
602,5,618,450,-0.2702,0.95826
602,11.5,618,450,-0.2702,0.95826
602,18,618,450,-0.25025,0.95831
602,24.5,618,450,-0.22832,0.95835
602,31,618,450,-0.19259,0.95803
602,37.5,618,450,-0.14975,0.95761
602,44,618,450,-0.093379,0.95714
602,50.5,618,450,-0.014846,0.95552
602,57,618,450,0.10599,0.95175
602,63.5,618,450,0.22964,0.94598
602,70,618,450,0.4089,0.9386
602,76.5,618,450,0.67354,0.92554
602,83,618,450,1.0111,0.90821
602,89.5,618,450,1.4822,0.88983
602,96,618,450,2.0686,0.86911
602,102.5,618,450,2.6928,0.71594
602,109,618,450,-2.9021,0.8395
602,115.5,618,450,-2.2699,0.82906
602,122,618,450,-1.8421,0.7606
602,128.5,618,450,-1.5288,0.71692
602,135,618,450,-1.2601,0.72856
602,141.5,618,450,-0.9813,0.72751
602,148,618,450,-0.75353,0.44749
602,154.5,618,450,-0.7422,0.52739
602,161,618,450,-0.70492,0.58813
602,167.5,618,450,-0.50711,0.86154
602,174,618,450,-0.26429,0.93778
602,180.5,618,450,-0.01631,0.94359
602,187,618,450,0.16497,0.92932
602,193.5,618,450,0.35428,0.93509
602,200,618,450,0.56794,0.91142
653,5,618,450,-0.2728,0.96111
653,11.5,618,450,-0.2728,0.96111
653,18,618,450,-0.25155,0.96111
653,24.5,618,450,-0.22801,0.96137
653,31,618,450,-0.18984,0.96146
653,37.5,618,450,-0.14393,0.96138
653,44,618,450,-0.083032,0.96151
653,50.5,618,450,0.001767,0.961
653,57,618,450,0.13278,0.95899
653,63.5,618,450,0.26739,0.95473
653,70,618,450,0.46392,0.9489
653,76.5,618,450,0.75462,0.93615
653,83,618,450,1.1237,0.91562
653,89.5,618,450,1.6286,0.89254
653,96,618,450,2.2171,0.87222
653,102.5,618,450,2.95,0.86902
653,109,618,450,-2.675,0.86641
653,115.5,618,450,-2.0902,0.77946
653,122,618,450,-1.7344,0.73039
653,128.5,618,450,-1.3974,0.81038
653,135,618,450,-1.0651,0.83063
653,141.5,618,450,-0.77132,0.81303
653,148,618,450,-0.41036,0.67979
653,154.5,618,450,-0.26122,0.47189
653,161,618,450,-0.31087,0.52413
653,167.5,618,450,-0.051842,0.69406
653,174,618,450,0.19701,0.65994
653,180.5,618,450,0.34937,0.56879
653,187,618,450,0.44197,0.71849
653,193.5,618,450,0.69595,0.84301
653,200,618,450,0.94244,0.86519
704,5,618,450,-0.27531,0.95984
704,11.5,618,450,-0.27531,0.95984
704,18,618,450,-0.25263,0.96026
704,24.5,618,450,-0.22723,0.961
704,31,618,450,-0.18632,0.96174
704,37.5,618,450,-0.13701,0.96237
704,44,618,450,-0.071113,0.96337
704,50.5,618,450,0.020603,0.96372
704,57,618,450,0.16266,0.9622
704,63.5,618,450,0.30868,0.95774
704,70,618,450,0.52266,0.95017
704,76.5,618,450,0.83806,0.93265
704,83,618,450,1.236,0.90649
704,89.5,618,450,1.775,0.88054
704,96,618,450,2.4049,0.84311
704,102.5,618,450,3.0968,0.85407
704,109,618,450,-2.5342,0.83749
704,115.5,618,450,-2.0018,0.81211
704,122,618,450,-1.563,0.87069
704,128.5,618,450,-1.1261,0.80576
704,135,618,450,-0.78114,0.70338
704,141.5,618,450,-0.53605,0.64369
704,148,618,450,-0.073676,0.4988
704,154.5,618,450,-0.0067026,0.32101
704,161,618,450,0.036753,0.43919
704,167.5,618,450,0.34736,0.44545
704,174,618,450,0.46989,0.36224
704,180.5,618,450,0.45267,0.56178
704,187,618,450,0.77332,0.84636
704,193.5,618,450,1.115,0.94523
704,200,618,450,1.3948,0.95386
755,5,618,450,-0.27981,0.95585
755,11.5,618,450,-0.27981,0.95585
755,18,618,450,-0.25552,0.95667
755,24.5,618,450,-0.22801,0.95769
755,31,618,450,-0.18409,0.95864
755,37.5,618,450,-0.13106,0.95961
755,44,618,450,-0.05984,0.96083
755,50.5,618,450,0.038942,0.96081
755,57,618,450,0.19169,0.95787
755,63.5,618,450,0.34845,0.9516
755,70,618,450,0.57796,0.94099
755,76.5,618,450,0.91537,0.91933
755,83,618,450,1.3401,0.89444
755,89.5,618,450,1.9165,0.86893
755,96,618,450,2.6295,0.77702
755,102.5,618,450,-3.0644,0.8354
755,109,618,450,-2.4063,0.81913
755,115.5,618,450,-1.7757,0.84737
755,122,618,450,-1.3186,0.74387
755,128.5,618,450,-0.89364,0.59457
755,135,618,450,-0.56406,0.48901
755,141.5,618,450,-0.34066,0.4663
755,148,618,450,0.10427,0.32504
755,154.5,618,450,0.1864,0.28863
755,161,618,450,0.61041,0.3467
755,167.5,618,450,0.81126,0.19712
755,174,618,450,0.6572,0.20775
755,180.5,618,450,0.92697,0.60669
755,187,618,450,1.3493,0.7342
755,193.5,618,450,1.7168,0.73657
755,200,618,450,1.9723,0.65359
806,5,618,450,-0.28611,0.95318
806,11.5,618,450,-0.28611,0.95318
806,18,618,450,-0.26007,0.95402
806,24.5,618,450,-0.23046,0.95479
806,31,618,450,-0.18357,0.95535
806,37.5,618,450,-0.12684,0.95599
806,44,618,450,-0.050442,0.9566
806,50.5,618,450,0.054889,0.95552
806,57,618,450,0.21728,0.95093
806,63.5,618,450,0.38373,0.94343
806,70,618,450,0.62779,0.93253
806,76.5,618,450,0.98581,0.91446
806,83,618,450,1.4395,0.89531
806,89.5,618,450,2.0598,0.87322
806,96,618,450,2.8716,0.71627
806,102.5,618,450,-2.897,0.8021
806,109,618,450,-2.2211,0.6939
806,115.5,618,450,-1.5915,0.66983
806,122,618,450,-1.1278,0.58951
806,128.5,618,450,-0.65378,0.44143
806,135,618,450,-0.22276,0.32609
806,141.5,618,450,0.16367,0.16656
806,148,618,450,0.1761,0.18043
806,154.5,618,450,0.46488,0.21417
806,161,618,450,0.93504,0.15298
806,167.5,618,450,1.1124,0.11716
806,174,618,450,1.0478,0.17929
806,180.5,618,450,1.5877,0.40375
806,187,618,450,1.9906,0.39197
806,193.5,618,450,2.1695,0.30196
806,200,618,450,2.2723,0.48315
857,5,618,450,-0.2925,0.95438
857,11.5,618,450,-0.2925,0.95438
857,18,618,450,-0.26474,0.95492
857,24.5,618,450,-0.2333,0.95525
857,31,618,450,-0.18378,0.95521
857,37.5,618,450,-0.12365,0.95522
857,44,618,450,-0.042492,0.9551
857,50.5,618,450,0.068833,0.95331
857,57,618,450,0.24031,0.94891
857,63.5,618,450,0.41613,0.94219
857,70,618,450,0.67548,0.93433
857,76.5,618,450,1.058,0.92174
857,83,618,450,1.5456,0.90842
857,89.5,618,450,2.212,0.8857
857,96,618,450,3.1145,0.70296
857,102.5,618,450,-2.6172,0.6959
857,109,618,450,-2.1301,0.55947
857,115.5,618,450,-1.4007,0.55573
857,122,618,450,-0.83316,0.47397
857,128.5,618,450,-0.12413,0.25596
857,135,618,450,0.46125,0.046942
857,141.5,618,450,-0.92948,0.053483
857,148,618,450,0.18441,0.16514
857,154.5,618,450,0.77546,0.2431
857,161,618,450,1.5418,0.16649
857,167.5,618,450,1.8554,0.0999
857,174,618,450,1.8772,0.19566
857,180.5,618,450,2.5245,0.2997
857,187,618,450,2.9387,0.20356
857,193.5,618,450,2.6998,0.17282
857,200,618,450,2.7231,0.29353
908,5,618,450,-0.29699,0.95827
908,11.5,618,450,-0.29699,0.95827
908,18,618,450,-0.26782,0.95848
908,24.5,618,450,-0.23471,0.95865
908,31,618,450,-0.1828,0.95839
908,37.5,618,450,-0.11953,0.95811
908,44,618,450,-0.033873,0.95788
908,50.5,618,450,0.08343,0.95668
908,57,618,450,0.26462,0.95408
908,63.5,618,450,0.45116,0.94971
908,70,618,450,0.72761,0.94506
908,76.5,618,450,1.1376,0.93415
908,83,618,450,1.6604,0.91519
908,89.5,618,450,2.3672,0.88217
908,96,618,450,-2.9357,0.72913
908,102.5,618,450,-2.2176,0.43686
908,109,618,450,-1.9379,0.5041
908,115.5,618,450,-1.0458,0.45323
908,122,618,450,-0.1931,0.25567
908,128.5,618,450,0.64284,0.0105
908,135,618,450,-0.70311,0.028723
908,141.5,618,450,-0.14762,0.07544
908,148,618,450,0.92815,0.12367
908,154.5,618,450,1.5817,0.17892
908,161,618,450,2.4004,0.21796
908,167.5,618,450,2.774,0.23005
908,174,618,450,-2.9912,0.37938
908,180.5,618,450,-2.2769,0.31647
908,187,618,450,-1.6243,0.070173
908,193.5,618,450,2.9821,0.032267
908,200,618,450,-2.9984,0.32736
959,5,618,450,-0.30939,0.96105
959,11.5,618,450,-0.30939,0.96105
959,18,618,450,-0.27898,0.96097
959,24.5,618,450,-0.24404,0.96155
959,31,618,450,-0.18966,0.96172
959,37.5,618,450,-0.12323,0.96176
959,44,618,450,-0.032894,0.96211
959,50.5,618,450,0.090951,0.96206
959,57,618,450,0.28295,0.96077
959,63.5,618,450,0.48122,0.95706
959,70,618,450,0.77591,0.95132
959,76.5,618,450,1.2122,0.93487
959,83,618,450,1.7641,0.90613
959,89.5,618,450,2.5064,0.87212
959,96,618,450,-2.7443,0.76443
959,102.5,618,450,-1.8986,0.20636
959,109,618,450,-1.5896,0.43351
959,115.5,618,450,-0.37861,0.26145
959,122,618,450,0.67914,0.015709
959,128.5,618,450,-0.65998,0.016908
959,135,618,450,0.53469,0.047082
959,141.5,618,450,1.588,0.081995
959,148,618,450,2.6633,0.12398
959,154.5,618,450,2.7201,0.099134
959,161,618,450,-2.9312,0.29307
959,167.5,618,450,-2.5185,0.39471
959,174,618,450,-2.0092,0.42059
959,180.5,618,450,-1.2647,0.26929
959,187,618,450,-0.82415,0.0099862
959,193.5,618,450,-2.6061,0.13287
959,200,618,450,-1.9777,0.25014
1010,5,618,450,-0.31185,0.9599
1010,11.5,618,450,-0.31185,0.9599
1010,18,618,450,-0.27989,0.96054
1010,24.5,618,450,-0.24305,0.96107
1010,31,618,450,-0.18588,0.96186
1010,37.5,618,450,-0.11602,0.96246
1010,44,618,450,-0.020627,0.96343
1010,50.5,618,450,0.11026,0.96375
1010,57,618,450,0.31338,0.96174
1010,63.5,618,450,0.52299,0.9561
1010,70,618,450,0.83428,0.94578
1010,76.5,618,450,1.2921,0.9226
1010,83,618,450,1.8687,0.89395
1010,89.5,618,450,2.6484,0.86967
1010,96,618,450,-2.5817,0.79294
1010,102.5,618,450,-1.617,0.14741
1010,109,618,450,-1.0441,0.33672
1010,115.5,618,450,0.51737,0.075881
1010,122,618,450,-0.39001,0.007116
1010,128.5,618,450,0.95642,0.055239
1010,135,618,450,2.0896,0.15269
1010,141.5,618,450,2.7265,0.2584
1010,148,618,450,-2.5457,0.27112
1010,154.5,618,450,-2.6845,0.11601
1010,161,618,450,-2.4181,0.29267
1010,167.5,618,450,-1.9624,0.51727
1010,174,618,450,-1.4877,0.45825
1010,180.5,618,450,-1.0501,0.12259
1010,187,618,450,-1.6786,0.22982
1010,193.5,618,450,-1.1921,0.41855
1010,200,618,450,-0.79166,0.20312
1061,5,618,450,-0.31584,0.95635
1061,11.5,618,450,-0.31584,0.95635
1061,18,618,450,-0.28229,0.95692
1061,24.5,618,450,-0.24346,0.9578
1061,31,618,450,-0.18328,0.95869
1061,37.5,618,450,-0.10977,0.95948
1061,44,618,450,-0.0091304,0.96046
1061,50.5,618,450,0.12865,0.95997
1061,57,618,450,0.34196,0.95574
1061,63.5,618,450,0.56157,0.94788
1061,70,618,450,0.88671,0.9354
1061,76.5,618,450,1.364,0.91415
1061,83,618,450,1.9689,0.89524
1061,89.5,618,450,2.7913,0.87965
1061,96,618,450,-2.4493,0.82369
1061,102.5,618,450,-1.2293,0.15867
1061,109,618,450,-0.44188,0.27489
1061,115.5,618,450,0.92473,0.035232
1061,122,618,450,0.95397,0.060154
1061,128.5,618,450,2.1157,0.20889
1061,135,618,450,2.9101,0.30264
1061,141.5,618,450,-3.1265,0.47371
1061,148,618,450,-2.219,0.39829
1061,154.5,618,450,-2.2864,0.31218
1061,161,618,450,-1.9288,0.59208
1061,167.5,618,450,-1.4386,0.63403
1061,174,618,450,-1.1802,0.43296
1061,180.5,618,450,-1.0407,0.5348
1061,187,618,450,-0.69204,0.63315
1061,193.5,618,450,-0.18551,0.48773
1061,200,618,450,-0.13307,0.1849
1112,5,618,450,-0.32193,0.95419
1112,11.5,618,450,-0.32193,0.95419
1112,18,618,450,-0.28687,0.95409
1112,24.5,618,450,-0.24597,0.95501
1112,31,618,450,-0.18289,0.95546
1112,37.5,618,450,-0.10574,0.95594
1112,44,618,450,-7.2742e-05,0.95634
1112,50.5,618,450,0.14399,0.95485
1112,57,618,450,0.36636,0.94952
1112,63.5,618,450,0.59482,0.9418
1112,70,618,450,0.93415,0.93223
1112,76.5,618,450,1.4347,0.91966
1112,83,618,450,2.0748,0.90841
1112,89.5,618,450,2.9431,0.88779
1112,96,618,450,-2.3087,0.84686
1112,102.5,618,450,-0.95456,0.18778
1112,109,618,450,0.040652,0.32289
1112,115.5,618,450,1.1017,0.11015
1112,122,618,450,1.801,0.19657
1112,128.5,618,450,2.6498,0.34283
1112,135,618,450,-3.0545,0.43033
1112,141.5,618,450,-2.724,0.78617
1112,148,618,450,-2.091,0.66828
1112,154.5,618,450,-1.7215,0.73392
1112,161,618,450,-1.2664,0.66506
1112,167.5,618,450,-1.0163,0.44466
1112,174,618,450,-1.0204,0.47863
1112,180.5,618,450,-0.57927,0.73736
1112,187,618,450,-0.19353,0.7286
1112,193.5,618,450,0.16325,0.39299
1112,200,618,450,0.29447,0.32554
1163,5,618,450,-0.32942,0.95776
1163,11.5,618,450,-0.32942,0.95776
1163,18,618,450,-0.29258,0.95834
1163,24.5,618,450,-0.24969,0.95891
1163,31,618,450,-0.18399,0.95878
1163,37.5,618,450,-0.10346,0.95872
1163,44,618,450,0.0068928,0.95859
1163,50.5,618,450,0.15688,0.95692
1163,57,618,450,0.38842,0.95278
1163,63.5,618,450,0.62705,0.94721
1163,70,618,450,0.9829,0.94208
1163,76.5,618,450,1.5114,0.93379
1163,83,618,450,2.1873,0.9155
1163,89.5,618,450,3.0933,0.88426
1163,96,618,450,-2.1177,0.81899
1163,102.5,618,450,-0.89829,0.28362
1163,109,618,450,0.43594,0.48695
1163,115.5,618,450,1.4976,0.24381
1163,122,618,450,2.1761,0.32064
1163,128.5,618,450,2.8763,0.52155
1163,135,618,450,-2.8069,0.71232
1163,141.5,618,450,-2.2979,0.87828
1163,148,618,450,-1.7775,0.88878
1163,154.5,618,450,-1.3091,0.81907
1163,161,618,450,-0.87847,0.43707
1163,167.5,618,450,-0.87426,0.42442
1163,174,618,450,-0.74933,0.75853
1163,180.5,618,450,-0.21339,0.90953
1163,187,618,450,0.16065,0.86909
1163,193.5,618,450,0.48641,0.83834
1163,200,618,450,0.83503,0.72224
1214,5,618,450,-0.33433,0.9616
1214,11.5,618,450,-0.33433,0.9616
1214,18,618,450,-0.29601,0.96179
1214,24.5,618,450,-0.25128,0.96206
1214,31,618,450,-0.18317,0.96185
1214,37.5,618,450,-0.099452,0.96164
1214,44,618,450,0.015512,0.96158
1214,50.5,618,450,0.17169,0.96081
1214,57,618,450,0.41348,0.95889
1214,63.5,618,450,0.6636,0.95568
1214,70,618,450,1.0383,0.95134
1214,76.5,618,450,1.5949,0.93707
1214,83,618,450,2.3002,0.90731
1214,89.5,618,450,-3.0441,0.87377
1214,96,618,450,-1.8854,0.71804
1214,102.5,618,450,-0.73909,0.61059
1214,109,618,450,0.79228,0.61974
1214,115.5,618,450,1.6865,0.34847
1214,122,618,450,2.3636,0.54819
1214,128.5,618,450,-3.1216,0.81607
1214,135,618,450,-2.4565,0.8496
1214,141.5,618,450,-1.9001,0.76795
1214,148,618,450,-1.6405,0.8575
1214,154.5,618,450,-1.0617,0.85617
1214,161,618,450,-0.74349,0.59907
1214,167.5,618,450,-0.51406,0.47003
1214,174,618,450,-0.25011,0.83393
1214,180.5,618,450,0.26379,0.85622
1214,187,618,450,0.58131,0.87804
1214,193.5,618,450,0.99282,0.86306
1214,200,618,450,1.4252,0.7582
1265,5,618,450,-0.3371,0.96443
1265,11.5,618,450,-0.3371,0.96443
1265,18,618,450,-0.29742,0.96443
1265,24.5,618,450,-0.25099,0.96466
1265,31,618,450,-0.18033,0.96492
1265,37.5,618,450,-0.093366,0.96501
1265,44,618,450,0.026423,0.96547
1265,50.5,618,450,0.18939,0.96562
1265,57,618,450,0.44244,0.96435
1265,63.5,618,450,0.70455,0.95983
1265,70,618,450,1.0973,0.95171
1265,76.5,618,450,1.676,0.92804
1265,83,618,450,2.4055,0.89619
1265,89.5,618,450,-2.9032,0.87182
1265,96,618,450,-1.6364,0.5989
1265,102.5,618,450,-0.43176,0.85342
1265,109,618,450,1.0152,0.61805
1265,115.5,618,450,1.8002,0.5839
1265,122,618,450,2.6699,0.84313
1265,128.5,618,450,-2.8184,0.8313
1265,135,618,450,-2.2561,0.7999
1265,141.5,618,450,-1.6209,0.53976
1265,148,618,450,-1.4203,0.89336
1265,154.5,618,450,-0.79733,0.88557
1265,161,618,450,-0.18012,0.61427
1265,167.5,618,450,-0.14918,0.3585
1265,174,618,450,0.23092,0.55339
1265,180.5,618,450,0.44142,0.51094
1265,187,618,450,0.85909,0.87621
1265,193.5,618,450,1.3539,0.90448
1265,200,618,450,1.7732,0.74914
1316,5,618,450,-0.3502,0.96351
1316,11.5,618,450,-0.3502,0.96351
1316,18,618,450,-0.30916,0.96378
1316,24.5,618,450,-0.26096,0.96421
1316,31,618,450,-0.18747,0.96489
1316,37.5,618,450,-0.097039,0.96544
1316,44,618,450,0.027848,0.96624
1316,50.5,618,450,0.19786,0.96621
1316,57,618,450,0.46184,0.9632
1316,63.5,618,450,0.73471,0.95587
1316,70,618,450,1.1419,0.94217
1316,76.5,618,450,1.7395,0.91777
1316,83,618,450,2.4957,0.89703
1316,89.5,618,450,-2.7682,0.88234
1316,96,618,450,-1.391,0.55093
1316,102.5,618,450,-0.24683,0.87376
1316,109,618,450,1.0512,0.60879
1316,115.5,618,450,2.0661,0.85469
1316,122,618,450,2.9364,0.84228
1316,128.5,618,450,-2.6774,0.77133
1316,135,618,450,-2.0359,0.86741
1316,141.5,618,450,-1.3443,0.56747
1316,148,618,450,-1.1387,0.73576
1316,154.5,618,450,-0.54161,0.6435
1316,161,618,450,0.20736,0.37451
1316,167.5,618,450,0.17526,0.32502
1316,174,618,450,0.61992,0.3295
1316,180.5,618,450,0.6837,0.63786
1316,187,618,450,1.3119,0.91293
1316,193.5,618,450,1.8221,0.92172
1316,200,618,450,2.2567,0.91023
1367,5,618,450,-0.35386,0.9599
1367,11.5,618,450,-0.35386,0.9599
1367,18,618,450,-0.31131,0.96049
1367,24.5,618,450,-0.26115,0.96127
1367,31,618,450,-0.18469,0.96188
1367,37.5,618,450,-0.090642,0.96246
1367,44,618,450,0.039374,0.96308
1367,50.5,618,450,0.21602,0.96209
1367,57,618,450,0.4896,0.95683
1367,63.5,618,450,0.77149,0.94757
1367,70,618,450,1.1917,0.93489
1367,76.5,618,450,1.8102,0.91926
1367,83,618,450,2.6019,0.90892
1367,89.5,618,450,-2.6148,0.8887
1367,96,618,450,-1.1301,0.57017
1367,102.5,618,450,-0.11832,0.85997
1367,109,618,450,1.1357,0.83631
1367,115.5,618,450,2.3091,0.83067
1367,122,618,450,3.0896,0.76745
1367,128.5,618,450,-2.4574,0.8533
1367,135,618,450,-1.712,0.66834
1367,141.5,618,450,-0.99646,0.40216
1367,148,618,450,-0.76802,0.46257
1367,154.5,618,450,-0.2715,0.47051
1367,161,618,450,0.51036,0.21217
1367,167.5,618,450,0.90501,0.23993
1367,174,618,450,1.0424,0.15526
1367,180.5,618,450,1.282,0.5554
1367,187,618,450,1.9345,0.55359
1367,193.5,618,450,2.215,0.60226
1367,200,618,450,2.6098,0.67363
1418,5,618,450,-0.35959,0.95709
1418,11.5,618,450,-0.35959,0.95709
1418,18,618,450,-0.31529,0.95788
1418,24.5,618,450,-0.26314,0.95872
1418,31,618,450,-0.18391,0.95893
1418,37.5,618,450,-0.086299,0.95917
1418,44,618,450,0.048609,0.95932
1418,50.5,618,450,0.23134,0.95748
1418,57,618,450,0.51362,0.95221
1418,63.5,618,450,0.80452,0.94478
1418,70,618,450,1.24,0.938
1418,76.5,618,450,1.8859,0.931
1418,83,618,450,2.7152,0.91533
1418,89.5,618,450,-2.4624,0.88049
1418,96,618,450,-0.90881,0.62095
1418,102.5,618,450,0.020493,0.84484
1418,109,618,450,1.3473,0.83612
1418,115.5,618,450,2.4588,0.74738
1418,122,618,450,-3.0415,0.7942
1418,128.5,618,450,-2.1485,0.62943
1418,135,618,450,-1.4589,0.44221
1418,141.5,618,450,-0.69828,0.29027
1418,148,618,450,-0.10062,0.25596
1418,154.5,618,450,0.29873,0.084285
1418,161,618,450,0.60973,0.070804
1418,167.5,618,450,1.1171,0.1329
1418,174,618,450,1.6433,0.10259
1418,180.5,618,450,1.9985,0.31771
1418,187,618,450,2.3912,0.2018
1418,193.5,618,450,2.6464,0.40412
1418,200,618,450,3.0224,0.83196
1469,5,618,450,-0.36596,0.95788
1469,11.5,618,450,-0.36596,0.95788
1469,18,618,450,-0.31999,0.95863
1469,24.5,618,450,-0.26581,0.95915
1469,31,618,450,-0.18415,0.95903
1469,37.5,618,450,-0.083222,0.95889
1469,44,618,450,0.056363,0.95886
1469,50.5,618,450,0.24502,0.95745
1469,57,618,450,0.53671,0.95447
1469,63.5,618,450,0.83833,0.95055
1469,70,618,450,1.2924,0.94791
1469,76.5,618,450,1.9683,0.93778
1469,83,618,450,2.8274,0.90728
1469,89.5,618,450,-2.319,0.87043
1469,96,618,450,-0.75901,0.67744
1469,102.5,618,450,0.23912,0.78256
1469,109,618,450,1.4877,0.74907
1469,115.5,618,450,2.6224,0.67926
1469,122,618,450,-2.7795,0.64253
1469,128.5,618,450,-1.9054,0.43824
1469,135,618,450,-1.0655,0.3077
1469,141.5,618,450,-0.13683,0.185
1469,148,618,450,1.7071,0.091605
1469,154.5,618,450,-1.0087,0.064105
1469,161,618,450,0.66141,0.12876
1469,167.5,618,450,1.8441,0.20204
1469,174,618,450,2.3668,0.13052
1469,180.5,618,450,-3.1318,0.28567
1469,187,618,450,-3.0329,0.053253
1469,193.5,618,450,2.9405,0.30249
1469,200,618,450,-2.5452,0.53897
