500,5,695,450,-0.20882,0.95844
500,11.5,695,450,-0.20882,0.95844
500,18,695,450,-0.19413,0.95936
500,24.5,695,450,-0.17864,0.96047
500,31,695,450,-0.15314,0.96199
500,37.5,695,450,-0.12359,0.96379
500,44,695,450,-0.086173,0.96607
500,50.5,695,450,-0.034867,0.96909
500,57,695,450,0.040197,0.97273
500,63.5,695,450,0.11321,0.97542
500,70,695,450,0.21368,0.97826
500,76.5,695,450,0.35008,0.98111
500,83,695,450,0.50428,0.98134
500,89.5,695,450,0.70398,0.97987
500,96,695,450,0.93738,0.97654
500,102.5,695,450,1.2653,0.97161
500,109,695,450,1.6436,0.96949
500,115.5,695,450,2.176,0.97143
500,122,695,450,2.9484,0.84942
500,128.5,695,450,1.5698,0.0066179
500,135,695,450,2.6242,0.42203
500,141.5,695,450,3.1298,0.56808
500,148,695,450,-2.7867,0.63919
500,154.5,695,450,-2.4877,0.69553
500,161,695,450,-2.2065,0.74018
500,167.5,695,450,-1.956,0.7404
500,174,695,450,-2.0703,0.93173
500,180.5,695,450,-1.6638,0.87887
500,187,695,450,-1.45,0.88652
500,193.5,695,450,-1.1694,0.86882
500,200,695,450,-0.29939,0.6391
551,5,695,450,-0.212,0.95572
551,11.5,695,450,-0.212,0.95572
551,18,695,450,-0.19575,0.95667
551,24.5,695,450,-0.17845,0.9578
551,31,695,450,-0.15039,0.95902
551,37.5,695,450,-0.11769,0.96055
551,44,695,450,-0.075951,0.96238
551,50.5,695,450,-0.019275,0.96451
551,57,695,450,0.063394,0.96663
551,63.5,695,450,0.14376,0.96769
551,70,695,450,0.25463,0.9691
551,76.5,695,450,0.40458,0.96904
551,83,695,450,0.57463,0.96796
551,89.5,695,450,0.79517,0.96621
551,96,695,450,1.0534,0.96643
551,102.5,695,450,1.4152,0.96864
551,109,695,450,1.8275,0.97458
551,115.5,695,450,2.3841,0.98869
551,122,695,450,-3.0356,0.88288
551,128.5,695,450,2.5673,0.45861
551,135,695,450,-3.0167,0.73669
551,141.5,695,450,-2.6092,0.80684
551,148,695,450,-2.2793,0.85551
551,154.5,695,450,-1.9956,0.89579
551,161,695,450,-1.7171,0.92974
551,167.5,695,450,-1.4464,0.94479
551,174,695,450,-1.3624,0.9705
551,180.5,695,450,-1.0293,0.96746
551,187,695,450,-0.60836,0.87999
551,193.5,695,450,-2.1738,0.00065472
551,200,695,450,-1.295,0.58615
602,5,695,450,-0.22181,0.95507
602,11.5,695,450,-0.22181,0.95507
602,18,695,450,-0.20406,0.95578
602,24.5,695,450,-0.18499,0.95665
602,31,695,450,-0.15463,0.95726
602,37.5,695,450,-0.11902,0.95813
602,44,695,450,-0.073327,0.95908
602,50.5,695,450,-0.011836,0.96012
602,57,695,450,0.077705,0.96104
602,63.5,695,450,0.16464,0.96123
602,70,695,450,0.28511,0.96176
602,76.5,695,450,0.44801,0.9626
602,83,695,450,0.63409,0.96417
602,89.5,695,450,0.87596,0.96651
602,96,695,450,1.1608,0.97265
602,102.5,695,450,1.5572,0.9765
602,109,695,450,1.9985,0.97812
602,115.5,695,450,2.5509,0.97564
602,122,695,450,-2.6154,0.73961
602,128.5,695,450,-3.0213,0.87323
602,135,695,450,-2.5512,0.92638
602,141.5,695,450,-2.1818,0.95447
602,148,695,450,-1.8645,0.97553
602,154.5,695,450,-1.583,0.98556
602,161,695,450,-1.2966,0.99003
602,167.5,695,450,-0.94285,0.98967
602,174,695,450,-0.68747,0.97018
602,180.5,695,450,0.85882,0.027328
602,187,695,450,-1.0275,0.46983
602,193.5,695,450,-1.0192,0.85879
602,200,695,450,-0.67848,0.82645
653,5,695,450,-0.22601,0.95712
653,11.5,695,450,-0.22601,0.95712
653,18,695,450,-0.20698,0.95744
653,24.5,695,450,-0.18627,0.95797
653,31,695,450,-0.15386,0.95818
653,37.5,695,450,-0.11567,0.95853
653,44,695,450,-0.066402,0.95893
653,50.5,695,450,-0.00047116,0.95967
653,57,695,450,0.095555,0.96079
653,63.5,695,450,0.18905,0.96157
653,70,695,450,0.31934,0.96369
653,76.5,695,450,0.49627,0.96787
653,83,695,450,0.70021,0.97358
653,89.5,695,450,0.96641,0.98022
653,96,695,450,1.2802,0.98768
653,102.5,695,450,1.7103,0.98727
653,109,695,450,2.1748,0.97658
653,115.5,695,450,2.7056,0.96652
653,122,695,450,3.092,0.92941
653,128.5,695,450,-2.6482,0.9673
653,135,695,450,-2.229,0.97785
653,141.5,695,450,-1.865,0.97931
653,148,695,450,-1.548,0.97394
653,154.5,695,450,-1.252,0.97292
653,161,695,450,-0.78378,0.92967
653,167.5,695,450,-0.83173,0.95699
653,174,695,450,-1.5202,0.24259
653,180.5,695,450,-0.59401,0.78006
653,187,695,450,0.48686,0.093188
653,193.5,695,450,-0.42991,0.9665
653,200,695,450,-0.18592,0.972
704,5,695,450,-0.22916,0.96036
704,11.5,695,450,-0.22916,0.96036
704,18,695,450,-0.20896,0.96043
704,24.5,695,450,-0.1868,0.96074
704,31,695,450,-0.15241,0.96107
704,37.5,695,450,-0.11175,0.96146
704,44,695,450,-0.058991,0.9621
704,50.5,695,450,0.011502,0.96356
704,57,695,450,0.11456,0.96612
704,63.5,695,450,0.2151,0.96842
704,70,695,450,0.35636,0.97287
704,76.5,695,450,0.54926,0.98003
704,83,695,450,0.77274,0.98695
704,89.5,695,450,1.065,0.99229
704,96,695,450,1.4063,0.99346
704,102.5,695,450,1.8666,0.98432
704,109,695,450,2.3551,0.9722
704,115.5,695,450,2.9009,0.97233
704,122,695,450,-2.9166,0.97901
704,128.5,695,450,-2.4165,0.97976
704,135,695,450,-1.9952,0.97411
704,141.5,695,450,-1.6278,0.96371
704,148,695,450,-1.2868,0.95043
704,154.5,695,450,-1.8182,0.56651
704,161,695,450,-0.85385,0.95778
704,167.5,695,450,-0.54381,0.95591
704,174,695,450,-0.38987,0.96388
704,180.5,695,450,0.067721,0.94213
704,187,695,450,-0.4973,0.63637
704,193.5,695,450,0.081094,0.87715
704,200,695,450,0.34538,0.87312
755,5,695,450,-0.23121,0.96213
755,11.5,695,450,-0.23121,0.96213
755,18,695,450,-0.20984,0.96239
755,24.5,695,450,-0.18627,0.9628
755,31,695,450,-0.14973,0.96363
755,37.5,695,450,-0.10644,0.96457
755,44,695,450,-0.049904,0.96599
755,50.5,695,450,0.025665,0.96857
755,57,695,450,0.13653,0.97252
755,63.5,695,450,0.24487,0.97579
755,70,695,450,0.398,0.98119
755,76.5,695,450,0.60778,0.98665
755,83,695,450,0.85018,0.98999
755,89.5,695,450,1.1658,0.98933
755,96,695,450,1.5314,0.98196
755,102.5,695,450,2.0193,0.97211
755,109,695,450,2.5404,0.96875
755,115.5,695,450,-3.0953,0.95432
755,122,695,450,-2.7715,0.98257
755,128.5,695,450,-2.2263,0.97332
755,135,695,450,-1.786,0.96069
755,141.5,695,450,-1.3679,0.94949
755,148,695,450,-1.2311,1.0019
755,154.5,695,450,-0.84851,0.98573
755,161,695,450,-0.52013,0.98682
755,167.5,695,450,-0.20605,0.98968
755,174,695,450,0.075861,0.98224
755,180.5,695,450,0.88416,0.81067
755,187,695,450,0.095688,0.63013
755,193.5,695,450,0.53776,0.74389
755,200,695,450,0.8579,0.69317
806,5,695,450,-0.2328,0.96102
806,11.5,695,450,-0.2328,0.96102
806,18,695,450,-0.21013,0.96165
806,24.5,695,450,-0.18503,0.96251
806,31,695,450,-0.14609,0.9638
806,37.5,695,450,-0.099866,0.96532
806,44,695,450,-0.039154,0.9674
806,50.5,695,450,0.041951,0.9703
806,57,695,450,0.16102,0.9744
806,63.5,695,450,0.27733,0.97705
806,70,695,450,0.44203,0.98043
806,76.5,695,450,0.66699,0.98163
806,83,695,450,0.92604,0.98006
806,89.5,695,450,1.2609,0.9737
806,96,695,450,1.6479,0.96828
806,102.5,695,450,2.1675,0.96573
806,109,695,450,2.7303,0.97007
806,115.5,695,450,-2.7352,0.85372
806,122,695,450,-2.6111,0.99
806,128.5,695,450,-2.0043,0.97106
806,135,695,450,-1.4426,0.92031
806,141.5,695,450,-1.4528,0.95227
806,148,695,450,-0.92144,0.99048
806,154.5,695,450,-0.54246,0.9894
806,161,695,450,-0.15258,0.96313
806,167.5,695,450,0.48651,0.72989
806,174,695,450,0.48008,0.93573
806,180.5,695,450,1.9946,0.10688
806,187,695,450,0.64186,0.73872
806,193.5,695,450,1.1095,0.77884
806,200,695,450,1.9023,0.5905
857,5,695,450,-0.23526,0.95797
857,11.5,695,450,-0.23526,0.95797
857,18,695,450,-0.21116,0.95879
857,24.5,695,450,-0.18423,0.9601
857,31,695,450,-0.14277,0.96146
857,37.5,695,450,-0.093425,0.96311
857,44,695,450,-0.02838,0.96515
857,50.5,695,450,0.058182,0.96759
857,57,695,450,0.18493,0.96979
857,63.5,695,450,0.30868,0.9711
857,70,695,450,0.48353,0.97147
857,76.5,695,450,0.72124,0.96994
857,83,695,450,0.99487,0.96693
857,89.5,695,450,1.3492,0.96424
857,96,695,450,1.7599,0.96777
857,102.5,695,450,2.317,0.97475
857,109,695,450,2.926,0.96494
857,115.5,695,450,-2.3536,0.69352
857,122,695,450,-2.3895,0.96517
857,128.5,695,450,-1.653,0.92157
857,135,695,450,-2.4441,0.29916
857,141.5,695,450,-1.1166,0.98385
857,148,695,450,-0.62047,0.97801
857,154.5,695,450,-0.18754,0.94999
857,161,695,450,0.27441,0.88746
857,167.5,695,450,1.6722,0.032205
857,174,695,450,0.97727,0.8389
857,180.5,695,450,0.43061,0.67026
857,187,695,450,1.7171,0.78367
857,193.5,695,450,-2.9628,0.0062534
857,200,695,450,0.67034,0.61793
908,5,695,450,-0.23911,0.95539
908,11.5,695,450,-0.23911,0.95539
908,18,695,450,-0.21343,0.95619
908,24.5,695,450,-0.18457,0.95756
908,31,695,450,-0.14069,0.95857
908,37.5,695,450,-0.088306,0.95981
908,44,695,450,-0.019139,0.96117
908,50.5,695,450,0.072425,0.9625
908,57,695,450,0.20609,0.96316
908,63.5,695,450,0.33634,0.96322
908,70,695,450,0.52035,0.963
908,76.5,695,450,0.77038,0.9628
908,83,695,450,1.0591,0.96477
908,89.5,695,450,1.436,0.97075
908,96,695,450,1.8769,0.98088
908,102.5,695,450,2.4746,0.98676
908,109,695,450,3.1204,0.97333
908,115.5,695,450,-2.0229,0.68479
908,122,695,450,-2.0756,0.88358
908,128.5,695,450,-0.97658,0.54522
908,135,695,450,-1.5915,0.83399
908,141.5,695,450,-0.78893,0.96362
908,148,695,450,-0.23433,0.93334
908,154.5,695,450,0.27915,0.88526
908,161,695,450,0.85599,0.81866
908,167.5,695,450,2.7227,0.00067433
908,174,695,450,1.7601,0.46038
908,180.5,695,450,2.4623,0.17662
908,187,695,450,0.53439,0.12431
908,193.5,695,450,2.1111,0.53286
908,200,695,450,1.7393,0.67555
959,5,695,450,-0.25044,0.95552
959,11.5,695,450,-0.25044,0.95552
959,18,695,450,-0.22332,0.95626
959,24.5,695,450,-0.19271,0.95689
959,31,695,450,-0.14658,0.95747
959,37.5,695,450,-0.091423,0.95814
959,44,695,450,-0.018507,0.9588
959,50.5,695,450,0.077588,0.95953
959,57,695,450,0.21775,0.9603
959,63.5,695,450,0.35435,0.96086
959,70,695,450,0.54776,0.96283
959,76.5,695,450,0.81175,0.96712
959,83,695,450,1.1195,0.97565
959,89.5,695,450,1.5228,0.98611
959,96,695,450,1.9961,0.99326
959,102.5,695,450,2.6283,0.98434
959,109,695,450,-2.9782,0.97151
959,115.5,695,450,-1.7186,0.80766
959,122,695,450,-1.686,0.76164
959,128.5,695,450,-0.042627,0.02913
959,135,695,450,-1.156,0.837
959,141.5,695,450,-0.35861,0.87847
959,148,695,450,0.29515,0.81132
959,154.5,695,450,0.9203,0.7054
959,161,695,450,1.6178,0.56883
959,167.5,695,450,-1.8583,0.10389
959,174,695,450,2.7529,0.031798
959,180.5,695,450,0.72457,0.2202
959,187,695,450,1.8307,0.71362
959,193.5,695,450,-2.5783,0.021491
959,200,695,450,2.5197,0.80195
1010,5,695,450,-0.25433,0.95842
1010,11.5,695,450,-0.25433,0.95842
1010,18,695,450,-0.2259,0.95839
1010,24.5,695,450,-0.19392,0.95866
1010,31,695,450,-0.1457,0.95905
1010,37.5,695,450,-0.087987,0.95946
1010,44,695,450,-0.011538,0.96
1010,50.5,695,450,0.08903,0.96116
1010,57,695,450,0.23597,0.96335
1010,63.5,695,450,0.37952,0.9657
1010,70,695,450,0.58403,0.97067
1010,76.5,695,450,0.8646,0.9791
1010,83,695,450,1.1931,0.98854
1010,89.5,695,450,1.6236,0.99367
1010,96,695,450,2.1229,0.98758
1010,102.5,695,450,2.7839,0.97472
1010,109,695,450,-2.787,0.96887
1010,115.5,695,450,-1.4427,0.8998
1010,122,695,450,-1.2539,0.6688
1010,128.5,695,450,-2.3616,0.038963
1010,135,695,450,-0.64767,0.71351
1010,141.5,695,450,0.20042,0.69636
1010,148,695,450,0.9391,0.57014
1010,154.5,695,450,1.6052,0.44485
1010,161,695,450,2.3416,0.32927
1010,167.5,695,450,-0.86003,0.22985
1010,174,695,450,1.0902,0.21173
1010,180.5,695,450,1.906,0.58269
1010,187,695,450,2.6398,0.72661
1010,193.5,695,450,2.8612,0.92749
1010,200,695,450,-2.8133,0.89199
1061,5,695,450,-0.25689,0.9613
1061,11.5,695,450,-0.25689,0.9613
1061,18,695,450,-0.22746,0.96134
1061,24.5,695,450,-0.19404,0.96156
1061,31,695,450,-0.14374,0.96208
1061,37.5,695,450,-0.083493,0.96275
1061,44,695,450,-0.0033799,0.96381
1061,50.5,695,450,0.10208,0.96605
1061,57,695,450,0.25671,0.96993
1061,63.5,695,450,0.40816,0.97369
1061,70,695,450,0.62504,0.97991
1061,76.5,695,450,0.92297,0.98688
1061,83,695,450,1.2712,0.98963
1061,89.5,695,450,1.7237,0.98407
1061,96,695,450,2.2435,0.9731
1061,102.5,695,450,2.9328,0.96642
1061,109,695,450,-2.602,0.97392
1061,115.5,695,450,-1.2319,0.92449
1061,122,695,450,-0.83689,0.68884
1061,128.5,695,450,-1.6101,0.10984
1061,135,695,450,-0.087553,0.57388
1061,141.5,695,450,0.7797,0.5331
1061,148,695,450,1.5279,0.44841
1061,154.5,695,450,2.2198,0.37962
1061,161,695,450,3.1306,0.20591
1061,167.5,695,450,0.84682,0.27454
1061,174,695,450,3.0082,0.87319
1061,180.5,695,450,2.7672,0.54329
1061,187,695,450,-2.9688,0.66568
1061,193.5,695,450,-2.5396,0.69239
1061,200,695,450,-2.0701,0.71817
1112,5,695,450,-0.25852,0.96166
1112,11.5,695,450,-0.25852,0.96166
1112,18,695,450,-0.22805,0.96273
1112,24.5,695,450,-0.19312,0.96323
1112,31,695,450,-0.14063,0.96411
1112,37.5,695,450,-0.077605,0.9653
1112,44,695,450,0.0065032,0.96707
1112,50.5,695,450,0.1174,0.97006
1112,57,695,450,0.2803,0.97439
1112,63.5,695,450,0.43991,0.97782
1112,70,695,450,0.66899,0.98138
1112,76.5,695,450,0.9822,0.9825
1112,83,695,450,1.3459,0.97792
1112,89.5,695,450,1.8156,0.96882
1112,96,695,450,2.3562,0.96644
1112,102.5,695,450,3.081,0.97389
1112,109,695,450,-2.4143,0.97334
1112,115.5,695,450,-0.97881,0.89409
1112,122,695,450,-0.45974,0.81076
1112,128.5,695,450,-0.88325,0.20321
1112,135,695,450,0.45952,0.55722
1112,141.5,695,450,1.3088,0.55361
1112,148,695,450,2.0904,0.53536
1112,154.5,695,450,2.9515,0.41089
1112,161,695,450,1.2879,0.0051803
1112,167.5,695,450,2.5962,0.5717
1112,174,695,450,-2.1058,0.82238
1112,180.5,695,450,-2.8228,0.50783
1112,187,695,450,3.0875,0.7337
1112,193.5,695,450,-2.0353,0.72029
1112,200,695,450,-1.448,0.72239
1163,5,695,450,-0.26166,0.96286
1163,11.5,695,450,-0.26166,0.96286
1163,18,695,450,-0.2295,0.96351
1163,24.5,695,450,-0.19292,0.96431
1163,31,695,450,-0.13802,0.96552
1163,37.5,695,450,-0.071982,0.96701
1163,44,695,450,0.016401,0.96897
1163,50.5,695,450,0.13289,0.97162
1163,57,695,450,0.3038,0.97444
1163,63.5,695,450,0.47107,0.9757
1163,70,695,450,0.71021,0.97565
1163,76.5,695,450,1.0358,0.97217
1163,83,695,450,1.4125,0.96838
1163,89.5,695,450,1.9014,0.96716
1163,96,695,450,2.4704,0.97706
1163,102.5,695,450,-3.0473,0.98431
1163,109,695,450,-2.2286,0.97091
1163,115.5,695,450,-1.3064,0.95673
1163,122,695,450,-0.14074,0.9301
1163,128.5,695,450,-0.17921,0.45229
1163,135,695,450,0.96733,0.69076
1163,141.5,695,450,1.8194,0.73198
1163,148,695,450,2.7199,0.68297
1163,154.5,695,450,-2.1531,0.071279
1163,161,695,450,2.7089,0.54523
1163,167.5,695,450,-2.9069,0.76754
1163,174,695,450,-1.4749,0.60255
1163,180.5,695,450,-2.1945,0.63047
1163,187,695,450,-2.1045,0.95133
1163,193.5,695,450,-1.4779,0.88812
1163,200,695,450,0.25092,0.022299
1214,5,695,450,-0.26447,0.95981
1214,11.5,695,450,-0.26447,0.95981
1214,18,695,450,-0.23087,0.96067
1214,24.5,695,450,-0.19249,0.9616
1214,31,695,450,-0.13515,0.96286
1214,37.5,695,450,-0.066057,0.96422
1214,44,695,450,0.026511,0.96579
1214,50.5,695,450,0.14816,0.96744
1214,57,695,450,0.32616,0.96836
1214,63.5,695,450,0.49984,0.96794
1214,70,695,450,0.74788,0.96649
1214,76.5,695,450,1.085,0.9653
1214,83,695,450,1.4771,0.96779
1214,89.5,695,450,1.99,0.97843
1214,96,695,450,2.5921,0.99011
1214,102.5,695,450,-2.8883,0.98607
1214,109,695,450,-2.0403,0.97001
1214,115.5,695,450,-1.1081,0.96877
1214,122,695,450,0.10063,0.97134
1214,128.5,695,450,0.43282,0.76769
1214,135,695,450,1.4207,0.8784
1214,141.5,695,450,2.3092,0.89841
1214,148,695,450,-2.6795,0.43583
1214,154.5,695,450,2.5525,0.49615
1214,161,695,450,-2.8885,0.78563
1214,167.5,695,450,-2.4428,0.90706
1214,174,695,450,-0.40702,0.0058572
1214,180.5,695,450,-1.519,0.8763
1214,187,695,450,-1.4379,0.96361
1214,193.5,695,450,-0.52744,0.88878
1214,200,695,450,-1.085,0.72303
1265,5,695,450,-0.26856,0.95773
1265,11.5,695,450,-0.26856,0.95773
1265,18,695,450,-0.23348,0.9585
1265,24.5,695,450,-0.19333,0.95933
1265,31,695,450,-0.13355,0.9603
1265,37.5,695,450,-0.061561,0.96127
1265,44,695,450,0.034914,0.96217
1265,50.5,695,450,0.16121,0.96296
1265,57,695,450,0.34559,0.96326
1265,63.5,695,450,0.52548,0.96315
1265,70,695,450,0.78252,0.96439
1265,76.5,695,450,1.1334,0.96897
1265,83,695,450,1.5451,0.97984
1265,89.5,695,450,2.0867,0.99139
1265,96,695,450,2.7198,0.99192
1265,102.5,695,450,-2.7319,0.97566
1265,109,695,450,-1.8507,0.96988
1265,115.5,695,450,-1.0066,0.98206
1265,122,695,450,0.27887,0.96981
1265,128.5,695,450,0.87365,0.93884
1265,135,695,450,1.7841,0.97806
1265,141.5,695,450,2.7714,0.92256
1265,148,695,450,2.3664,0.51075
1265,154.5,695,450,-3.0385,0.85021
1265,161,695,450,-2.4462,0.92587
1265,167.5,695,450,-2.0537,0.96535
1265,174,695,450,-1.6347,0.98642
1265,180.5,695,450,-0.72837,0.92043
1265,187,695,450,-0.72426,0.95861
1265,193.5,695,450,-0.79382,0.46522
1265,200,695,450,-0.57607,0.84372
1316,5,695,450,-0.28068,0.95831
1316,11.5,695,450,-0.28068,0.95831
1316,18,695,450,-0.24415,0.95886
1316,24.5,695,450,-0.20237,0.95936
1316,31,695,450,-0.14034,0.95989
1316,37.5,695,450,-0.065656,0.96056
1316,44,695,450,0.034451,0.96111
1316,50.5,695,450,0.16517,0.962
1316,57,695,450,0.35609,0.96361
1316,63.5,695,450,0.54264,0.96549
1316,70,695,450,0.81053,0.97045
1316,76.5,695,450,1.1785,0.98024
1316,83,695,450,1.6123,0.99012
1316,89.5,695,450,2.181,0.99236
1316,96,695,450,2.8352,0.97899
1316,102.5,695,450,-2.5891,0.96812
1316,109,695,450,-1.6715,0.97055
1316,115.5,695,450,-0.87271,0.99103
1316,122,695,450,-0.072111,0.78862
1316,128.5,695,450,1.1599,0.9803
1316,135,695,450,2.0375,0.99195
1316,141.5,695,450,1.5621,0.11158
1316,148,695,450,3.0744,0.91851
1316,154.5,695,450,-2.6298,0.96586
1316,161,695,450,-2.0684,0.98001
1316,167.5,695,450,-1.6919,0.91998
1316,174,695,450,-1.2678,0.93705
1316,180.5,695,450,-1.0864,0.83103
1316,187,695,450,-0.8287,0.66692
1316,193.5,695,450,-2.1462,0.015509
1316,200,695,450,-0.095427,0.95983
1367,5,695,450,-0.28428,0.9612
1367,11.5,695,450,-0.28428,0.9612
1367,18,695,450,-0.24649,0.96153
1367,24.5,695,450,-0.20316,0.96178
1367,31,695,450,-0.13913,0.96206
1367,37.5,695,450,-0.061828,0.96269
1367,44,695,450,0.041903,0.9635
1367,50.5,695,450,0.17732,0.96521
1367,57,695,450,0.37566,0.96877
1367,63.5,695,450,0.57007,0.97295
1367,70,695,450,0.85055,0.9798
1367,76.5,695,450,1.2365,0.988
1367,83,695,450,1.69,0.98953
1367,89.5,695,450,2.2779,0.97955
1367,96,695,450,2.9511,0.96963
1367,102.5,695,450,-2.441,0.97428
1367,109,695,450,-1.4809,0.97301
1367,115.5,695,450,-0.68591,0.96265
1367,122,695,450,0.38246,0.97211
1367,128.5,695,450,1.3699,0.97853
1367,135,695,450,2.238,0.98309
1367,141.5,695,450,2.7839,0.95349
1367,148,695,450,-2.8514,0.97726
1367,154.5,695,450,-2.2953,0.96601
1367,161,695,450,-1.7182,0.92857
1367,167.5,695,450,-1.3172,0.84931
1367,174,695,450,-0.83001,0.8609
1367,180.5,695,450,0.54213,0.28447
1367,187,695,450,-0.1432,0.94373
1367,193.5,695,450,-0.30605,0.68417
1367,200,695,450,0.46021,0.8615
1418,5,695,450,-0.28656,0.96398
1418,11.5,695,450,-0.28656,0.96398
1418,18,695,450,-0.24754,0.9641
1418,24.5,695,450,-0.20276,0.96449
1418,31,695,450,-0.1367,0.96505
1418,37.5,695,450,-0.056696,0.96593
1418,44,695,450,0.050901,0.96737
1418,50.5,695,450,0.19162,0.97018
1418,57,695,450,0.39822,0.97471
1418,63.5,695,450,0.60108,0.97877
1418,70,695,450,0.8941,0.9834
1418,76.5,695,450,1.2959,0.98419
1418,83,695,450,1.7638,0.97762
1418,89.5,695,450,2.3676,0.96732
1418,96,695,450,3.0643,0.97318
1418,102.5,695,450,-2.2866,0.98428
1418,109,695,450,-1.2915,0.97358
1418,115.5,695,450,-0.44012,0.91659
1418,122,695,450,0.50887,0.99023
1418,128.5,695,450,1.5587,0.96747
1418,135,695,450,2.2889,0.99031
1418,141.5,695,450,3.0735,0.98017
1418,148,695,450,-2.5682,0.95996
1418,154.5,695,450,-1.9883,0.92518
1418,161,695,450,-1.3184,0.85935
1418,167.5,695,450,-0.36915,0.49889
1418,174,695,450,-0.83716,0.99538
1418,180.5,695,450,-0.18303,0.9871
1418,187,695,450,0.44277,0.98981
1418,193.5,695,450,0.32726,0.60565
1418,200,695,450,0.99859,0.64529
1469,5,695,450,-0.28811,0.96417
1469,11.5,695,450,-0.28811,0.96417
1469,18,695,450,-0.24779,0.96449
1469,24.5,695,450,-0.20152,0.96506
1469,31,695,450,-0.13322,0.96643
1469,37.5,695,450,-0.050386,0.96762
1469,44,695,450,0.061375,0.9695
1469,50.5,695,450,0.20767,0.97243
1469,57,695,450,0.4226,0.97593
1469,63.5,695,450,0.63339,0.97782
1469,70,695,450,0.93704,0.97798
1469,76.5,695,450,1.3507,0.97303
1469,83,695,450,1.8308,0.96741
1469,89.5,695,450,2.4539,0.96979
1469,96,695,450,-3.1001,0.98654
1469,102.5,695,450,-2.1278,0.98519
1469,109,695,450,-1.1033,0.97247
1469,115.5,695,450,-0.12603,0.86875
1469,122,695,450,0.66819,0.99388
1469,128.5,695,450,1.8164,0.96668
1469,135,695,450,2.5196,0.98871
1469,141.5,695,450,-2.9668,0.96987
1469,148,695,450,-2.2758,0.93888
1469,154.5,695,450,-1.5773,0.89601
1469,161,695,450,0.34472,0.0021037
1469,167.5,695,450,-0.84389,0.86388
1469,174,695,450,-0.43198,0.96048
1469,180.5,695,450,0.23605,0.95397
1469,187,695,450,0.99925,0.91317
1469,193.5,695,450,0.90065,0.69324
1469,200,695,450,2.4585,0.65189
