500,5,638,450,-0.23858,0.95381
500,11.5,638,450,-0.23858,0.95381
500,18,638,450,-0.22227,0.95476
500,24.5,638,450,-0.20471,0.95576
500,31,638,450,-0.17544,0.95679
500,37.5,638,450,-0.14098,0.95795
500,44,638,450,-0.096653,0.95939
500,50.5,638,450,-0.034549,0.96004
500,57,638,450,0.059714,0.95897
500,63.5,638,450,0.15453,0.95559
500,70,638,450,0.28821,0.95026
500,76.5,638,450,0.47997,0.93757
500,83,638,450,0.71259,0.92033
500,89.5,638,450,1.0342,0.90101
500,96,638,450,1.4469,0.88184
500,102.5,638,450,2.1437,0.82596
500,109,638,450,2.6559,0.22893
500,115.5,638,450,2.9169,0.38372
500,122,638,450,-2.93,0.44833
500,128.5,638,450,-2.4797,0.53362
500,135,638,450,-2.1354,0.59239
500,141.5,638,450,-1.8608,0.63179
500,148,638,450,-1.6225,0.66074
500,154.5,638,450,-1.3831,0.6485
500,161,638,450,-1.1677,0.53078
500,167.5,638,450,-1.0952,0.40161
500,174,638,450,-1.1718,0.38374
500,180.5,638,450,-1.1468,0.53611
500,187,638,450,-0.99888,0.63624
500,193.5,638,450,-0.83034,0.67828
500,200,638,450,-0.66334,0.68909
551,5,638,450,-0.24411,0.95349
551,11.5,638,450,-0.24411,0.95349
551,18,638,450,-0.22617,0.95412
551,24.5,638,450,-0.20661,0.95466
551,31,638,450,-0.17469,0.95502
551,37.5,638,450,-0.13686,0.95547
551,44,638,450,-0.087842,0.95596
551,50.5,638,450,-0.019856,0.95542
551,57,638,450,0.083089,0.95296
551,63.5,638,450,0.18679,0.94885
551,70,638,450,0.33373,0.94244
551,76.5,638,450,0.54433,0.93067
551,83,638,450,0.80192,0.91637
551,89.5,638,450,1.1564,0.9007
551,96,638,450,1.6023,0.88496
551,102.5,638,450,2.3072,0.84734
551,109,638,450,2.6618,0.40476
551,115.5,638,450,-3.0689,0.6308
551,122,638,450,-2.5901,0.72199
551,128.5,638,450,-2.1324,0.80176
551,135,638,450,-1.7522,0.81662
551,141.5,638,450,-1.4462,0.76254
551,148,638,450,-1.1829,0.72173
551,154.5,638,450,-0.87155,0.52344
551,161,638,450,-1.0477,0.34226
551,167.5,638,450,-1.0181,0.37938
551,174,638,450,-1.0639,0.58625
551,180.5,638,450,-0.7604,0.78471
551,187,638,450,-0.57407,0.80483
551,193.5,638,450,-0.38829,0.79976
551,200,638,450,-0.19233,0.76483
602,5,638,450,-0.25643,0.95663
602,11.5,638,450,-0.25643,0.95663
602,18,638,450,-0.23706,0.95677
602,24.5,638,450,-0.21582,0.95677
602,31,638,450,-0.18157,0.95667
602,37.5,638,450,-0.14075,0.95654
602,44,638,450,-0.087501,0.95641
602,50.5,638,450,-0.01411,0.95554
602,57,638,450,0.097175,0.95329
602,63.5,638,450,0.20951,0.94987
602,70,638,450,0.36977,0.94553
602,76.5,638,450,0.60072,0.93693
602,83,638,450,0.88474,0.92626
602,89.5,638,450,1.2725,0.91224
602,96,638,450,1.7443,0.89122
602,102.5,638,450,2.4193,0.86199
602,109,638,450,2.9003,0.76591
602,115.5,638,450,-2.7425,0.85681
602,122,638,450,-2.246,0.86803
602,128.5,638,450,-1.8119,0.80707
602,135,638,450,-1.5057,0.72577
602,141.5,638,450,-1.2623,0.72313
602,148,638,450,-0.97528,0.70751
602,154.5,638,450,-0.74616,0.37271
602,161,638,450,-0.80269,0.50414
602,167.5,638,450,-0.86249,0.52332
602,174,638,450,-0.65131,0.86225
602,180.5,638,450,-0.3549,0.94469
602,187,638,450,-0.16036,0.95225
602,193.5,638,450,0.038099,0.94531
602,200,638,450,0.21471,0.92096
653,5,638,450,-0.25962,0.96034
653,11.5,638,450,-0.25962,0.96034
653,18,638,450,-0.23896,0.96032
653,24.5,638,450,-0.21624,0.96019
653,31,638,450,-0.17974,0.96025
653,37.5,638,450,-0.13606,0.96019
653,44,638,450,-0.078675,0.96036
653,50.5,638,450,0.00029825,0.96034
653,57,638,450,0.12049,0.95979
653,63.5,638,450,0.24225,0.95793
653,70,638,450,0.41735,0.95581
653,76.5,638,450,0.67059,0.94928
653,83,638,450,0.98241,0.93787
653,89.5,638,450,1.4037,0.92094
653,96,638,450,1.9003,0.89562
653,102.5,638,450,2.5511,0.88023
653,109,638,450,-3.1075,0.88566
653,115.5,638,450,-2.4799,0.8657
653,122,638,450,-2.0134,0.80254
653,128.5,638,450,-1.6848,0.73032
653,135,638,450,-1.3787,0.79419
653,141.5,638,450,-1.0774,0.81407
653,148,638,450,-0.79502,0.78088
653,154.5,638,450,-0.5316,0.75177
653,161,638,450,-0.30447,0.47002
653,167.5,638,450,-0.43549,0.5743
653,174,638,450,-0.16698,0.79291
653,180.5,638,450,0.14134,0.81054
653,187,638,450,0.34269,0.72764
653,193.5,638,450,0.4248,0.74931
653,200,638,450,0.65483,0.85394
704,5,638,450,-0.26174,0.96113
704,11.5,638,450,-0.26174,0.96113
704,18,638,450,-0.23981,0.96141
704,24.5,638,450,-0.21545,0.96173
704,31,638,450,-0.17649,0.9624
704,37.5,638,450,-0.12973,0.96298
704,44,638,450,-0.067839,0.96402
704,50.5,638,450,0.017345,0.96513
704,57,638,450,0.14741,0.96572
704,63.5,638,450,0.27934,0.96455
704,70,638,450,0.47013,0.96227
704,76.5,638,450,0.7458,0.95324
704,83,638,450,1.0837,0.93615
704,89.5,638,450,1.5366,0.91442
704,96,638,450,2.0641,0.88952
704,102.5,638,450,2.7818,0.81075
704,109,638,450,-2.9332,0.85877
704,115.5,638,450,-2.318,0.79897
704,122,638,450,-1.9186,0.75489
704,128.5,638,450,-1.5064,0.8773
704,135,638,450,-1.1018,0.85556
704,141.5,638,450,-0.75582,0.76546
704,148,638,450,-0.51877,0.66504
704,154.5,638,450,-0.04535,0.68292
704,161,638,450,0.00028736,0.27856
704,167.5,638,450,-0.047649,0.49057
704,174,638,450,0.28795,0.54422
704,180.5,638,450,0.52636,0.39411
704,187,638,450,0.38147,0.46883
704,193.5,638,450,0.68185,0.82709
704,200,638,450,1.0163,0.91679
755,5,638,450,-0.26475,0.95838
755,11.5,638,450,-0.26475,0.95838
755,18,638,450,-0.24134,0.95906
755,24.5,638,450,-0.21507,0.95995
755,31,638,450,-0.17332,0.9611
755,37.5,638,450,-0.12312,0.96224
755,44,638,450,-0.056299,0.96382
755,50.5,638,450,0.035504,0.96512
755,57,638,450,0.17564,0.96507
755,63.5,638,450,0.31758,0.96263
755,70,638,450,0.52325,0.95713
755,76.5,638,450,0.81837,0.94363
755,83,638,450,1.1802,0.92502
755,89.5,638,450,1.6634,0.9014
755,96,638,450,2.2316,0.87819
755,102.5,638,450,3.0386,0.45285
755,109,638,450,-2.7886,0.82357
755,115.5,638,450,-2.2008,0.75678
755,122,638,450,-1.7119,0.88297
755,128.5,638,450,-1.2017,0.78078
755,135,638,450,-0.79212,0.65363
755,141.5,638,450,-0.47038,0.49799
755,148,638,450,-0.35473,0.45165
755,154.5,638,450,0.28672,0.43958
755,161,638,450,0.12531,0.24385
755,167.5,638,450,0.46,0.45199
755,174,638,450,0.79659,0.308
755,180.5,638,450,0.51688,0.21206
755,187,638,450,0.74873,0.68998
755,193.5,638,450,1.2127,0.89445
755,200,638,450,1.5609,0.91877
806,5,638,450,-0.26944,0.95473
806,11.5,638,450,-0.26944,0.95473
806,18,638,450,-0.24436,0.95563
806,24.5,638,450,-0.21598,0.95658
806,31,638,450,-0.17133,0.95765
806,37.5,638,450,-0.11756,0.95874
806,44,638,450,-0.045744,0.96002
806,50.5,638,450,0.052486,0.96038
806,57,638,450,0.20187,0.95852
806,63.5,638,450,0.35284,0.95436
806,70,638,450,0.57148,0.94643
806,76.5,638,450,0.88449,0.93293
806,83,638,450,1.2694,0.91707
806,89.5,638,450,1.7858,0.89925
806,96,638,450,2.3993,0.87495
806,102.5,638,450,3.0487,0.23611
806,109,638,450,-2.599,0.78879
806,115.5,638,450,-2.0192,0.725
806,122,638,450,-1.4718,0.72114
806,128.5,638,450,-0.94787,0.57629
806,135,638,450,-0.51989,0.4547
806,141.5,638,450,-0.17775,0.33496
806,148,638,450,0.021528,0.28778
806,154.5,638,450,0.52476,0.19197
806,161,638,450,0.57393,0.27072
806,167.5,638,450,0.99792,0.15067
806,174,638,450,1.1187,0.16057
806,180.5,638,450,0.85778,0.3175
806,187,638,450,1.4091,0.58166
806,193.5,638,450,1.8713,0.60457
806,200,638,450,2.1926,0.46232
857,5,638,450,-0.27527,0.95361
857,11.5,638,450,-0.27527,0.95361
857,18,638,450,-0.24852,0.95446
857,24.5,638,450,-0.21817,0.9549
857,31,638,450,-0.17082,0.95538
857,37.5,638,450,-0.11368,0.9559
857,44,638,450,-0.037203,0.95638
857,50.5,638,450,0.066715,0.95569
857,57,638,450,0.2245,0.95308
857,63.5,638,450,0.38408,0.94836
857,70,638,450,0.61502,0.94198
857,76.5,638,450,0.94762,0.9334
857,83,638,450,1.359,0.9237
857,89.5,638,450,1.912,0.9109
857,96,638,450,2.5703,0.87938
857,102.5,638,450,3.1236,0.19227
857,109,638,450,-2.2827,0.67192
857,115.5,638,450,-1.8492,0.60221
857,122,638,450,-1.2562,0.59464
857,128.5,638,450,-0.64315,0.44876
857,135,638,450,-0.063277,0.33008
857,141.5,638,450,0.59098,0.17574
857,148,638,450,1.871,0.00041924
857,154.5,638,450,0.2337,0.091717
857,161,638,450,0.70127,0.2023
857,167.5,638,450,1.3249,0.21275
857,174,638,450,1.786,0.12849
857,180.5,638,450,1.6177,0.31043
857,187,638,450,2.1573,0.40538
857,193.5,638,450,2.5912,0.31641
857,200,638,450,2.4193,0.27857
908,5,638,450,-0.28047,0.95617
908,11.5,638,450,-0.28047,0.95617
908,18,638,450,-0.25226,0.95659
908,24.5,638,450,-0.22022,0.95649
908,31,638,450,-0.17047,0.95645
908,37.5,638,450,-0.11027,0.95645
908,44,638,450,-0.029524,0.95647
908,50.5,638,450,0.079804,0.95574
908,57,638,450,0.24594,0.95414
908,63.5,638,450,0.41423,0.95113
908,70,638,450,0.65941,0.94857
908,76.5,638,450,1.014,0.944
908,83,638,450,1.455,0.93629
908,89.5,638,450,2.0479,0.91918
908,96,638,450,2.7434,0.88637
908,102.5,638,450,-2.9011,0.17836
908,109,638,450,-1.8254,0.33154
908,115.5,638,450,-1.6282,0.53724
908,122,638,450,-0.92634,0.51834
908,128.5,638,450,-0.043084,0.34426
908,135,638,450,0.9857,0.13322
908,141.5,638,450,2.7244,0.0075328
908,148,638,450,-0.96106,0.089645
908,154.5,638,450,0.58938,0.12334
908,161,638,450,1.3556,0.27528
908,167.5,638,450,2.0746,0.2643
908,174,638,450,2.4003,0.15749
908,180.5,638,450,2.7225,0.44493
908,187,638,450,-2.985,0.44176
908,193.5,638,450,-2.3912,0.10664
908,200,638,450,2.9296,0.094367
959,5,638,450,-0.2928,0.95984
959,11.5,638,450,-0.2928,0.95984
959,18,638,450,-0.2632,0.9598
959,24.5,638,450,-0.22965,0.95988
959,31,638,450,-0.17767,0.95988
959,37.5,638,450,-0.11454,0.9599
959,44,638,450,-0.029571,0.96023
959,50.5,638,450,0.085482,0.96049
959,57,638,450,0.26084,0.96062
959,63.5,638,450,0.43912,0.95958
959,70,638,450,0.70033,0.95898
959,76.5,638,450,1.0794,0.9532
959,83,638,450,1.5488,0.93823
959,89.5,638,450,2.1731,0.91247
959,96,638,450,2.9058,0.88056
959,102.5,638,450,-2.6467,0.19996
959,109,638,450,-1.7499,0.1125
959,115.5,638,450,-1.2682,0.48601
959,122,638,450,-0.33881,0.41482
959,128.5,638,450,0.99415,0.15906
959,135,638,450,2.5604,0.012321
959,141.5,638,450,-0.34936,0.012579
959,148,638,450,0.51858,0.060675
959,154.5,638,450,1.9114,0.11392
959,161,638,450,2.2116,0.243
959,167.5,638,450,2.8798,0.37016
959,174,638,450,-3.0027,0.46192
959,180.5,638,450,-2.3792,0.51746
959,187,638,450,-1.7211,0.38768
959,193.5,638,450,-1.2673,0.006238
959,200,638,450,-3.013,0.22608
1010,5,638,450,-0.29493,0.96109
1010,11.5,638,450,-0.29493,0.96109
1010,18,638,450,-0.26416,0.96156
1010,24.5,638,450,-0.22879,0.96189
1010,31,638,450,-0.1744,0.96245
1010,37.5,638,450,-0.1082,0.96296
1010,44,638,450,-0.018672,0.96402
1010,50.5,638,450,0.10272,0.96527
1010,57,638,450,0.28826,0.96615
1010,63.5,638,450,0.47709,0.96482
1010,70,638,450,0.75431,0.96161
1010,76.5,638,450,1.1547,0.94934
1010,83,638,450,1.6472,0.92704
1010,89.5,638,450,2.3009,0.90117
1010,96,638,450,3.0713,0.87606
1010,102.5,638,450,-2.4186,0.34815
1010,109,638,450,-1.6405,0.11325
1010,115.5,638,450,-0.70581,0.41617
1010,122,638,450,0.48213,0.24001
1010,128.5,638,450,1.9331,0.04719
1010,135,638,450,0.87839,0.0067992
1010,141.5,638,450,1.616,0.10009
1010,148,638,450,2.2786,0.17675
1010,154.5,638,450,-2.8914,0.245
1010,161,638,450,3.0927,0.23558
1010,167.5,638,450,-2.6484,0.31932
1010,174,638,450,-2.294,0.51544
1010,180.5,638,450,-1.6817,0.50822
1010,187,638,450,-0.90724,0.19084
1010,193.5,638,450,-2.5065,0.09676
1010,200,638,450,-1.8231,0.40309
1061,5,638,450,-0.29751,0.95918
1061,11.5,638,450,-0.29751,0.95918
1061,18,638,450,-0.26513,0.95987
1061,24.5,638,450,-0.22797,0.9606
1061,31,638,450,-0.17083,0.9617
1061,37.5,638,450,-0.10125,0.96272
1061,44,638,450,-0.0068235,0.96416
1061,50.5,638,450,0.12118,0.96528
1061,57,638,450,0.31671,0.9647
1061,63.5,638,450,0.51536,0.961
1061,70,638,450,0.8064,0.95366
1061,76.5,638,450,1.2242,0.93705
1061,83,638,450,1.7378,0.91736
1061,89.5,638,450,2.4232,0.90013
1061,96,638,450,-3.0509,0.88086
1061,102.5,638,450,-2.062,0.65685
1061,109,638,450,-1.2069,0.15408
1061,115.5,638,450,-0.090893,0.3443
1061,122,638,450,1.1395,0.14593
1061,128.5,638,450,1.6205,0.035249
1061,135,638,450,1.8649,0.16276
1061,141.5,638,450,2.6722,0.3228
1061,148,638,450,2.9751,0.32455
1061,154.5,638,450,-2.298,0.35723
1061,161,638,450,-2.5306,0.31843
1061,167.5,638,450,-2.3285,0.46569
1061,174,638,450,-1.7746,0.63683
1061,180.5,638,450,-1.2073,0.42627
1061,187,638,450,-1.5926,0.23259
1061,193.5,638,450,-1.2108,0.59996
1061,200,638,450,-0.63309,0.57317
1112,5,638,450,-0.30206,0.95601
1112,11.5,638,450,-0.30206,0.95601
1112,18,638,450,-0.26783,0.95632
1112,24.5,638,450,-0.22872,0.95727
1112,31,638,450,-0.16868,0.95837
1112,37.5,638,450,-0.095589,0.95941
1112,44,638,450,0.0037484,0.96053
1112,50.5,638,450,0.13801,0.96055
1112,57,638,450,0.34241,0.95788
1112,63.5,638,450,0.54968,0.95258
1112,70,638,450,0.85246,0.94423
1112,76.5,638,450,1.2874,0.93098
1112,83,638,450,1.826,0.921
1112,89.5,638,450,2.5497,0.9115
1112,96,638,450,-2.8865,0.88736
1112,102.5,638,450,-1.7347,0.84067
1112,109,638,450,-0.83935,0.21627
1112,115.5,638,450,0.37971,0.3613
1112,122,638,450,1.4425,0.15658
1112,128.5,638,450,1.8345,0.20824
1112,135,638,450,2.5577,0.3728
1112,141.5,638,450,-3.1129,0.42574
1112,148,638,450,-2.9951,0.59856
1112,154.5,638,450,-2.1297,0.47295
1112,161,638,450,-2.0017,0.57428
1112,167.5,638,450,-1.6571,0.74391
1112,174,638,450,-1.2011,0.55909
1112,180.5,638,450,-1.167,0.47332
1112,187,638,450,-0.86382,0.68503
1112,193.5,638,450,-0.43204,0.71473
1112,200,638,450,0.11141,0.34136
1163,5,638,450,-0.30846,0.95666
1163,11.5,638,450,-0.30846,0.95666
1163,18,638,450,-0.27295,0.95746
1163,24.5,638,450,-0.23185,0.95826
1163,31,638,450,-0.16905,0.95877
1163,37.5,638,450,-0.09257,0.9593
1163,44,638,450,0.011346,0.95969
1163,50.5,638,450,0.15124,0.95877
1163,57,638,450,0.36375,0.95563
1163,63.5,638,450,0.57918,0.95114
1163,70,638,450,0.89469,0.94596
1163,76.5,638,450,1.351,0.93998
1163,83,638,450,1.9198,0.93433
1163,89.5,638,450,2.6822,0.91903
1163,96,638,450,-2.7192,0.88955
1163,102.5,638,450,-1.5273,0.88742
1163,109,638,450,-0.60477,0.37011
1163,115.5,638,450,0.75034,0.50166
1163,122,638,450,1.671,0.24212
1163,128.5,638,450,2.2519,0.38757
1163,135,638,450,2.887,0.50622
1163,141.5,638,450,-2.8793,0.58452
1163,148,638,450,-2.5441,0.86775
1163,154.5,638,450,-1.9683,0.81904
1163,161,638,450,-1.4672,0.76727
1163,167.5,638,450,-1.0151,0.57524
1163,174,638,450,-1.014,0.39071
1163,180.5,638,450,-0.86805,0.7245
1163,187,638,450,-0.44369,0.80971
1163,193.5,638,450,0.0086748,0.75188
1163,200,638,450,0.18782,0.51683
1214,5,638,450,-0.31416,0.9583
1214,11.5,638,450,-0.31416,0.9583
1214,18,638,450,-0.27707,0.95878
1214,24.5,638,450,-0.23412,0.95929
1214,31,638,450,-0.16889,0.95928
1214,37.5,638,450,-0.089288,0.95933
1214,44,638,450,0.018942,0.95945
1214,50.5,638,450,0.16427,0.95878
1214,57,638,450,0.38524,0.95733
1214,63.5,638,450,0.60967,0.95538
1214,70,638,450,0.94079,0.95429
1214,76.5,638,450,1.4211,0.95112
1214,83,638,450,2.0202,0.93956
1214,89.5,638,450,2.8171,0.91306
1214,96,638,450,-2.5501,0.88284
1214,102.5,638,450,-1.3932,0.89222
1214,109,638,450,-0.32331,0.66798
1214,115.5,638,450,1.1246,0.63302
1214,122,638,450,1.8182,0.32307
1214,128.5,638,450,2.4805,0.55628
1214,135,638,450,3.1345,0.73149
1214,141.5,638,450,-2.5607,0.82231
1214,148,638,450,-2.1196,0.86539
1214,154.5,638,450,-1.6734,0.83856
1214,161,638,450,-1.1088,0.80611
1214,167.5,638,450,-0.93466,0.40284
1214,174,638,450,-0.70077,0.40842
1214,180.5,638,450,-0.45065,0.9106
1214,187,638,450,-0.035813,0.95213
1214,193.5,638,450,0.35478,0.92408
1214,200,638,450,0.7469,0.80483
1265,5,638,450,-0.31812,0.96195
1265,11.5,638,450,-0.31812,0.96195
1265,18,638,450,-0.27962,0.96214
1265,24.5,638,450,-0.23497,0.96238
1265,31,638,450,-0.16749,0.96238
1265,37.5,638,450,-0.084919,0.9624
1265,44,638,450,0.027635,0.96284
1265,50.5,638,450,0.17882,0.96328
1265,57,638,450,0.40943,0.96391
1265,63.5,638,450,0.64455,0.96356
1265,70,638,450,0.99215,0.96296
1265,76.5,638,450,1.4966,0.95415
1265,83,638,450,2.1201,0.93155
1265,89.5,638,450,2.9449,0.90221
1265,96,638,450,-2.3854,0.87511
1265,102.5,638,450,-1.2665,0.8968
1265,109,638,450,-0.0090909,0.87042
1265,115.5,638,450,1.3778,0.58377
1265,122,638,450,1.9045,0.52026
1265,128.5,638,450,2.7395,0.80186
1265,135,638,450,-2.8122,0.85444
1265,141.5,638,450,-2.2658,0.72734
1265,148,638,450,-1.7287,0.75915
1265,154.5,638,450,-1.5509,0.86724
1265,161,638,450,-0.85243,0.80771
1265,167.5,638,450,-0.48036,0.74077
1265,174,638,450,-0.32665,0.3534
1265,180.5,638,450,0.068025,0.82383
1265,187,638,450,0.47321,0.69728
1265,193.5,638,450,0.76527,0.82808
1265,200,638,450,1.1862,0.84173
1316,5,638,450,-0.33027,0.96424
1316,11.5,638,450,-0.33027,0.96424
1316,18,638,450,-0.29049,0.96437
1316,24.5,638,450,-0.24417,0.96465
1316,31,638,450,-0.17426,0.96515
1316,37.5,638,450,-0.088622,0.96556
1316,44,638,450,0.028543,0.9666
1316,50.5,638,450,0.18618,0.96784
1316,57,638,450,0.42723,0.96871
1316,63.5,638,450,0.67288,0.96701
1316,70,638,450,1.0361,0.96157
1316,76.5,638,450,1.5596,0.9448
1316,83,638,450,2.2031,0.92093
1316,89.5,638,450,3.0574,0.90121
1316,96,638,450,-2.2309,0.88119
1316,102.5,638,450,-1.1174,0.88493
1316,109,638,450,0.20151,0.88792
1316,115.5,638,450,1.3843,0.55158
1316,122,638,450,2.1475,0.8171
1316,128.5,638,450,3.0486,0.83856
1316,135,638,450,-2.5857,0.69278
1316,141.5,638,450,-2.1605,0.73407
1316,148,638,450,-1.453,0.63466
1316,154.5,638,450,-1.2904,0.82564
1316,161,638,450,-0.57199,0.84754
1316,167.5,638,450,0.10145,0.59419
1316,174,638,450,-0.020949,0.29141
1316,180.5,638,450,0.53908,0.46229
1316,187,638,450,0.46809,0.51132
1316,193.5,638,450,1.0889,0.91926
1316,200,638,450,1.5577,0.91293
1367,5,638,450,-0.33235,0.963
1367,11.5,638,450,-0.33235,0.963
1367,18,638,450,-0.29121,0.96333
1367,24.5,638,450,-0.24317,0.96392
1367,31,638,450,-0.17049,0.96491
1367,37.5,638,450,-0.081504,0.9658
1367,44,638,450,0.040525,0.96703
1367,50.5,638,450,0.20483,0.96785
1367,57,638,450,0.45565,0.96689
1367,63.5,638,450,0.71074,0.96185
1367,70,638,450,1.0865,0.95234
1367,76.5,638,450,1.6259,0.93478
1367,83,638,450,2.2923,0.92115
1367,89.5,638,450,-3.0985,0.91155
1367,96,638,450,-2.0626,0.88588
1367,102.5,638,450,-0.87242,0.83093
1367,109,638,450,0.3515,0.85554
1367,115.5,638,450,1.4847,0.82492
1367,122,638,450,2.4439,0.85821
1367,128.5,638,450,-3.022,0.67705
1367,135,638,450,-2.5038,0.64947
1367,141.5,638,450,-1.8078,0.81905
1367,148,638,450,-1.0175,0.60683
1367,154.5,638,450,-0.95998,0.64643
1367,161,638,450,-0.26649,0.72662
1367,167.5,638,450,0.53135,0.34789
1367,174,638,450,0.40577,0.32895
1367,180.5,638,450,0.90328,0.19714
1367,187,638,450,0.90374,0.73023
1367,193.5,638,450,1.6083,0.91593
1367,200,638,450,2.065,0.84101
1418,5,638,450,-0.33592,0.95948
1418,11.5,638,450,-0.33592,0.95948
1418,18,638,450,-0.29327,0.96025
1418,24.5,638,450,-0.24334,0.961
1418,31,638,450,-0.16782,0.9619
1418,37.5,638,450,-0.07535,0.96286
1418,44,638,450,0.051506,0.96373
1418,50.5,638,450,0.22186,0.96336
1418,57,638,450,0.48127,0.96021
1418,63.5,638,450,0.74432,0.95388
1418,70,638,450,1.1315,0.94526
1418,76.5,638,450,1.6889,0.93584
1418,83,638,450,2.3851,0.93193
1418,89.5,638,450,-2.9649,0.91973
1418,96,638,450,-1.8922,0.88967
1418,102.5,638,450,-0.56518,0.70522
1418,109,638,450,0.50385,0.82614
1418,115.5,638,450,1.7436,0.85189
1418,122,638,450,2.6505,0.74541
1418,128.5,638,450,-2.8911,0.55861
1418,135,638,450,-2.1849,0.72746
1418,141.5,638,450,-1.4418,0.53417
1418,148,638,450,-0.64691,0.43422
1418,154.5,638,450,-0.48331,0.44705
1418,161,638,450,0.21829,0.52126
1418,167.5,638,450,0.8998,0.18075
1418,174,638,450,1.1476,0.16479
1418,180.5,638,450,1.0283,0.12116
1418,187,638,450,1.5904,0.57521
1418,193.5,638,450,2.2575,0.44648
1418,200,638,450,2.4684,0.61028
1469,5,638,450,-0.34136,0.95722
1469,11.5,638,450,-0.34136,0.95722
1469,18,638,450,-0.29714,0.9581
1469,24.5,638,450,-0.24518,0.95889
1469,31,638,450,-0.16701,0.95908
1469,37.5,638,450,-0.071166,0.95964
1469,44,638,450,0.060223,0.95996
1469,50.5,638,450,0.23608,0.95885
1469,57,638,450,0.50335,0.95578
1469,63.5,638,450,0.77451,0.95126
1469,70,638,450,1.175,0.94817
1469,76.5,638,450,1.756,0.94673
1469,83,638,450,2.4844,0.93964
1469,89.5,638,450,-2.8307,0.91262
1469,96,638,450,-1.7247,0.87993
1469,102.5,638,450,-0.23503,0.6122
1469,109,638,450,0.74327,0.75971
1469,115.5,638,450,1.9248,0.73931
1469,122,638,450,2.8427,0.64757
1469,128.5,638,450,-2.7249,0.51825
1469,135,638,450,-1.8457,0.50104
1469,141.5,638,450,-1.1205,0.34422
1469,148,638,450,-0.26581,0.32112
1469,154.5,638,450,0.46666,0.35179
1469,161,638,450,0.88452,0.093687
1469,167.5,638,450,0.75874,0.036794
1469,174,638,450,1.3496,0.23839
1469,180.5,638,450,1.5777,0.13816
1469,187,638,450,2.3439,0.36971
1469,193.5,638,450,2.4701,0.19263
1469,200,638,450,2.6566,0.4577
