500,25,653,260,-0.13558,0.96065
500,30,653,260,-0.07019,0.96355
500,35,653,260,-0.00045847,0.96646
500,40,653,260,0.10112,0.96911
500,45,653,260,0.19142,0.96998
500,50,653,260,0.31937,0.97078
500,55,653,260,0.46006,0.97029
500,60,653,260,0.65013,0.9669
500,65,653,260,0.82817,0.96283
500,70,653,260,1.0489,0.95907
500,75,653,260,1.2702,0.95515
500,80,653,260,1.5404,0.94917
500,85,653,260,1.8643,0.94583
500,90,653,260,2.1856,0.94014
500,95,653,260,2.4803,0.93673
500,100,653,260,2.8192,0.93432
500,105,653,260,-3.1154,0.93822
500,110,653,260,-2.7549,0.95435
500,115,653,260,-2.4055,0.96613
500,120,653,260,-2.0065,0.96629
500,125,653,260,-1.6133,0.93296
500,130,653,260,-1.1347,0.85368
500,135,653,260,-0.69458,0.76877
500,140,653,260,-0.53576,0.74322
500,145,653,260,-0.35252,0.72372
500,150,653,260,-0.24116,0.71903
510,25,653,260,-0.14523,0.95891
510,30,653,260,-0.078734,0.96158
510,35,653,260,-0.0074535,0.96413
510,40,653,260,0.095894,0.96627
510,45,653,260,0.18759,0.96674
510,50,653,260,0.31772,0.96703
510,55,653,260,0.46103,0.96611
510,60,653,260,0.65396,0.96251
510,65,653,260,0.83469,0.95882
510,70,653,260,1.0597,0.95613
510,75,653,260,1.2852,0.95315
510,80,653,260,1.5602,0.94851
510,85,653,260,1.8903,0.94633
510,90,653,260,2.2187,0.94451
510,95,653,260,2.5202,0.94324
510,100,653,260,2.8678,0.94359
510,105,653,260,-3.058,0.94922
510,110,653,260,-2.6868,0.9631
510,115,653,260,-2.3263,0.9668
510,120,653,260,-1.9198,0.95044
510,125,653,260,-1.5241,0.9009
510,130,653,260,-1.0517,0.81902
510,135,653,260,-0.61816,0.75048
510,140,653,260,-0.46002,0.7356
510,145,653,260,-0.27488,0.73186
510,150,653,260,-0.16082,0.73693
520,25,653,260,-0.13911,0.95885
520,30,653,260,-0.071299,0.96127
520,35,653,260,0.0013984,0.9635
520,40,653,260,0.10668,0.9652
520,45,653,260,0.20005,0.96533
520,50,653,260,0.33245,0.96524
520,55,653,260,0.47825,0.96415
520,60,653,260,0.67452,0.96056
520,65,653,260,0.85851,0.95739
520,70,653,260,1.0879,0.95604
520,75,653,260,1.3178,0.95402
520,80,653,260,1.5986,0.95105
520,85,653,260,1.9359,0.95085
520,90,653,260,2.2726,0.95082
520,95,653,260,2.5813,0.95151
520,100,653,260,2.9375,0.95549
520,105,653,260,-2.9787,0.96182
520,110,653,260,-2.5941,0.97054
520,115,653,260,-2.2247,0.96375
520,120,653,260,-1.8112,0.92731
520,125,653,260,-1.4179,0.86884
520,130,653,260,-0.95117,0.79439
520,135,653,260,-0.5196,0.7496
520,140,653,260,-0.3584,0.74717
520,145,653,260,-0.16578,0.76198
520,150,653,260,-0.044651,0.77781
530,25,653,260,-0.14775,0.95727
530,30,653,260,-0.07888,0.95939
530,35,653,260,-0.0047259,0.96124
530,40,653,260,0.10221,0.96248
530,45,653,260,0.19691,0.96231
530,50,653,260,0.33137,0.96187
530,55,653,260,0.47973,0.96071
530,60,653,260,0.67888,0.95741
530,65,653,260,0.86572,0.95491
530,70,653,260,1.0998,0.95525
530,75,653,260,1.3342,0.9545
530,80,653,260,1.6202,0.95286
530,85,653,260,1.9656,0.95492
530,90,653,260,2.3087,0.95599
530,95,653,260,2.6249,0.95691
530,100,653,260,2.9895,0.96326
530,105,653,260,-2.9161,0.96667
530,110,653,260,-2.5221,0.96877
530,115,653,260,-2.146,0.94911
530,120,653,260,-1.7317,0.899
530,125,653,260,-1.3412,0.83766
530,130,653,260,-0.87863,0.77726
530,135,653,260,-0.44322,0.75858
530,140,653,260,-0.27723,0.7686
530,145,653,260,-0.073775,0.79956
530,150,653,260,0.055798,0.82358
540,25,653,260,-0.14251,0.9573
540,30,653,260,-0.072392,0.95913
540,35,653,260,0.0031109,0.96067
540,40,653,260,0.11188,0.96156
540,45,653,260,0.20818,0.96117
540,50,653,260,0.34484,0.96056
540,55,653,260,0.49567,0.95957
540,60,653,260,0.69818,0.95675
540,65,653,260,0.88845,0.9552
540,70,653,260,1.1272,0.95718
540,75,653,260,1.3664,0.95754
540,80,653,260,1.6584,0.95779
540,85,653,260,2.011,0.96065
540,90,653,260,2.3635,0.96481
540,95,653,260,2.687,0.96622
540,100,653,260,3.0617,0.97138
540,105,653,260,-2.8337,0.9714
540,110,653,260,-2.4302,0.9609
540,115,653,260,-2.0494,0.93242
540,120,653,260,-1.6357,0.87298
540,125,653,260,-1.2487,0.81604
540,130,653,260,-0.78567,0.77574
540,135,653,260,-0.3392,0.78714
540,140,653,260,-0.16312,0.80951
540,145,653,260,0.056829,0.85403
540,150,653,260,0.198,0.8816
550,25,653,260,-0.13088,0.95756
550,30,653,260,-0.059536,0.95909
550,35,653,260,0.017283,0.96033
550,40,653,260,0.12786,0.96091
550,45,653,260,0.22575,0.96037
550,50,653,260,0.3646,0.95969
550,55,653,260,0.51794,0.95903
550,60,653,260,0.72389,0.95688
550,65,653,260,0.91769,0.95643
550,70,653,260,1.1614,0.96004
550,75,653,260,1.4055,0.96158
550,80,653,260,1.7037,0.96326
550,85,653,260,2.0644,0.96744
550,90,653,260,2.4256,0.97151
550,95,653,260,2.7573,0.97226
550,100,653,260,-3.1408,0.97595
550,105,653,260,-2.7445,0.97242
550,110,653,260,-2.3341,0.94904
550,115,653,260,-1.9513,0.91079
550,120,653,260,-1.5398,0.84975
550,125,653,260,-1.1534,0.80158
550,130,653,260,-0.68558,0.7878
550,135,653,260,-0.2195,0.82743
550,140,653,260,-0.030772,0.85907
550,145,653,260,0.20896,0.90794
550,150,653,260,0.36227,0.93211
560,25,653,260,-0.14031,0.95616
560,30,653,260,-0.068013,0.9574
560,35,653,260,0.010148,0.95832
560,40,653,260,0.12226,0.95866
560,45,653,260,0.2214,0.95809
560,50,653,260,0.36225,0.95747
560,55,653,260,0.5182,0.95727
560,60,653,260,0.72723,0.9561
560,65,653,260,0.92425,0.95696
560,70,653,260,1.1732,0.96209
560,75,653,260,1.4222,0.96479
560,80,653,260,1.7264,0.96738
560,85,653,260,2.0953,0.97131
560,90,653,260,2.4643,0.9753
560,95,653,260,2.8028,0.97589
560,100,653,260,-3.0865,0.97609
560,105,653,260,-2.683,0.96421
560,110,653,260,-2.2685,0.93202
560,115,653,260,-1.8844,0.89086
560,120,653,260,-1.4756,0.83116
560,125,653,260,-1.089,0.79664
560,130,653,260,-0.61169,0.80531
560,135,653,260,-0.12234,0.86766
560,140,653,260,0.079514,0.90229
560,145,653,260,0.33673,0.94314
560,150,653,260,0.49921,0.95544
570,25,653,260,-0.13545,0.95659
570,30,653,260,-0.061983,0.95757
570,35,653,260,0.017439,0.95827
570,40,653,260,0.1313,0.95849
570,45,653,260,0.232,0.95796
570,50,653,260,0.37504,0.95752
570,55,653,260,0.53359,0.95796
570,60,653,260,0.74625,0.95754
570,65,653,260,0.94709,0.95989
570,70,653,260,1.2013,0.96646
570,75,653,260,1.4556,0.97
570,80,653,260,1.7664,0.97381
570,85,653,260,2.1436,0.9772
570,90,653,260,2.5218,0.98099
570,95,653,260,2.8677,0.97795
570,100,653,260,-3.0129,0.97236
570,105,653,260,-2.6019,0.95461
570,110,653,260,-2.1854,0.91503
570,115,653,260,-1.8005,0.87304
570,120,653,260,-1.3921,0.82222
570,125,653,260,-1.0033,0.80549
570,130,653,260,-0.50848,0.83907
570,135,653,260,0.012331,0.91383
570,140,653,260,0.2289,0.94172
570,145,653,260,0.50138,0.95918
570,150,653,260,0.66959,0.95164
580,25,653,260,-0.14386,0.95553
580,30,653,260,-0.06949,0.95626
580,35,653,260,0.011216,0.95674
580,40,653,260,0.1266,0.95692
580,45,653,260,0.22859,0.95655
580,50,653,260,0.37368,0.95643
580,55,653,260,0.53498,0.95762
580,60,653,260,0.75097,0.95845
580,65,653,260,0.95539,0.96207
580,70,653,260,1.2153,0.96972
580,75,653,260,1.4748,0.97389
580,80,653,260,1.7919,0.97787
580,85,653,260,2.1769,0.9807
580,90,653,260,2.5628,0.98096
580,95,653,260,2.9147,0.97642
580,100,653,260,-2.9586,0.96425
580,105,653,260,-2.5425,0.94043
580,110,653,260,-2.1243,0.89681
580,115,653,260,-1.7387,0.858
580,120,653,260,-1.3312,0.82039
580,125,653,260,-0.93513,0.81879
580,130,653,260,-0.41991,0.87174
580,135,653,260,0.13108,0.94442
580,140,653,260,0.35809,0.9572
580,145,653,260,0.63795,0.94399
580,150,653,260,0.80651,0.91865
590,25,653,260,-0.13875,0.95623
590,30,653,260,-0.063268,0.95677
590,35,653,260,0.018662,0.95715
590,40,653,260,0.13578,0.9574
590,45,653,260,0.23935,0.95724
590,50,653,260,0.38669,0.95752
590,55,653,260,0.55075,0.95953
590,60,653,260,0.77064,0.96152
590,65,653,260,0.97918,0.96627
590,70,653,260,1.2447,0.97476
590,75,653,260,1.5097,0.97925
590,80,653,260,1.8335,0.98324
590,85,653,260,2.2267,0.98411
590,90,653,260,2.6208,0.98079
590,95,653,260,2.9798,0.97402
590,100,653,260,-2.8874,0.95727
590,105,653,260,-2.4667,0.92791
590,110,653,260,-2.048,0.88258
590,115,653,260,-1.6599,0.85109
590,120,653,260,-1.2487,0.82908
590,125,653,260,-0.84054,0.8461
590,130,653,260,-0.29926,0.91234
590,135,653,260,0.28211,0.95976
590,140,653,260,0.51591,0.9491
590,145,653,260,0.79524,0.90478
590,150,653,260,0.95939,0.86675
600,25,653,260,-0.13412,0.95713
600,30,653,260,-0.057531,0.95752
600,35,653,260,0.025624,0.95785
600,40,653,260,0.1445,0.95826
600,45,653,260,0.24969,0.9584
600,50,653,260,0.39934,0.95918
600,55,653,260,0.56628,0.96208
600,60,653,260,0.79014,0.96513
600,65,653,260,1.0029,0.97085
600,70,653,260,1.2742,0.97978
600,75,653,260,1.5446,0.9842
600,80,653,260,1.8752,0.9877
600,85,653,260,2.2763,0.98609
600,90,653,260,2.6786,0.98014
600,95,653,260,3.0427,0.9682
600,100,653,260,-2.8175,0.94646
600,105,653,260,-2.3932,0.91644
600,110,653,260,-1.9731,0.87381
600,115,653,260,-1.5816,0.85098
600,120,653,260,-1.1632,0.84615
600,125,653,260,-0.74083,0.87907
600,130,653,260,-0.16941,0.94497
600,135,653,260,0.4335,0.95014
600,140,653,260,0.66744,0.9169
600,145,653,260,0.93902,0.85299
600,150,653,260,1.0966,0.81147
