500,5,615,450,-0.25373,0.95261
500,11.5,615,450,-0.25373,0.95261
500,18,615,450,-0.23669,0.95345
500,24.5,615,450,-0.21825,0.95431
500,31,615,450,-0.18734,0.95491
500,37.5,615,450,-0.15071,0.95562
500,44,615,450,-0.10315,0.95638
500,50.5,615,450,-0.035933,0.95553
500,57,615,450,0.067532,0.95155
500,63.5,615,450,0.17308,0.94456
500,70,615,450,0.32436,0.93394
500,76.5,615,450,0.54727,0.91401
500,83,615,450,0.83184,0.88933
500,89.5,615,450,1.2495,0.86468
500,96,615,450,1.8629,0.814
500,102.5,615,450,2.6201,0.24693
500,109,615,450,2.8474,0.32795
500,115.5,615,450,-2.8519,0.41375
500,122,615,450,-2.4381,0.49084
500,128.5,615,450,-2.0409,0.58969
500,135,615,450,-1.7155,0.64549
500,141.5,615,450,-1.4372,0.65371
500,148,615,450,-1.1978,0.57774
500,154.5,615,450,-1.0723,0.44728
500,161,615,450,-1.0559,0.42317
500,167.5,615,450,-1.0494,0.43977
500,174,615,450,-0.97709,0.58192
500,180.5,615,450,-0.77857,0.66397
500,187,615,450,-0.62817,0.68019
500,193.5,615,450,-0.45782,0.66057
500,200,615,450,-0.27029,0.59966
551,5,615,450,-0.25978,0.95429
551,11.5,615,450,-0.25978,0.95429
551,18,615,450,-0.2411,0.95473
551,24.5,615,450,-0.22073,0.95506
551,31,615,450,-0.18716,0.95497
551,37.5,615,450,-0.14709,0.9549
551,44,615,450,-0.094663,0.9547
551,50.5,615,450,-0.021251,0.95281
551,57,615,450,0.091665,0.9479
551,63.5,615,450,0.20718,0.94037
551,70,615,450,0.37349,0.93034
551,76.5,615,450,0.61946,0.9126
551,83,615,450,0.93448,0.89231
551,89.5,615,450,1.3876,0.87363
551,96,615,450,2.0126,0.84259
551,102.5,615,450,2.5743,0.37597
551,109,615,450,3.1374,0.62383
551,115.5,615,450,-2.5103,0.72085
551,122,615,450,-2.0525,0.7571
551,128.5,615,450,-1.6638,0.74407
551,135,615,450,-1.3693,0.71252
551,141.5,615,450,-1.0974,0.68216
551,148,615,450,-0.80629,0.43758
551,154.5,615,450,-0.97963,0.35484
551,161,615,450,-0.97135,0.45117
551,167.5,615,450,-0.87896,0.71139
551,174,615,450,-0.64168,0.83441
551,180.5,615,450,-0.40802,0.8568
551,187,615,450,-0.23513,0.85183
551,193.5,615,450,-0.046324,0.79465
551,200,615,450,0.082622,0.68077
602,5,615,450,-0.27231,0.95852
602,11.5,615,450,-0.27231,0.95852
602,18,615,450,-0.25228,0.95857
602,24.5,615,450,-0.23023,0.95864
602,31,615,450,-0.19426,0.95831
602,37.5,615,450,-0.15108,0.95786
602,44,615,450,-0.094187,0.95735
602,50.5,615,450,-0.014852,0.95562
602,57,615,450,0.10757,0.95165
602,63.5,615,450,0.23319,0.9455
602,70,615,450,0.41568,0.93771
602,76.5,615,450,0.68656,0.92407
602,83,615,450,1.0337,0.90637
602,89.5,615,450,1.5201,0.88772
602,96,615,450,2.1302,0.86349
602,102.5,615,450,2.7624,0.75344
602,109,615,450,-2.826,0.84245
602,115.5,615,450,-2.2013,0.81277
602,122,615,450,-1.792,0.74148
602,128.5,615,450,-1.4914,0.71463
602,135,615,450,-1.2206,0.73368
602,141.5,615,450,-0.93351,0.72434
602,148,615,450,-0.79493,0.4471
602,154.5,615,450,-0.70851,0.53237
602,161,615,450,-0.6737,0.63242
602,167.5,615,450,-0.44726,0.88029
602,174,615,450,-0.20938,0.93495
602,180.5,615,450,0.033863,0.93258
602,187,615,450,0.2108,0.91591
602,193.5,615,450,0.40335,0.93025
602,200,615,450,0.61884,0.8964
653,5,615,450,-0.27485,0.96115
653,11.5,615,450,-0.27485,0.96115
653,18,615,450,-0.2535,0.96117
653,24.5,615,450,-0.22981,0.96151
653,31,615,450,-0.19138,0.96161
653,37.5,615,450,-0.14509,0.96153
653,44,615,450,-0.083605,0.96165
653,50.5,615,450,0.0021038,0.96106
653,57,615,450,0.13493,0.95889
653,63.5,615,450,0.27176,0.95415
653,70,615,450,0.4719,0.94779
653,76.5,615,450,0.76945,0.93411
653,83,615,450,1.1486,0.91276
653,89.5,615,450,1.6684,0.88932
653,96,615,450,2.272,0.87011
653,102.5,615,450,3.0171,0.86838
653,109,615,450,-2.6073,0.8609
653,115.5,615,450,-2.0384,0.76475
653,122,615,450,-1.6969,0.73746
653,128.5,615,450,-1.3489,0.81927
653,135,615,450,-1.0165,0.82942
653,141.5,615,450,-0.72307,0.81672
653,148,615,450,-0.37444,0.62182
653,154.5,615,450,-0.25394,0.44669
653,161,615,450,-0.27275,0.55179
653,167.5,615,450,0.0039779,0.67954
653,174,615,450,0.236,0.62374
653,180.5,615,450,0.34579,0.56461
653,187,615,450,0.48102,0.749
653,193.5,615,450,0.74238,0.85979
653,200,615,450,1.004,0.85211
704,5,615,450,-0.27749,0.95955
704,11.5,615,450,-0.27749,0.95955
704,18,615,450,-0.2547,0.95999
704,24.5,615,450,-0.22911,0.9608
704,31,615,450,-0.18789,0.96154
704,37.5,615,450,-0.13815,0.96218
704,44,615,450,-0.071589,0.96316
704,50.5,615,450,0.021142,0.96338
704,57,615,450,0.16516,0.96152
704,63.5,615,450,0.31363,0.95648
704,70,615,450,0.53145,0.94812
704,76.5,615,450,0.85402,0.92976
704,83,615,450,1.262,0.90272
704,89.5,615,450,1.8169,0.87525
704,96,615,450,2.4655,0.8275
704,102.5,615,450,-3.1211,0.85606
704,109,615,450,-2.4736,0.83491
704,115.5,615,450,-1.9475,0.8299
704,122,615,450,-1.5025,0.86727
704,128.5,615,450,-1.0751,0.78443
704,135,615,450,-0.74216,0.67995
704,141.5,615,450,-0.50248,0.66682
704,148,615,450,-0.070317,0.43974
704,154.5,615,450,-0.020743,0.31956
704,161,615,450,0.095942,0.44901
704,167.5,615,450,0.38578,0.41917
704,174,615,450,0.46598,0.35397
704,180.5,615,450,0.50738,0.62354
704,187,615,450,0.84482,0.86974
704,193.5,615,450,1.1788,0.94861
704,200,615,450,1.4552,0.95437
755,5,615,450,-0.28227,0.95546
755,11.5,615,450,-0.28227,0.95546
755,18,615,450,-0.25784,0.9563
755,24.5,615,450,-0.23013,0.95732
755,31,615,450,-0.18586,0.95824
755,37.5,615,450,-0.13237,0.95918
755,44,615,450,-0.06043,0.96033
755,50.5,615,450,0.039432,0.96009
755,57,615,450,0.19425,0.95672
755,63.5,615,450,0.35359,0.94983
755,70,615,450,0.5873,0.93875
755,76.5,615,450,0.9316,0.91669
755,83,615,450,1.3672,0.89033
755,89.5,615,450,1.9607,0.86647
755,96,615,450,2.7172,0.70604
755,102.5,615,450,-2.9964,0.8393
755,109,615,450,-2.3488,0.83271
755,115.5,615,450,-1.7115,0.82587
755,122,615,450,-1.2691,0.72224
755,128.5,615,450,-0.85563,0.57528
755,135,615,450,-0.53338,0.47527
755,141.5,615,450,-0.28492,0.49507
755,148,615,450,0.089263,0.30539
755,154.5,615,450,0.21593,0.30933
755,161,615,450,0.69303,0.2997
755,167.5,615,450,0.79072,0.17577
755,174,615,450,0.64019,0.23563
755,180.5,615,450,1.0216,0.62039
755,187,615,450,1.431,0.70977
755,193.5,615,450,1.7855,0.68935
755,200,615,450,1.9979,0.61892
806,5,615,450,-0.28878,0.95305
806,11.5,615,450,-0.28878,0.95305
806,18,615,450,-0.26259,0.95388
806,24.5,615,450,-0.2328,0.95463
806,31,615,450,-0.18557,0.95511
806,37.5,615,450,-0.12835,0.95569
806,44,615,450,-0.051207,0.9562
806,50.5,615,450,0.055267,0.95488
806,57,615,450,0.21981,0.94993
806,63.5,615,450,0.38893,0.94189
806,70,615,450,0.6373,0.93023
806,76.5,615,450,1.0039,0.91199
806,83,615,450,1.4701,0.89332
806,89.5,615,450,2.1084,0.87215
806,96,615,450,2.9925,0.56841
806,102.5,615,450,-2.8192,0.8004
806,109,615,450,-2.1648,0.70355
806,115.5,615,450,-1.5363,0.65335
806,122,615,450,-1.0779,0.57572
806,128.5,615,450,-0.60453,0.42484
806,135,615,450,-0.1594,0.30105
806,141.5,615,450,0.084008,0.10613
806,148,615,450,0.17918,0.18319
806,154.5,615,450,0.53365,0.22539
806,161,615,450,0.9782,0.14591
806,167.5,615,450,1.1174,0.10908
806,174,615,450,1.1102,0.20512
806,180.5,615,450,1.6855,0.38532
806,187,615,450,2.0617,0.35529
806,193.5,615,450,2.1539,0.29601
806,200,615,450,2.3345,0.49021
857,5,615,450,-0.29519,0.95463
857,11.5,615,450,-0.29519,0.95463
857,18,615,450,-0.26728,0.95511
857,24.5,615,450,-0.23567,0.95547
857,31,615,450,-0.18581,0.95537
857,37.5,615,450,-0.12518,0.95532
857,44,615,450,-0.043259,0.95512
857,50.5,615,450,0.069224,0.95318
857,57,615,450,0.24302,0.94854
857,63.5,615,450,0.42176,0.94196
857,70,615,450,0.68569,0.93352
857,76.5,615,450,1.0771,0.92164
857,83,615,450,1.5796,0.90569
857,89.5,615,450,2.2656,0.87868
857,96,615,450,-3.0044,0.50149
857,102.5,615,450,-2.5187,0.65198
857,109,615,450,-2.0534,0.58375
857,115.5,615,450,-1.335,0.5437
857,122,615,450,-0.75707,0.45064
857,128.5,615,450,-0.025526,0.20585
857,135,615,450,0.25249,0.022858
857,141.5,615,450,-0.78223,0.11889
857,148,615,450,0.26986,0.17643
857,154.5,615,450,0.94245,0.24465
857,161,615,450,1.654,0.15216
857,167.5,615,450,1.874,0.094402
857,174,615,450,2.028,0.22002
857,180.5,615,450,2.6799,0.28114
857,187,615,450,3.0492,0.16051
857,193.5,615,450,2.756,0.1691
857,200,615,450,2.7432,0.31653
908,5,615,450,-0.29953,0.95861
908,11.5,615,450,-0.29953,0.95861
908,18,615,450,-0.27022,0.95879
908,24.5,615,450,-0.23691,0.95903
908,31,615,450,-0.18466,0.95878
908,37.5,615,450,-0.12087,0.95848
908,44,615,450,-0.034401,0.95822
908,50.5,615,450,0.084167,0.95695
908,57,615,450,0.26791,0.95418
908,63.5,615,450,0.4577,0.9496
908,70,615,450,0.73961,0.94442
908,76.5,615,450,1.1595,0.93315
908,83,615,450,1.6961,0.91014
908,89.5,615,450,2.4263,0.87664
908,96,615,450,-2.7216,0.50936
908,102.5,615,450,-2.1778,0.30229
908,109,615,450,-1.8415,0.51675
908,115.5,615,450,-0.94252,0.42491
908,122,615,450,-0.060348,0.18553
908,128.5,615,450,-0.24954,0.0044072
908,135,615,450,-0.52205,0.043492
908,141.5,615,450,-0.0047817,0.094645
908,148,615,450,1.1038,0.11902
908,154.5,615,450,1.7617,0.17639
908,161,615,450,2.5486,0.2178
908,167.5,615,450,2.9163,0.26563
908,174,615,450,-2.7924,0.374
908,180.5,615,450,-2.064,0.27595
908,187,615,450,-1.4729,0.038113
908,193.5,615,450,2.9092,0.045978
908,200,615,450,-2.8623,0.33419
959,5,615,450,-0.31199,0.96111
959,11.5,615,450,-0.31199,0.96111
959,18,615,450,-0.28144,0.96105
959,24.5,615,450,-0.24626,0.96169
959,31,615,450,-0.19148,0.96191
959,37.5,615,450,-0.12449,0.96196
959,44,615,450,-0.033275,0.96232
959,50.5,615,450,0.091974,0.96218
959,57,615,450,0.28672,0.96066
959,63.5,615,450,0.4884,0.95652
959,70,615,450,0.78902,0.9499
959,76.5,615,450,1.2353,0.93099
959,83,615,450,1.8009,0.90018
959,89.5,615,450,2.5666,0.86452
959,96,615,450,-2.4949,0.55179
959,102.5,615,450,-2.1376,0.14527
959,109,615,450,-1.4675,0.43013
959,115.5,615,450,-0.21025,0.19432
959,122,615,450,-0.013784,0.0029178
959,128.5,615,450,-0.40127,0.029659
959,135,615,450,0.80655,0.056482
959,141.5,615,450,1.8067,0.10666
959,148,615,450,2.8987,0.11724
959,154.5,615,450,2.8382,0.12011
959,161,615,450,-2.7977,0.28213
959,167.5,615,450,-2.3775,0.4053
959,174,615,450,-1.8712,0.40682
959,180.5,615,450,-1.0899,0.21343
959,187,615,450,-1.5149,0.0029875
959,193.5,615,450,-2.4109,0.16381
959,200,615,450,-1.8574,0.22384
1010,5,615,450,-0.31458,0.95958
1010,11.5,615,450,-0.31458,0.95958
1010,18,615,450,-0.28243,0.96022
1010,24.5,615,450,-0.24535,0.96078
1010,31,615,450,-0.18773,0.96158
1010,37.5,615,450,-0.11726,0.96219
1010,44,615,450,-0.020909,0.96313
1010,50.5,615,450,0.11148,0.96326
1010,57,615,450,0.31746,0.96079
1010,63.5,615,450,0.53056,0.95456
1010,70,615,450,0.84758,0.94334
1010,76.5,615,450,1.3155,0.91871
1010,83,615,450,1.9069,0.88976
1010,89.5,615,450,2.7098,0.86648
1010,96,615,450,-2.344,0.60656
1010,102.5,615,450,-1.8844,0.1363
1010,109,615,450,-0.88471,0.31467
1010,115.5,615,450,0.66677,0.032881
1010,122,615,450,-0.31825,0.019332
1010,128.5,615,450,1.1927,0.075014
1010,135,615,450,2.2941,0.17456
1010,141.5,615,450,3.0076,0.43734
1010,148,615,450,-2.4012,0.24806
1010,154.5,615,450,-2.641,0.15237
1010,161,615,450,-2.3559,0.34106
1010,167.5,615,450,-1.8399,0.52607
1010,174,615,450,-1.3789,0.43006
1010,180.5,615,450,-1.2521,0.10808
1010,187,615,450,-1.5082,0.30946
1010,193.5,615,450,-1.0026,0.41876
1010,200,615,450,-0.74389,0.16982
1061,5,615,450,-0.31885,0.95591
1061,11.5,615,450,-0.31885,0.95591
1061,18,615,450,-0.28512,0.95645
1061,24.5,615,450,-0.24603,0.95734
1061,31,615,450,-0.18538,0.95818
1061,37.5,615,450,-0.11122,0.95893
1061,44,615,450,-0.0095785,0.95983
1061,50.5,615,450,0.12973,0.95906
1061,57,615,450,0.34589,0.95437
1061,63.5,615,450,0.56895,0.94581
1061,70,615,450,0.90012,0.93275
1061,76.5,615,450,1.388,0.91142
1061,83,615,450,2.0096,0.89331
1061,89.5,615,450,2.8573,0.87719
1061,96,615,450,-2.2759,0.68529
1061,102.5,615,450,-1.4292,0.15019
1061,109,615,450,-0.25641,0.24246
1061,115.5,615,450,0.73771,0.022211
1061,122,615,450,1.1146,0.082465
1061,128.5,615,450,2.2837,0.22946
1061,135,615,450,3.028,0.30759
1061,141.5,615,450,-2.7625,0.6378
1061,148,615,450,-2.1292,0.36942
1061,154.5,615,450,-2.1884,0.38062
1061,161,615,450,-1.7892,0.64036
1061,167.5,615,450,-1.3321,0.60715
1061,174,615,450,-1.1487,0.43377
1061,180.5,615,450,-0.9303,0.57939
1061,187,615,450,-0.56685,0.63774
1061,193.5,615,450,-0.05969,0.4191
1061,200,615,450,-0.08227,0.18834
1112,5,615,450,-0.32514,0.95402
1112,11.5,615,450,-0.32514,0.95402
1112,18,615,450,-0.28996,0.95394
1112,24.5,615,450,-0.24878,0.95484
1112,31,615,450,-0.18524,0.95519
1112,37.5,615,450,-0.10744,0.9556
1112,44,615,450,-0.00074848,0.95591
1112,50.5,615,450,0.14488,0.95417
1112,57,615,450,0.37017,0.94865
1112,63.5,615,450,0.60249,0.94095
1112,70,615,450,0.94817,0.93103
1112,76.5,615,450,1.4604,0.91861
1112,83,615,450,2.1187,0.90672
1112,89.5,615,450,3.0127,0.88419
1112,96,615,450,-2.1982,0.84661
1112,102.5,615,450,-1.0926,0.19773
1112,109,615,450,0.22529,0.28837
1112,115.5,615,450,1.1382,0.11809
1112,122,615,450,1.9391,0.21508
1112,128.5,615,450,2.7538,0.35437
1112,135,615,450,-2.9778,0.44978
1112,141.5,615,450,-2.4857,0.79141
1112,148,615,450,-2.011,0.7001
1112,154.5,615,450,-1.6062,0.74903
1112,161,615,450,-1.1607,0.61202
1112,167.5,615,450,-0.99475,0.42323
1112,174,615,450,-0.97326,0.55587
1112,180.5,615,450,-0.48818,0.75434
1112,187,615,450,-0.094819,0.71823
1112,193.5,615,450,0.16111,0.39698
1112,200,615,450,0.34917,0.32409
1163,5,615,450,-0.33268,0.95816
1163,11.5,615,450,-0.33268,0.95816
1163,18,615,450,-0.29565,0.95869
1163,24.5,615,450,-0.25248,0.95922
1163,31,615,450,-0.18634,0.95904
1163,37.5,615,450,-0.10515,0.95893
1163,44,615,450,0.0062586,0.95875
1163,50.5,615,450,0.15789,0.95697
1163,57,615,450,0.39261,0.95286
1163,63.5,615,450,0.63531,0.94728
1163,70,615,450,0.99842,0.94224
1163,76.5,615,450,1.5397,0.93206
1163,83,615,450,2.2336,0.91221
1163,89.5,615,450,-3.1183,0.87784
1163,96,615,450,-2.0711,0.83823
1163,102.5,615,450,-0.89033,0.36301
1163,109,615,450,0.61952,0.43695
1163,115.5,615,450,1.5833,0.24996
1163,122,615,450,2.2725,0.34156
1163,128.5,615,450,2.9678,0.56108
1163,135,615,450,-2.7035,0.75765
1163,141.5,615,450,-2.1661,0.89869
1163,148,615,450,-1.6864,0.89292
1163,154.5,615,450,-1.2145,0.8024
1163,161,615,450,-0.89839,0.39526
1163,167.5,615,450,-0.85843,0.4368
1163,174,615,450,-0.63161,0.82976
1163,180.5,615,450,-0.11803,0.92725
1163,187,615,450,0.24234,0.8763
1163,193.5,615,450,0.60431,0.86363
1163,200,615,450,0.96611,0.73407
1214,5,615,450,-0.3374,0.96214
1214,11.5,615,450,-0.3374,0.96214
1214,18,615,450,-0.2989,0.96229
1214,24.5,615,450,-0.25389,0.96253
1214,31,615,450,-0.18531,0.96235
1214,37.5,615,450,-0.10091,0.96213
1214,44,615,450,0.015165,0.96207
1214,50.5,615,450,0.17312,0.96125
1214,57,615,450,0.41842,0.95933
1214,63.5,615,450,0.67308,0.95562
1214,70,615,450,1.0553,0.95091
1214,76.5,615,450,1.6244,0.93481
1214,83,615,450,2.3482,0.90262
1214,89.5,615,450,-2.9704,0.86925
1214,96,615,450,-2.0335,0.78778
1214,102.5,615,450,-0.58402,0.68705
1214,109,615,450,0.9574,0.5339
1214,115.5,615,450,1.7617,0.37032
1214,122,615,450,2.4732,0.60298
1214,128.5,615,450,-3.0036,0.84518
1214,135,615,450,-2.3617,0.84069
1214,141.5,615,450,-1.8727,0.67306
1214,148,615,450,-1.5244,0.94141
1214,154.5,615,450,-0.97222,0.83051
1214,161,615,450,-0.63823,0.62518
1214,167.5,615,450,-0.49521,0.50076
1214,174,615,450,-0.12861,0.83477
1214,180.5,615,450,0.34831,0.79301
1214,187,615,450,0.66289,0.86838
1214,193.5,615,450,1.0813,0.85828
1214,200,615,450,1.5312,0.71729
1265,5,615,450,-0.34004,0.96461
1265,11.5,615,450,-0.34004,0.96461
1265,18,615,450,-0.30017,0.9646
1265,24.5,615,450,-0.25347,0.96485
1265,31,615,450,-0.18227,0.96515
1265,37.5,615,450,-0.094569,0.96527
1265,44,615,450,0.026408,0.96572
1265,50.5,615,450,0.19129,0.96574
1265,57,615,450,0.44804,0.96414
1265,63.5,615,450,0.71459,0.95898
1265,70,615,450,1.1147,0.94902
1265,76.5,615,450,1.7063,0.92364
1265,83,615,450,2.4544,0.89209
1265,89.5,615,450,-2.8263,0.87056
1265,96,615,450,-1.9556,0.78558
1265,102.5,615,450,-0.27892,0.85262
1265,109,615,450,1.1249,0.51899
1265,115.5,615,450,1.9144,0.64631
1265,122,615,450,2.7993,0.8644
1265,128.5,615,450,-2.7267,0.81917
1265,135,615,450,-2.1702,0.82172
1265,141.5,615,450,-1.7186,0.64482
1265,148,615,450,-1.2918,0.94817
1265,154.5,615,450,-0.70132,0.85797
1265,161,615,450,-0.084735,0.51704
1265,167.5,615,450,-0.1118,0.40164
1265,174,615,450,0.32085,0.50827
1265,180.5,615,450,0.47634,0.59539
1265,187,615,450,0.96475,0.90802
1265,193.5,615,450,1.449,0.91063
1265,200,615,450,1.834,0.76611
1316,5,615,450,-0.35344,0.96315
1316,11.5,615,450,-0.35344,0.96315
1316,18,615,450,-0.31219,0.96346
1316,24.5,615,450,-0.26369,0.96392
1316,31,615,450,-0.18962,0.96459
1316,37.5,615,450,-0.098393,0.96513
1316,44,615,450,0.027743,0.96587
1316,50.5,615,450,0.19972,0.96558
1316,57,615,450,0.46745,0.96197
1316,63.5,615,450,0.74475,0.95358
1316,70,615,450,1.1595,0.93944
1316,76.5,615,450,1.77,0.91465
1316,83,615,450,2.5465,0.89515
1316,89.5,615,450,-2.6865,0.88209
1316,96,615,450,-1.8103,0.76105
1316,102.5,615,450,-0.10289,0.86815
1316,109,615,450,1.1018,0.60035
1316,115.5,615,450,2.2002,0.86984
1316,122,615,450,3.039,0.82957
1316,128.5,615,450,-2.5927,0.80209
1316,135,615,450,-1.9156,0.85138
1316,141.5,615,450,-1.3296,0.53729
1316,148,615,450,-0.97869,0.74032
1316,154.5,615,450,-0.45657,0.66496
1316,161,615,450,0.24517,0.29976
1316,167.5,615,450,0.29152,0.35476
1316,174,615,450,0.68033,0.29244
1316,180.5,615,450,0.83183,0.71804
1316,187,615,450,1.4437,0.89813
1316,193.5,615,450,1.9334,0.87846
1316,200,615,450,2.3619,0.8721
1367,5,615,450,-0.35743,0.95938
1367,11.5,615,450,-0.35743,0.95938
1367,18,615,450,-0.31465,0.96003
1367,24.5,615,450,-0.26415,0.96082
1367,31,615,450,-0.18711,0.96134
1367,37.5,615,450,-0.092255,0.96186
1367,44,615,450,0.039047,0.96238
1367,50.5,615,450,0.2177,0.96109
1367,57,615,450,0.49501,0.95532
1367,63.5,615,450,0.78136,0.9458
1367,70,615,450,1.2093,0.93315
1367,76.5,615,450,1.8425,0.91881
1367,83,615,450,2.6561,0.90797
1367,89.5,615,450,-2.5284,0.88313
1367,96,615,450,-1.5777,0.70756
1367,102.5,615,450,0.023204,0.85981
1367,109,615,450,1.2709,0.86201
1367,115.5,615,450,2.4199,0.81913
1367,122,615,450,-3.1075,0.77922
1367,128.5,615,450,-2.32,0.83869
1367,135,615,450,-1.6179,0.6155
1367,141.5,615,450,-1.0273,0.35405
1367,148,615,450,-0.63268,0.40872
1367,154.5,615,450,-0.093853,0.46648
1367,161,615,450,0.50885,0.18502
1367,167.5,615,450,1.006,0.17063
1367,174,615,450,1.0336,0.14102
1367,180.5,615,450,1.4557,0.53659
1367,187,615,450,2.04,0.45934
1367,193.5,615,450,2.3206,0.60126
1367,200,615,450,2.6753,0.72283
1418,5,615,450,-0.36345,0.95697
1418,11.5,615,450,-0.36345,0.95697
1418,18,615,450,-0.31889,0.95774
1418,24.5,615,450,-0.26639,0.95858
1418,31,615,450,-0.1866,0.95871
1418,37.5,615,450,-0.088179,0.95887
1418,44,615,450,0.048038,0.95894
1418,50.5,615,450,0.23277,0.95692
1418,57,615,450,0.51896,0.95157
1418,63.5,615,450,0.81472,0.94428
1418,70,615,450,1.2587,0.93791
1418,76.5,615,450,1.9207,0.9304
1418,83,615,450,2.7726,0.91216
1418,89.5,615,450,-2.3766,0.87373
1418,96,615,450,-1.2786,0.65871
1418,102.5,615,450,0.15859,0.85065
1418,109,615,450,1.47,0.82711
1418,115.5,615,450,2.5579,0.74762
1418,122,615,450,-2.9048,0.82582
1418,128.5,615,450,-2.0449,0.58347
1418,135,615,450,-1.3672,0.41284
1418,141.5,615,450,-0.67448,0.25953
1418,148,615,450,0.13272,0.18439
1418,154.5,615,450,0.17841,0.057338
1418,161,615,450,0.54435,0.088367
1418,167.5,615,450,1.2635,0.13868
1418,174,615,450,1.6191,0.09331
1418,180.5,615,450,2.1803,0.28709
1418,187,615,450,2.3798,0.19669
1418,193.5,615,450,2.7068,0.37772
1418,200,615,450,-3.1143,0.8559
1469,5,615,450,-0.36983,0.95827
1469,11.5,615,450,-0.36983,0.95827
1469,18,615,450,-0.32359,0.95897
1469,24.5,615,450,-0.26906,0.95945
1469,31,615,450,-0.18684,0.95937
1469,37.5,615,450,-0.0851,0.9592
1469,44,615,450,0.055841,0.95914
1469,50.5,615,450,0.24662,0.95769
1469,57,615,450,0.54257,0.95485
1469,63.5,615,450,0.84957,0.95081
1469,70,615,450,1.313,0.94794
1469,76.5,615,450,2.0049,0.93525
1469,83,615,450,2.8859,0.90171
1469,89.5,615,450,-2.2305,0.86594
1469,96,615,450,-0.9606,0.65785
1469,102.5,615,450,0.39626,0.74268
1469,109,615,450,1.612,0.74926
1469,115.5,615,450,2.7259,0.69287
1469,122,615,450,-2.6635,0.61557
1469,128.5,615,450,-1.7921,0.41226
1469,135,615,450,-0.89964,0.27886
1469,141.5,615,450,0.10899,0.13481
1469,148,615,450,2.439,0.046608
1469,154.5,615,450,-0.53138,0.088519
1469,161,615,450,0.95977,0.1564
1469,167.5,615,450,2.0751,0.19871
1469,174,615,450,2.4639,0.178
1469,180.5,615,450,-2.798,0.24827
1469,187,615,450,-3.0803,0.042646
1469,193.5,615,450,3.118,0.36264
1469,200,615,450,-2.4921,0.46569
