500,5,641,450,-0.23674,0.95402
500,11.5,641,450,-0.23674,0.95402
500,18,641,450,-0.22052,0.95498
500,24.5,641,450,-0.20307,0.95601
500,31,641,450,-0.17401,0.9571
500,37.5,641,450,-0.13982,0.95834
500,44,641,450,-0.095883,0.95989
500,50.5,641,450,-0.034351,0.96069
500,57,641,450,0.058854,0.95998
500,63.5,641,450,0.15243,0.95704
500,70,641,450,0.284,0.95241
500,76.5,641,450,0.47237,0.9416
500,83,641,450,0.70018,0.92533
500,89.5,641,450,1.0122,0.90658
500,96,641,450,1.4096,0.88947
500,102.5,641,450,2.0629,0.8529
500,109,641,450,2.7266,0.24447
500,115.5,641,450,2.8483,0.38174
500,122,641,450,-2.9945,0.4503
500,128.5,641,450,-2.5358,0.53493
500,135,641,450,-2.1875,0.59172
500,141.5,641,450,-1.909,0.62754
500,148,641,450,-1.6763,0.65205
500,154.5,641,450,-1.4415,0.66591
500,161,641,450,-1.2,0.56884
500,167.5,641,450,-1.0897,0.41539
500,174,641,450,-1.1844,0.36408
500,180.5,641,450,-1.1976,0.50447
500,187,641,450,-1.0544,0.62443
500,193.5,641,450,-0.88271,0.67886
500,200,641,450,-0.71502,0.69843
551,5,641,450,-0.24216,0.95347
551,11.5,641,450,-0.24216,0.95347
551,18,641,450,-0.22431,0.95413
551,24.5,641,450,-0.20486,0.95472
551,31,641,450,-0.17315,0.95515
551,37.5,641,450,-0.13559,0.95571
551,44,641,450,-0.086987,0.95632
551,50.5,641,450,-0.019611,0.95592
551,57,641,450,0.082201,0.95377
551,63.5,641,450,0.18441,0.95009
551,70,641,450,0.32918,0.9447
551,76.5,641,450,0.53604,0.93417
551,83,641,450,0.78811,0.9209
551,89.5,641,450,1.1323,0.90533
551,96,641,450,1.5637,0.89158
551,102.5,641,450,2.2296,0.86682
551,109,641,450,2.6587,0.35913
551,115.5,641,450,-3.1355,0.62177
551,122,641,450,-2.6567,0.71548
551,128.5,641,450,-2.1968,0.79907
551,135,641,450,-1.8106,0.82701
551,141.5,641,450,-1.4935,0.78329
551,148,641,450,-1.2318,0.73828
551,154.5,641,450,-0.91601,0.58189
551,161,641,450,-1.0362,0.31408
551,167.5,641,450,-1.0241,0.37826
551,174,641,450,-1.1151,0.52107
551,180.5,641,450,-0.81166,0.77467
551,187,641,450,-0.61898,0.80099
551,193.5,641,450,-0.43287,0.79785
551,200,641,450,-0.24037,0.7743
602,5,641,450,-0.25442,0.95643
602,11.5,641,450,-0.25442,0.95643
602,18,641,450,-0.23513,0.95658
602,24.5,641,450,-0.21398,0.95662
602,31,641,450,-0.17995,0.95657
602,37.5,641,450,-0.1394,0.95652
602,44,641,450,-0.086595,0.95648
602,50.5,641,450,-0.013863,0.95569
602,57,641,450,0.096178,0.95369
602,63.5,641,450,0.20687,0.95058
602,70,641,450,0.36459,0.94677
602,76.5,641,450,0.59134,0.93977
602,83,641,450,0.86918,0.92967
602,89.5,641,450,1.2462,0.9164
602,96,641,450,1.7056,0.89753
602,102.5,641,450,2.3538,0.8738
602,109,641,450,2.8339,0.73856
602,115.5,641,450,-2.8109,0.85102
602,122,641,450,-2.3117,0.87573
602,128.5,641,450,-1.8633,0.82964
602,135,641,450,-1.5403,0.73413
602,141.5,641,450,-1.3034,0.72307
602,148,641,450,-1.0218,0.72323
602,154.5,641,450,-0.70492,0.42929
602,161,641,450,-0.83992,0.50975
602,167.5,641,450,-0.86603,0.45693
602,174,641,450,-0.71846,0.83457
602,180.5,641,450,-0.40627,0.93954
602,187,641,450,-0.20847,0.94889
602,193.5,641,450,-0.0092545,0.9449
602,200,641,450,0.17048,0.90801
653,5,641,450,-0.25771,0.96017
653,11.5,641,450,-0.25771,0.96017
653,18,641,450,-0.23713,0.96016
653,24.5,641,450,-0.21451,0.96
653,31,641,450,-0.17825,0.96008
653,37.5,641,450,-0.13487,0.96007
653,44,641,450,-0.077969,0.96027
653,50.5,641,450,0.0002579,0.96028
653,57,641,450,0.11901,0.9599
653,63.5,641,450,0.23894,0.95835
653,70,641,450,0.41115,0.95686
653,76.5,641,450,0.65968,0.95209
653,83,641,450,0.96473,0.94152
653,89.5,641,450,1.3748,0.92609
653,96,641,450,1.8601,0.90209
653,102.5,641,450,2.4973,0.88588
653,109,641,450,3.1146,0.88851
653,115.5,641,450,-2.5405,0.87498
653,122,641,450,-2.064,0.82197
653,128.5,641,450,-1.7187,0.71946
653,135,641,450,-1.4251,0.78365
653,141.5,641,450,-1.1225,0.81207
653,148,641,450,-0.83549,0.78451
653,154.5,641,450,-0.61093,0.7484
653,161,641,450,-0.30863,0.51858
653,167.5,641,450,-0.47817,0.51713
653,174,641,450,-0.22964,0.7906
653,180.5,641,450,0.087395,0.83649
653,187,641,450,0.30249,0.77567
653,193.5,641,450,0.39611,0.71958
653,200,641,450,0.62375,0.85717
704,5,641,450,-0.25983,0.96124
704,11.5,641,450,-0.25983,0.96124
704,18,641,450,-0.238,0.96149
704,24.5,641,450,-0.21378,0.96176
704,31,641,450,-0.17509,0.96242
704,37.5,641,450,-0.12868,0.96303
704,44,641,450,-0.067339,0.96409
704,50.5,641,450,0.016995,0.96525
704,57,641,450,0.14547,0.96614
704,63.5,641,450,0.27538,0.96532
704,70,641,450,0.46298,0.96389
704,76.5,641,450,0.73352,0.9568
704,83,641,450,1.0646,0.94127
704,89.5,641,450,1.5061,0.92111
704,96,641,450,2.0219,0.89735
704,102.5,641,450,2.712,0.85516
704,109,641,450,-2.9925,0.86465
704,115.5,641,450,-2.3677,0.80905
704,122,641,450,-1.9499,0.74086
704,128.5,641,450,-1.5681,0.87067
704,135,641,450,-1.1563,0.87031
704,141.5,641,450,-0.8019,0.79462
704,148,641,450,-0.5335,0.67117
704,154.5,641,450,-0.1307,0.79522
704,161,641,450,0.06877,0.29363
704,167.5,641,450,-0.11159,0.45665
704,174,641,450,0.23084,0.56866
704,180.5,641,450,0.52713,0.43739
704,187,641,450,0.38805,0.38993
704,193.5,641,450,0.61967,0.78031
704,200,641,450,0.9594,0.91003
755,5,641,450,-0.26267,0.95873
755,11.5,641,450,-0.26267,0.95873
755,18,641,450,-0.23939,0.95939
755,24.5,641,450,-0.21329,0.96024
755,31,641,450,-0.17185,0.96141
755,37.5,641,450,-0.12205,0.96261
755,44,641,450,-0.055835,0.96426
755,50.5,641,450,0.035043,0.96569
755,57,641,450,0.17348,0.96607
755,63.5,641,450,0.31332,0.96404
755,70,641,450,0.51577,0.96004
755,76.5,641,450,0.80596,0.94742
755,83,641,450,1.1589,0.92955
755,89.5,641,450,1.6313,0.90889
755,96,641,450,2.1844,0.88701
755,102.5,641,450,3.0159,0.69979
755,109,641,450,-2.8494,0.82804
755,115.5,641,450,-2.2356,0.74904
755,122,641,450,-1.7869,0.88562
755,128.5,641,450,-1.2563,0.80846
755,135,641,450,-0.83613,0.69079
755,141.5,641,450,-0.49095,0.5282
755,148,641,450,-0.34115,0.41499
755,154.5,641,450,0.23236,0.56351
755,161,641,450,0.17018,0.21038
755,167.5,641,450,0.3601,0.45773
755,174,641,450,0.76225,0.35093
755,180.5,641,450,0.62516,0.17591
755,187,641,450,0.64279,0.63524
755,193.5,641,450,1.1338,0.89779
755,200,641,450,1.4909,0.93363
806,5,641,450,-0.26711,0.95504
806,11.5,641,450,-0.26711,0.95504
806,18,641,450,-0.24218,0.95594
806,24.5,641,450,-0.21398,0.95693
806,31,641,450,-0.16967,0.95807
806,37.5,641,450,-0.11632,0.95925
806,44,641,450,-0.04514,0.96066
806,50.5,641,450,0.052123,0.96127
806,57,641,450,0.19976,0.95985
806,63.5,641,450,0.34855,0.95601
806,70,641,450,0.56406,0.94962
806,76.5,641,450,0.87155,0.93579
806,83,641,450,1.2473,0.92138
806,89.5,641,450,1.7513,0.906
806,96,641,450,2.3471,0.88104
806,102.5,641,450,-2.9476,0.48763
806,109,641,450,-2.6657,0.802
806,115.5,641,450,-2.0782,0.68198
806,122,641,450,-1.5299,0.74734
806,128.5,641,450,-0.99019,0.60429
806,135,641,450,-0.55572,0.48179
806,141.5,641,450,-0.19966,0.34871
806,148,641,450,-0.0075843,0.27118
806,154.5,641,450,0.56378,0.24406
806,161,641,450,0.46433,0.24143
806,167.5,641,450,1.0534,0.16832
806,174,641,450,1.0769,0.17223
806,180.5,641,450,0.75512,0.25517
806,187,641,450,1.306,0.59282
806,193.5,641,450,1.7921,0.64788
806,200,641,450,2.1528,0.53449
857,5,641,450,-0.27281,0.95363
857,11.5,641,450,-0.27281,0.95363
857,18,641,450,-0.24621,0.95451
857,24.5,641,450,-0.21602,0.955
857,31,641,450,-0.169,0.95558
857,37.5,641,450,-0.11227,0.95622
857,44,641,450,-0.036454,0.95683
857,50.5,641,450,0.066494,0.95629
857,57,641,450,0.22236,0.95399
857,63.5,641,450,0.37968,0.95001
857,70,641,450,0.60732,0.94415
857,76.5,641,450,0.93292,0.93536
857,83,641,450,1.3345,0.9273
857,89.5,641,450,1.8751,0.91509
857,96,641,450,2.5128,0.88725
857,102.5,641,450,-2.6433,0.38238
857,109,641,450,-2.3762,0.72204
857,115.5,641,450,-1.9297,0.58734
857,122,641,450,-1.3151,0.61527
857,128.5,641,450,-0.69792,0.47172
857,135,641,450,-0.13477,0.35828
857,141.5,641,450,0.47938,0.21943
857,148,641,450,1.446,0.028903
857,154.5,641,450,0.21558,0.079134
857,161,641,450,0.55841,0.17335
857,167.5,641,450,1.2042,0.22176
857,174,641,450,1.7528,0.16068
857,180.5,641,450,1.4829,0.28411
857,187,641,450,2.05,0.42457
857,193.5,641,450,2.5101,0.36654
857,200,641,450,2.399,0.23368
908,5,641,450,-0.27806,0.95591
908,11.5,641,450,-0.27806,0.95591
908,18,641,450,-0.24999,0.95635
908,24.5,641,450,-0.21809,0.95627
908,31,641,450,-0.16866,0.9563
908,37.5,641,450,-0.10888,0.9564
908,44,641,450,-0.028815,0.95651
908,50.5,641,450,0.079488,0.95582
908,57,641,450,0.24355,0.95439
908,63.5,641,450,0.40944,0.95177
908,70,641,450,0.65064,0.94953
908,76.5,641,450,0.99858,0.94594
908,83,641,450,1.4293,0.93904
908,89.5,641,450,2.0057,0.92403
908,96,641,450,2.6841,0.89159
908,102.5,641,450,-2.3243,0.37741
908,109,641,450,-1.9198,0.48698
908,115.5,641,450,-1.7169,0.53668
908,122,641,450,-1.0079,0.54146
908,128.5,641,450,-0.16159,0.38573
908,135,641,450,0.80109,0.19748
908,141.5,641,450,2.1506,0.029185
908,148,641,450,-1.3981,0.051577
908,154.5,641,450,0.496,0.12684
908,161,641,450,1.1581,0.2778
908,167.5,641,450,1.9406,0.28385
908,174,641,450,2.4252,0.17091
908,180.5,641,450,2.5437,0.43568
908,187,641,450,3.1205,0.47244
908,193.5,641,450,-2.4795,0.1882
908,200,641,450,3.0135,0.0936
959,5,641,450,-0.29039,0.95958
959,11.5,641,450,-0.29039,0.95958
959,18,641,450,-0.26092,0.95956
959,24.5,641,450,-0.22754,0.95959
959,31,641,450,-0.17589,0.95959
959,37.5,641,450,-0.11322,0.95966
959,44,641,450,-0.028979,0.96001
959,50.5,641,450,0.084935,0.96027
959,57,641,450,0.2581,0.96053
959,63.5,641,450,0.43372,0.95994
959,70,641,450,0.69051,0.95981
959,76.5,641,450,1.0616,0.95607
959,83,641,450,1.5203,0.94275
959,89.5,641,450,2.1313,0.91985
959,96,641,450,2.8438,0.89226
959,102.5,641,450,-2.0424,0.40732
959,109,641,450,-1.5083,0.21234
959,115.5,641,450,-1.3796,0.49605
959,122,641,450,-0.47702,0.46064
959,128.5,641,450,0.7824,0.23014
959,135,641,450,2.1821,0.037869
959,141.5,641,450,-1.0428,0.0053571
959,148,641,450,0.29232,0.039109
959,154.5,641,450,1.7456,0.12562
959,161,641,450,2.0375,0.23023
959,167.5,641,450,2.7299,0.37676
959,174,641,450,3.1235,0.43295
959,180.5,641,450,-2.5366,0.54488
959,187,641,450,-1.9229,0.45655
959,193.5,641,450,-1.0969,0.022059
959,200,641,450,3.0812,0.17922
1010,5,641,450,-0.29255,0.96114
1010,11.5,641,450,-0.29255,0.96114
1010,18,641,450,-0.26195,0.96156
1010,24.5,641,450,-0.22678,0.96187
1010,31,641,450,-0.17277,0.96238
1010,37.5,641,450,-0.10707,0.96292
1010,44,641,450,-0.018351,0.964
1010,50.5,641,450,0.10179,0.96529
1010,57,641,450,0.28496,0.9665
1010,63.5,641,450,0.471,0.96585
1010,70,641,450,0.74358,0.96387
1010,76.5,641,450,1.1363,0.9533
1010,83,641,450,1.618,0.93274
1010,89.5,641,450,2.257,0.90794
1010,96,641,450,3.0051,0.88489
1010,102.5,641,450,-1.8686,0.42025
1010,109,641,450,-1.2638,0.12965
1010,115.5,641,450,-0.85202,0.44285
1010,122,641,450,0.28609,0.30932
1010,128.5,641,450,1.7243,0.093595
1010,135,641,450,1.7957,0.0016282
1010,141.5,641,450,1.3992,0.071544
1010,148,641,450,2.2293,0.15598
1010,154.5,641,450,-3.0797,0.29027
1010,161,641,450,2.9402,0.19254
1010,167.5,641,450,-2.7229,0.35304
1010,174,641,450,-2.4222,0.50828
1010,180.5,641,450,-1.8166,0.53517
1010,187,641,450,-1.0726,0.29804
1010,193.5,641,450,-2.6702,0.042916
1010,200,641,450,-1.9923,0.38921
1061,5,641,450,-0.29499,0.95954
1061,11.5,641,450,-0.29499,0.95954
1061,18,641,450,-0.26279,0.96024
1061,24.5,641,450,-0.22586,0.96094
1061,31,641,450,-0.16916,0.96203
1061,37.5,641,450,-0.10013,0.96311
1061,44,641,450,-0.0065736,0.96462
1061,50.5,641,450,0.12012,0.96592
1061,57,641,450,0.31325,0.96585
1061,63.5,641,450,0.50912,0.96312
1061,70,641,450,0.79541,0.95701
1061,76.5,641,450,1.2058,0.94153
1061,83,641,450,1.7079,0.92212
1061,89.5,641,450,2.3766,0.90535
1061,96,641,450,-3.1184,0.88693
1061,102.5,641,450,-1.894,0.45781
1061,109,641,450,-0.96858,0.1443
1061,115.5,641,450,-0.25814,0.38132
1061,122,641,450,0.95537,0.20588
1061,128.5,641,450,1.8654,0.045878
1061,135,641,450,1.7062,0.12111
1061,141.5,641,450,2.5079,0.3136
1061,148,641,450,3.1254,0.2771
1061,154.5,641,450,-2.4202,0.41974
1061,161,641,450,-2.6722,0.27636
1061,167.5,641,450,-2.4155,0.36251
1061,174,641,450,-1.9,0.64202
1061,180.5,641,450,-1.3047,0.50253
1061,187,641,450,-1.5303,0.12907
1061,193.5,641,450,-1.3858,0.56158
1061,200,641,450,-0.81198,0.62867
1112,5,641,450,-0.2993,0.95635
1112,11.5,641,450,-0.2993,0.95635
1112,18,641,450,-0.26523,0.95678
1112,24.5,641,450,-0.22637,0.95771
1112,31,641,450,-0.16678,0.95889
1112,37.5,641,450,-0.094277,0.96003
1112,44,641,450,0.0041686,0.96129
1112,50.5,641,450,0.13711,0.96157
1112,57,641,450,0.33913,0.95934
1112,63.5,641,450,0.54338,0.95497
1112,70,641,450,0.84154,0.94687
1112,76.5,641,450,1.2683,0.93447
1112,83,641,450,1.7941,0.92439
1112,89.5,641,450,2.4996,0.91599
1112,96,641,450,-2.9571,0.89359
1112,102.5,641,450,-1.8573,0.79018
1112,109,641,450,-0.71082,0.18439
1112,115.5,641,450,0.2122,0.39305
1112,122,641,450,1.3524,0.21111
1112,128.5,641,450,1.7557,0.16991
1112,135,641,450,2.4235,0.36011
1112,141.5,641,450,3.0747,0.43385
1112,148,641,450,-2.8977,0.32646
1112,154.5,641,450,-2.1995,0.52615
1112,161,641,450,-2.1138,0.55675
1112,167.5,641,450,-1.8085,0.71745
1112,174,641,450,-1.2995,0.64054
1112,180.5,641,450,-1.2034,0.41798
1112,187,641,450,-0.97444,0.66224
1112,193.5,641,450,-0.54938,0.72691
1112,200,641,450,0.044261,0.46382
1163,5,641,450,-0.30548,0.95673
1163,11.5,641,450,-0.30548,0.95673
1163,18,641,450,-0.27017,0.95754
1163,24.5,641,450,-0.22932,0.95838
1163,31,641,450,-0.16696,0.959
1163,37.5,641,450,-0.091067,0.95967
1163,44,641,450,0.011952,0.9602
1163,50.5,641,450,0.15052,0.95944
1163,57,641,450,0.36054,0.95648
1163,63.5,641,450,0.57276,0.95244
1163,70,641,450,0.88345,0.94708
1163,76.5,641,450,1.3301,0.94226
1163,83,641,450,1.8855,0.937
1163,89.5,641,450,2.6293,0.92497
1163,96,641,450,-2.7933,0.89693
1163,102.5,641,450,-1.6637,0.89705
1163,109,641,450,-0.62862,0.28798
1163,115.5,641,450,0.57838,0.53389
1163,122,641,450,1.6345,0.27665
1163,128.5,641,450,2.145,0.36996
1163,135,641,450,2.7958,0.49721
1163,141.5,641,450,-2.9546,0.56724
1163,148,641,450,-2.657,0.60284
1163,154.5,641,450,-2.0405,0.78219
1163,161,641,450,-1.5516,0.7784
1163,167.5,641,450,-1.1222,0.6672
1163,174,641,450,-1.0486,0.36714
1163,180.5,641,450,-0.98271,0.65805
1163,187,641,450,-0.5348,0.79667
1163,193.5,641,450,-0.094606,0.77708
1163,200,641,450,0.11654,0.45202
1214,5,641,450,-0.31119,0.95794
1214,11.5,641,450,-0.31119,0.95794
1214,18,641,450,-0.27429,0.95846
1214,24.5,641,450,-0.2316,0.95901
1214,31,641,450,-0.16678,0.95908
1214,37.5,641,450,-0.08776,0.95925
1214,44,641,450,0.019541,0.95944
1214,50.5,641,450,0.16346,0.95879
1214,57,641,450,0.38171,0.95731
1214,63.5,641,450,0.60269,0.95539
1214,70,641,450,0.92806,0.95508
1214,76.5,641,450,1.3986,0.95371
1214,83,641,450,1.9839,0.94428
1214,89.5,641,450,2.7619,0.92009
1214,96,641,450,-2.6265,0.89069
1214,102.5,641,450,-1.5551,0.86813
1214,109,641,450,-0.45833,0.59139
1214,115.5,641,450,0.95146,0.70656
1214,122,641,450,1.7902,0.31554
1214,128.5,641,450,2.3883,0.53274
1214,135,641,450,3.0405,0.70021
1214,141.5,641,450,-2.6607,0.8062
1214,148,641,450,-2.2141,0.76941
1214,154.5,641,450,-1.7461,0.81177
1214,161,641,450,-1.2151,0.82579
1214,167.5,641,450,-0.87614,0.36143
1214,174,641,450,-0.73407,0.44968
1214,180.5,641,450,-0.56646,0.88285
1214,187,641,450,-0.13377,0.94096
1214,193.5,641,450,0.26947,0.89745
1214,200,641,450,0.66328,0.81562
1265,5,641,450,-0.31533,0.96149
1265,11.5,641,450,-0.31533,0.96149
1265,18,641,450,-0.27701,0.96172
1265,24.5,641,450,-0.23261,0.96197
1265,31,641,450,-0.16556,0.96196
1265,37.5,641,450,-0.083592,0.96204
1265,44,641,450,0.027969,0.96249
1265,50.5,641,450,0.17761,0.9629
1265,57,641,450,0.40523,0.96359
1265,63.5,641,450,0.6365,0.96381
1265,70,641,450,0.9783,0.96362
1265,76.5,641,450,1.4727,0.95727
1265,83,641,450,2.0825,0.93772
1265,89.5,641,450,2.8886,0.90949
1265,96,641,450,-2.464,0.88304
1265,102.5,641,450,-1.4597,0.85397
1265,109,641,450,-0.14756,0.8616
1265,115.5,641,450,1.2519,0.69817
1265,122,641,450,1.8227,0.46928
1265,128.5,641,450,2.6317,0.76967
1265,135,641,450,-2.9157,0.86309
1265,141.5,641,450,-2.3285,0.74548
1265,148,641,450,-1.9162,0.80041
1265,154.5,641,450,-1.6211,0.72842
1265,161,641,450,-0.94319,0.85459
1265,167.5,641,450,-0.62168,0.74524
1265,174,641,450,-0.24598,0.36671
1265,180.5,641,450,-0.050631,0.84781
1265,187,641,450,0.39054,0.79358
1265,193.5,641,450,0.6943,0.83337
1265,200,641,450,1.0968,0.84373
1316,5,641,450,-0.32746,0.96411
1316,11.5,641,450,-0.32746,0.96411
1316,18,641,450,-0.28786,0.96423
1316,24.5,641,450,-0.24181,0.96451
1316,31,641,450,-0.17239,0.96496
1316,37.5,641,450,-0.087397,0.96538
1316,44,641,450,0.028697,0.96643
1316,50.5,641,450,0.18466,0.96775
1316,57,641,450,0.42255,0.96905
1316,63.5,641,450,0.66442,0.96793
1316,70,641,450,1.0218,0.9644
1316,76.5,641,450,1.5354,0.9495
1316,83,641,450,2.1651,0.92624
1316,89.5,641,450,2.9996,0.90589
1316,96,641,450,-2.3144,0.88774
1316,102.5,641,450,-1.3136,0.82775
1316,109,641,450,0.074076,0.88955
1316,115.5,641,450,1.3519,0.59458
1316,122,641,450,2.0264,0.77895
1316,128.5,641,450,2.9429,0.85946
1316,135,641,450,-2.6474,0.7182
1316,141.5,641,450,-2.2326,0.65787
1316,148,641,450,-1.6168,0.85904
1316,154.5,641,450,-1.4044,0.6978
1316,161,641,450,-0.66021,0.85407
1316,167.5,641,450,-0.028658,0.71215
1316,174,641,450,0.025438,0.2262
1316,180.5,641,450,0.44968,0.52934
1316,187,641,450,0.46514,0.36867
1316,193.5,641,450,0.9813,0.90239
1316,200,641,450,1.4633,0.90092
1367,5,641,450,-0.32943,0.96334
1367,11.5,641,450,-0.32943,0.96334
1367,18,641,450,-0.28849,0.96363
1367,24.5,641,450,-0.24074,0.96418
1367,31,641,450,-0.16861,0.96519
1367,37.5,641,450,-0.080336,0.96612
1367,44,641,450,0.040574,0.96744
1367,50.5,641,450,0.20316,0.96859
1367,57,641,450,0.45076,0.96809
1367,63.5,641,450,0.70228,0.96417
1367,70,641,450,1.0722,0.95571
1367,76.5,641,450,1.6016,0.93893
1367,83,641,450,2.2526,0.92445
1367,89.5,641,450,3.1232,0.91638
1367,96,641,450,-2.1493,0.89531
1367,102.5,641,450,-1.0915,0.78442
1367,109,641,450,0.23062,0.85605
1367,115.5,641,450,1.3657,0.77157
1367,122,641,450,2.3306,0.8751
1367,128.5,641,450,-3.0937,0.70517
1367,135,641,450,-2.5488,0.58389
1367,141.5,641,450,-1.9535,0.83693
1367,148,641,450,-1.3155,0.72621
1367,154.5,641,450,-1.1134,0.5403
1367,161,641,450,-0.41949,0.66567
1367,167.5,641,450,0.44135,0.4668
1367,174,641,450,0.2794,0.25996
1367,180.5,641,450,0.91616,0.25297
1367,187,641,450,0.7177,0.63483
1367,193.5,641,450,1.4764,0.93527
1367,200,641,450,1.9772,0.88748
1418,5,641,450,-0.3327,0.95998
1418,11.5,641,450,-0.3327,0.95998
1418,18,641,450,-0.29029,0.96072
1418,24.5,641,450,-0.24066,0.96145
1418,31,641,450,-0.1657,0.96245
1418,37.5,641,450,-0.073982,0.96352
1418,44,641,450,0.051741,0.96454
1418,50.5,641,450,0.22041,0.96448
1418,57,641,450,0.47666,0.9617
1418,63.5,641,450,0.73615,0.95601
1418,70,641,450,1.1172,0.9476
1418,76.5,641,450,1.6637,0.93803
1418,83,641,450,2.3428,0.93388
1418,89.5,641,450,-3.0295,0.92476
1418,96,641,450,-1.9819,0.89422
1418,102.5,641,450,-0.80014,0.72714
1418,109,641,450,0.38103,0.83157
1418,115.5,641,450,1.6214,0.87318
1418,122,641,450,2.5555,0.77049
1418,128.5,641,450,-2.9343,0.55629
1418,135,641,450,-2.3431,0.71399
1418,141.5,641,450,-1.5407,0.5929
1418,148,641,450,-1.1008,0.58188
1418,154.5,641,450,-0.72549,0.41139
1418,161,641,450,-0.020343,0.56215
1418,167.5,641,450,0.88917,0.25392
1418,174,641,450,1.112,0.23429
1418,180.5,641,450,1.18,0.1155
1418,187,641,450,1.4049,0.59052
1418,193.5,641,450,2.151,0.5697
1418,200,641,450,2.3553,0.63795
1469,5,641,450,-0.33789,0.95741
1469,11.5,641,450,-0.33789,0.95741
1469,18,641,450,-0.29393,0.95827
1469,24.5,641,450,-0.2423,0.9591
1469,31,641,450,-0.16464,0.95941
1469,37.5,641,450,-0.069537,0.96013
1469,44,641,450,0.06072,0.96058
1469,50.5,641,450,0.23489,0.95964
1469,57,641,450,0.4989,0.95656
1469,63.5,641,450,0.7661,0.9524
1469,70,641,450,1.1599,0.94893
1469,76.5,641,450,1.7287,0.94797
1469,83,641,450,2.4397,0.94357
1469,89.5,641,450,-2.8978,0.92024
1469,96,641,450,-1.817,0.88973
1469,102.5,641,450,-0.47216,0.68401
1469,109,641,450,0.60247,0.78756
1469,115.5,641,450,1.8144,0.75918
1469,122,641,450,2.7502,0.67046
1469,128.5,641,450,-2.8036,0.43856
1469,135,641,450,-1.9674,0.53782
1469,141.5,641,450,-1.2109,0.37374
1469,148,641,450,-0.75253,0.4641
1469,154.5,641,450,0.040079,0.4126
1469,161,641,450,0.73428,0.1411
1469,167.5,641,450,1.2764,0.03779
1469,174,641,450,1.1462,0.20195
1469,180.5,641,450,1.6413,0.090486
1469,187,641,450,2.1582,0.39472
1469,193.5,641,450,2.5985,0.17292
1469,200,641,450,2.6595,0.36876
