500,5,663,450,-0.22423,0.95577
500,11.5,663,450,-0.22423,0.95577
500,18,663,450,-0.20868,0.95676
500,24.5,663,450,-0.19206,0.95792
500,31,663,450,-0.16453,0.95938
500,37.5,663,450,-0.13236,0.9613
500,44,663,450,-0.091293,0.96356
500,50.5,663,450,-0.03428,0.9665
500,57,663,450,0.050852,0.96985
500,63.5,663,450,0.13522,0.97242
500,70,663,450,0.25244,0.97538
500,76.5,663,450,0.41592,0.97739
500,83,663,450,0.60729,0.97777
500,89.5,663,450,0.86199,0.97605
500,96,663,450,1.1714,0.97528
500,102.5,663,450,1.6318,0.97673
500,109,663,450,2.2432,0.97462
500,115.5,663,450,1.1023,0.00035164
500,122,663,450,2.4755,0.50538
500,128.5,663,450,-3.1241,0.68804
500,135,663,450,-2.6928,0.72376
500,141.5,663,450,-2.3569,0.74955
500,148,663,450,-2.0712,0.78009
500,154.5,663,450,-1.787,0.79021
500,161,663,450,-1.7406,0.91261
500,167.5,663,450,-1.4035,0.87965
500,174,663,450,-1.0992,0.83191
500,180.5,663,450,-0.48751,0.5144
500,187,663,450,-2.5316,0.17222
500,193.5,663,450,-1.5493,0.65275
500,200,663,450,-1.2129,0.79294
551,5,663,450,-0.22874,0.95392
551,11.5,663,450,-0.22874,0.95392
551,18,663,450,-0.21155,0.95473
551,24.5,663,450,-0.19295,0.95571
551,31,663,450,-0.16279,0.95663
551,37.5,663,450,-0.12734,0.95801
551,44,663,450,-0.081739,0.95948
551,50.5,663,450,-0.019091,0.96123
551,57,663,450,0.074137,0.96296
551,63.5,663,450,0.16633,0.96442
551,70,663,450,0.29501,0.96599
551,76.5,663,450,0.47452,0.96717
551,83,663,450,0.68579,0.96939
551,89.5,663,450,0.96752,0.97154
551,96,663,450,1.3102,0.97788
551,102.5,663,450,1.8085,0.98213
551,109,663,450,2.4313,0.98918
551,115.5,663,450,2.2349,0.44337
551,122,663,450,3.0545,0.75302
551,128.5,663,450,-2.6837,0.83254
551,135,663,450,-2.2754,0.87743
551,141.5,663,450,-1.9386,0.91444
551,148,663,450,-1.6371,0.94294
551,154.5,663,450,-1.3248,0.96816
551,161,663,450,-1.0139,0.93107
551,167.5,663,450,-0.42872,0.70353
551,174,663,450,-1.9358,0.14355
551,180.5,663,450,-2.4265,0.16515
551,187,663,450,-1.0692,0.78638
551,193.5,663,450,-0.81309,0.80511
551,200,663,450,-0.61951,0.81534
602,5,663,450,-0.24021,0.95533
602,11.5,663,450,-0.24021,0.95533
602,18,663,450,-0.22153,0.9557
602,24.5,663,450,-0.20114,0.95614
602,31,663,450,-0.16867,0.95647
602,37.5,663,450,-0.13027,0.95715
602,44,663,450,-0.08061,0.95779
602,50.5,663,450,-0.012906,0.95877
602,57,663,450,0.087806,0.95996
602,63.5,663,450,0.18751,0.96153
602,70,663,450,0.32766,0.96385
602,76.5,663,450,0.52342,0.96811
602,83,663,450,0.75605,0.97487
602,89.5,663,450,1.0672,0.98136
602,96,663,450,1.4434,0.98602
602,102.5,663,450,1.9681,0.9779
602,109,663,450,2.5636,0.97063
602,115.5,663,450,2.9279,0.87657
602,122,663,450,-2.8083,0.9218
602,128.5,663,450,-2.3192,0.95914
602,135,663,450,-1.9069,0.9808
602,141.5,663,450,-1.5122,0.98227
602,148,663,450,-0.75325,0.77638
602,154.5,663,450,-1.1536,0.94272
602,161,663,450,-0.28736,0.74608
602,167.5,663,450,-1.21,0.5206
602,174,663,450,-0.61441,0.54898
602,180.5,663,450,-0.8952,0.97357
602,187,663,450,-0.57712,0.93497
602,193.5,663,450,-0.35898,0.92616
602,200,663,450,-0.16627,0.92954
653,5,663,450,-0.24412,0.95881
653,11.5,663,450,-0.24412,0.95881
653,18,663,450,-0.22417,0.95891
653,24.5,663,450,-0.20224,0.9589
653,31,663,450,-0.16766,0.95908
653,37.5,663,450,-0.12657,0.95953
653,44,663,450,-0.073106,0.96006
653,50.5,663,450,-0.00045721,0.9614
653,57,663,450,0.10789,0.96382
653,63.5,663,450,0.21555,0.96671
653,70,663,450,0.36804,0.97152
653,76.5,663,450,0.5823,0.97934
653,83,663,450,0.83869,0.98813
653,89.5,663,450,1.1803,0.99321
653,96,663,450,1.587,0.98915
653,102.5,663,450,2.1325,0.97396
653,109,663,450,2.695,0.96396
653,115.5,663,450,-3.008,0.9679
653,122,663,450,-2.5075,0.98251
653,128.5,663,450,-2.016,0.98534
653,135,663,450,-1.5539,0.97131
653,141.5,663,450,-2.2189,0.36104
653,148,663,450,-1.2241,0.90091
653,154.5,663,450,-0.86915,0.9168
653,161,663,450,-1.1411,0.64361
653,167.5,663,450,-0.41361,0.8578
653,174,663,450,0.9213,0.029134
653,180.5,663,450,-0.35634,0.9264
653,187,663,450,-0.089271,0.94054
653,193.5,663,450,0.14698,0.93832
653,200,663,450,0.31311,0.80918
704,5,663,450,-0.24657,0.9614
704,11.5,663,450,-0.24657,0.9614
704,18,663,450,-0.22545,0.96154
704,24.5,663,450,-0.20208,0.96162
704,31,663,450,-0.16529,0.9622
704,37.5,663,450,-0.12146,0.96307
704,44,663,450,-0.064016,0.96429
704,50.5,663,450,0.014029,0.96678
704,57,663,450,0.13089,0.97079
704,63.5,663,450,0.24733,0.97503
704,70,663,450,0.41339,0.98116
704,76.5,663,450,0.64748,0.98887
704,83,663,450,0.92742,0.99349
704,89.5,663,450,1.2972,0.99173
704,96,663,450,1.7304,0.98174
704,102.5,663,450,2.3054,0.97284
704,109,663,450,2.9328,0.979
704,115.5,663,450,-2.7918,0.98681
704,122,663,450,-2.2863,0.98115
704,128.5,663,450,-1.751,0.948
704,135,663,450,-1.8656,0.83544
704,141.5,663,450,-1.2213,0.95358
704,148,663,450,-0.87691,0.96593
704,154.5,663,450,-0.54737,0.97403
704,161,663,450,-0.26007,0.99543
704,167.5,663,450,0.30301,0.91507
704,174,663,450,-0.68754,0.30089
704,180.5,663,450,0.1364,0.76829
704,187,663,450,0.43896,0.76404
704,193.5,663,450,0.84518,0.60055
704,200,663,450,0.6573,0.90284
755,5,663,450,-0.24864,0.96083
755,11.5,663,450,-0.24864,0.96083
755,18,663,450,-0.2262,0.96131
755,24.5,663,450,-0.20124,0.96192
755,31,663,450,-0.16198,0.9631
755,37.5,663,450,-0.11509,0.96464
755,44,663,450,-0.053236,0.96667
755,50.5,663,450,0.030775,0.96994
755,57,663,450,0.15679,0.97437
755,63.5,663,450,0.28238,0.97829
755,70,663,450,0.46181,0.98303
755,76.5,663,450,0.71409,0.9859
755,83,663,450,1.0143,0.98418
755,89.5,663,450,1.4094,0.9781
755,96,663,450,1.8695,0.97283
755,102.5,663,450,2.4923,0.9722
755,109,663,450,-2.7223,0.69403
755,115.5,663,450,-2.6197,0.97741
755,122,663,450,-2.0939,0.96106
755,128.5,663,450,-2.6311,0.4655
755,135,663,450,-1.292,0.98719
755,141.5,663,450,-0.87107,0.99053
755,148,663,450,-0.47409,0.98031
755,154.5,663,450,0.0072412,0.89812
755,161,663,450,0.18199,0.94489
755,167.5,663,450,1.0843,0.5106
755,174,663,450,-0.05474,0.47284
755,180.5,663,450,0.6932,0.66946
755,187,663,450,1.1827,0.52378
755,193.5,663,450,-0.67367,0.27943
755,200,663,450,0.95302,0.98472
806,5,663,450,-0.2515,0.95761
806,11.5,663,450,-0.2515,0.95761
806,18,663,450,-0.22756,0.95846
806,24.5,663,450,-0.2007,0.95958
806,31,663,450,-0.15875,0.961
806,37.5,663,450,-0.10854,0.96284
806,44,663,450,-0.04199,0.96505
806,50.5,663,450,0.048145,0.96784
806,57,663,450,0.18305,0.97104
806,63.5,663,450,0.31712,0.97324
806,70,663,450,0.5087,0.9748
806,76.5,663,450,0.77687,0.97393
806,83,663,450,1.0948,0.97159
806,89.5,663,450,1.5145,0.96992
806,96,663,450,2.0091,0.97473
806,102.5,663,450,2.6853,0.96687
806,109,663,450,2.8705,0.00066976
806,115.5,663,450,-2.433,0.97161
806,122,663,450,-1.7679,0.92532
806,128.5,663,450,-1.5153,0.99621
806,135,663,450,-0.97499,0.97883
806,141.5,663,450,-0.48685,0.92767
806,148,663,450,-0.0084251,0.81771
806,154.5,663,450,0.63486,0.53203
806,161,663,450,0.68701,0.76599
806,167.5,663,450,1.8704,0.071201
806,174,663,450,0.83968,0.84182
806,180.5,663,450,2.3922,0.22461
806,187,663,450,1.6845,0.025151
806,193.5,663,450,1.009,0.92999
806,200,663,450,1.5755,0.93219
857,5,663,450,-0.25591,0.95469
857,11.5,663,450,-0.25591,0.95469
857,18,663,450,-0.2304,0.95566
857,24.5,663,450,-0.20148,0.95667
857,31,663,450,-0.15683,0.95782
857,37.5,663,450,-0.1033,0.95935
857,44,663,450,-0.032203,0.96097
857,50.5,663,450,0.063528,0.96273
857,57,663,450,0.2063,0.96438
857,63.5,663,450,0.34794,0.96509
857,70,663,450,0.5505,0.96563
857,76.5,663,450,0.83338,0.96585
857,83,663,450,1.1711,0.96999
857,89.5,663,450,1.6198,0.97613
857,96,663,450,2.1525,0.98295
857,102.5,663,450,2.8768,0.96117
857,109,663,450,2.2438,0.12151
857,115.5,663,450,-2.1436,0.94668
857,122,663,450,-2.3579,0.71228
857,128.5,663,450,-1.2178,0.96665
857,135,663,450,-0.62266,0.91172
857,141.5,663,450,-0.065752,0.81238
857,148,663,450,0.49593,0.69746
857,154.5,663,450,1.2407,0.50097
857,161,663,450,1.5294,0.28632
857,167.5,663,450,0.12617,0.19537
857,174,663,450,0.17425,0.088446
857,180.5,663,450,1.4933,0.39806
857,187,663,450,0.60313,0.30702
857,193.5,663,450,1.7683,0.74151
857,200,663,450,2.2615,0.69111
908,5,663,450,-0.26107,0.9547
908,11.5,663,450,-0.26107,0.9547
908,18,663,450,-0.234,0.95532
908,24.5,663,450,-0.20319,0.95575
908,31,663,450,-0.15607,0.95639
908,37.5,663,450,-0.099491,0.95732
908,44,663,450,-0.024224,0.95817
908,50.5,663,450,0.076575,0.95916
908,57,663,450,0.22668,0.96052
908,63.5,663,450,0.37556,0.96198
908,70,663,450,0.589,0.96448
908,76.5,663,450,0.88898,0.9699
908,83,663,450,1.2503,0.98019
908,89.5,663,450,1.7327,0.98956
908,96,663,450,2.2999,0.98588
908,102.5,663,450,3.0629,0.96186
908,109,663,450,2.6801,0.20942
908,115.5,663,450,-1.6199,0.73775
908,122,663,450,-1.8379,0.89279
908,128.5,663,450,-0.88432,0.90425
908,135,663,450,-0.19819,0.82035
908,141.5,663,450,0.48822,0.74046
908,148,663,450,1.263,0.63112
908,154.5,663,450,2.3421,0.62684
908,161,663,450,-0.40803,0.010098
908,167.5,663,450,0.15401,0.2709
908,174,663,450,1.3797,0.58773
908,180.5,663,450,2.6016,0.35039
908,187,663,450,1.7781,0.57824
908,193.5,663,450,2.5469,0.72327
908,200,663,450,3.1197,0.67564
959,5,663,450,-0.27334,0.95749
959,11.5,663,450,-0.27334,0.95749
959,18,663,450,-0.24478,0.95778
959,24.5,663,450,-0.21252,0.95774
959,31,663,450,-0.16319,0.958
959,37.5,663,450,-0.10382,0.95857
959,44,663,450,-0.024668,0.95918
959,50.5,663,450,0.08108,0.96054
959,57,663,450,0.23889,0.96306
959,63.5,663,450,0.39569,0.96668
959,70,663,450,0.62199,0.97226
959,76.5,663,450,0.94208,0.98167
959,83,663,450,1.3291,0.99046
959,89.5,663,450,1.843,0.99224
959,96,663,450,2.4391,0.98054
959,102.5,663,450,-3.043,0.97398
959,109,663,450,-3.098,0.31258
959,115.5,663,450,-0.85701,0.23734
959,122,663,450,-1.4848,0.86825
959,128.5,663,450,-0.46464,0.83727
959,135,663,450,0.38986,0.72725
959,141.5,663,450,1.2902,0.52233
959,148,663,450,2.234,0.26657
959,154.5,663,450,-2.8321,0.18911
959,161,663,450,1.1541,0.27498
959,167.5,663,450,1.1995,0.44889
959,174,663,450,2.1956,0.63694
959,180.5,663,450,-2.5369,0.011374
959,187,663,450,3.0077,0.87962
959,193.5,663,450,-2.6746,0.90973
959,200,663,450,-1.034,0.5613
1010,5,663,450,-0.27607,0.96064
1010,11.5,663,450,-0.27607,0.96064
1010,18,663,450,-0.2465,0.9607
1010,24.5,663,450,-0.21272,0.96091
1010,31,663,450,-0.16124,0.96125
1010,37.5,663,450,-0.099117,0.96201
1010,44,663,450,-0.015989,0.96313
1010,50.5,663,450,0.095147,0.96562
1010,57,663,450,0.26158,0.96998
1010,63.5,663,450,0.42751,0.97502
1010,70,663,450,0.6681,0.9816
1010,76.5,663,450,1.0089,0.98827
1010,83,663,450,1.4192,0.98906
1010,89.5,663,450,1.9581,0.98127
1010,96,663,450,2.5813,0.97257
1010,102.5,663,450,-2.8548,0.97984
1010,109,663,450,-2.4711,0.52629
1010,115.5,663,450,-0.06145,0.011241
1010,122,663,450,-1.0452,0.78031
1010,128.5,663,450,0.095625,0.73178
1010,135,663,450,1.1019,0.50626
1010,141.5,663,450,2.0864,0.24669
1010,148,663,450,-3.0742,0.025155
1010,154.5,663,450,1.4076,0.059965
1010,161,663,450,2.6131,0.64876
1010,167.5,663,450,2.1102,0.29976
1010,174,663,450,2.9235,0.62076
1010,180.5,663,450,-2.8291,0.69351
1010,187,663,450,-2.3634,0.73739
1010,193.5,663,450,-1.6615,0.845
1010,200,663,450,1.2894,0.026728
1061,5,663,450,-0.27804,0.96139
1061,11.5,663,450,-0.27804,0.96139
1061,18,663,450,-0.24712,0.96195
1061,24.5,663,450,-0.21176,0.96242
1061,31,663,450,-0.15796,0.96328
1061,37.5,663,450,-0.092887,0.96456
1061,44,663,450,-0.0054235,0.96644
1061,50.5,663,450,0.11168,0.96973
1061,57,663,450,0.2874,0.97437
1061,63.5,663,450,0.46272,0.97865
1061,70,663,450,0.71714,0.98241
1061,76.5,663,450,1.0754,0.98202
1061,83,663,450,1.5038,0.97692
1061,89.5,663,450,2.0651,0.97067
1061,96,663,450,2.7197,0.97653
1061,102.5,663,450,-2.6733,0.97403
1061,109,663,450,-1.9334,0.77695
1061,115.5,663,450,-2.509,0.012477
1061,122,663,450,-0.52386,0.65892
1061,128.5,663,450,0.68313,0.58782
1061,135,663,450,1.7321,0.37839
1061,141.5,663,450,2.9392,0.061341
1061,148,663,450,1.2936,0.24224
1061,154.5,663,450,2.5473,0.78696
1061,161,663,450,-2.6311,0.95134
1061,167.5,663,450,2.8777,0.25626
1061,174,663,450,-2.5539,0.54406
1061,180.5,663,450,-2.2663,0.71642
1061,187,663,450,-1.7736,0.75431
1061,193.5,663,450,-0.34633,0.74674
1061,200,663,450,-2.3497,0.6424
1112,5,663,450,-0.2808,0.95894
1112,11.5,663,450,-0.2808,0.95894
1112,18,663,450,-0.24808,0.96016
1112,24.5,663,450,-0.21096,0.96097
1112,31,663,450,-0.15458,0.96231
1112,37.5,663,450,-0.086289,0.96397
1112,44,663,450,0.0057929,0.96609
1112,50.5,663,450,0.129,0.969
1112,57,663,450,0.31365,0.97203
1112,63.5,663,450,0.49752,0.97398
1112,70,663,450,0.76363,0.97429
1112,76.5,663,450,1.1359,0.97047
1112,83,663,450,1.5808,0.96751
1112,89.5,663,450,2.1693,0.97276
1112,96,663,450,2.8622,0.98502
1112,102.5,663,450,-2.4969,0.96715
1112,109,663,450,-1.5248,0.92556
1112,115.5,663,450,-1.731,0.10713
1112,122,663,450,0.0043136,0.61037
1112,128.5,663,450,1.1872,0.5805
1112,135,663,450,2.4145,0.32322
1112,141.5,663,450,1.137,0.18585
1112,148,663,450,2.4733,0.77723
1112,154.5,663,450,-2.9276,0.90151
1112,161,663,450,-2.1629,0.86317
1112,167.5,663,450,-2.6701,0.47121
1112,174,663,450,-1.3662,0.097025
1112,180.5,663,450,-1.7139,0.87678
1112,187,663,450,-1.0509,0.77938
1112,193.5,663,450,-1.9577,0.62912
1112,200,663,450,-1.0877,0.90585
1163,5,663,450,-0.28533,0.95869
1163,11.5,663,450,-0.28533,0.95869
1163,18,663,450,-0.25139,0.95951
1163,24.5,663,450,-0.2124,0.96047
1163,31,663,450,-0.15326,0.96176
1163,37.5,663,450,-0.081648,0.96328
1163,44,663,450,0.01498,0.96488
1163,50.5,663,450,0.14385,0.96656
1163,57,663,450,0.33635,0.96762
1163,63.5,663,450,0.52766,0.96805
1163,70,663,450,0.80397,0.96759
1163,76.5,663,450,1.1908,0.96823
1163,83,663,450,1.6573,0.97435
1163,89.5,663,450,2.2791,0.98629
1163,96,663,450,3.0084,0.98706
1163,102.5,663,450,-2.3204,0.97212
1163,109,663,450,-1.2789,0.98018
1163,115.5,663,450,-0.94584,0.39821
1163,122,663,450,0.47657,0.68726
1163,128.5,663,450,1.6727,0.69497
1163,135,663,450,-2.6859,0.0071809
1163,141.5,663,450,2.3096,0.69608
1163,148,663,450,3.0938,0.78698
1163,154.5,663,450,-2.533,0.75179
1163,161,663,450,-1.958,0.85145
1163,167.5,663,450,-1.9359,0.85276
1163,174,663,450,-1.8623,0.949
1163,180.5,663,450,-0.9215,0.92856
1163,187,663,450,-1.4371,0.48603
1163,193.5,663,450,-0.87381,0.80033
1163,200,663,450,-0.42243,0.84422
1214,5,663,450,-0.29036,0.95697
1214,11.5,663,450,-0.29036,0.95697
1214,18,663,450,-0.25484,0.95775
1214,24.5,663,450,-0.21398,0.95852
1214,31,663,450,-0.15225,0.95938
1214,37.5,663,450,-0.077511,0.96051
1214,44,663,450,0.023337,0.96143
1214,50.5,663,450,0.15728,0.96237
1214,57,663,450,0.35698,0.96317
1214,63.5,663,450,0.55559,0.96428
1214,70,663,450,0.84263,0.96734
1214,76.5,663,450,1.2477,0.9747
1214,83,663,450,1.7403,0.98773
1214,89.5,663,450,2.3949,0.99393
1214,96,663,450,-3.1302,0.98252
1214,102.5,663,450,-2.1358,0.97876
1214,109,663,450,-1.1064,0.99528
1214,115.5,663,450,-0.29354,0.74862
1214,122,663,450,0.89495,0.85078
1214,128.5,663,450,2.2423,0.73615
1214,135,663,450,1.9465,0.60294
1214,141.5,663,450,2.859,0.79607
1214,148,663,450,-2.8201,0.85035
1214,154.5,663,450,-2.2182,0.85976
1214,161,663,450,-1.7205,0.9367
1214,167.5,663,450,-1.3013,0.99072
1214,174,663,450,-0.92979,0.95945
1214,180.5,663,450,-1.1979,0.47867
1214,187,663,450,-1.0319,0.94032
1214,193.5,663,450,-0.41877,0.87161
1214,200,663,450,0.033661,0.90294
1265,5,663,450,-0.29529,0.95849
1265,11.5,663,450,-0.29529,0.95849
1265,18,663,450,-0.2583,0.95902
1265,24.5,663,450,-0.21569,0.95945
1265,31,663,450,-0.15165,0.95978
1265,37.5,663,450,-0.074008,0.96052
1265,44,663,450,0.030799,0.96118
1265,50.5,663,450,0.16969,0.96246
1265,57,663,450,0.37699,0.96496
1265,63.5,663,450,0.58362,0.96862
1265,70,663,450,0.88425,0.97521
1265,76.5,663,450,1.3105,0.98625
1265,83,663,450,1.8285,0.99375
1265,89.5,663,450,2.5106,0.98611
1265,96,663,450,-2.9889,0.97566
1265,102.5,663,450,-1.9463,0.9777
1265,109,663,450,-0.96881,0.98752
1265,115.5,663,450,0.14296,0.92695
1265,122,663,450,1.2445,0.96369
1265,128.5,663,450,0.64854,0.0095932
1265,135,663,450,2.5459,0.83525
1265,141.5,663,450,-3.0518,0.91445
1265,148,663,450,-2.4485,0.97565
1265,154.5,663,450,-1.6669,0.95125
1265,161,663,450,-1.8282,0.90897
1265,167.5,663,450,-1.2487,0.99082
1265,174,663,450,-1.9342,0.047401
1265,180.5,663,450,-0.27134,0.5743
1265,187,663,450,-0.45863,0.97094
1265,193.5,663,450,0.043856,0.96364
1265,200,663,450,0.42415,0.95687
1316,5,663,450,-0.30769,0.9619
1316,11.5,663,450,-0.30769,0.9619
1316,18,663,450,-0.26936,0.9621
1316,24.5,663,450,-0.22515,0.96238
1316,31,663,450,-0.15898,0.96264
1316,37.5,663,450,-0.078526,0.96333
1316,44,663,450,0.030283,0.96438
1316,50.5,663,450,0.17455,0.9668
1316,57,663,450,0.39059,0.97138
1316,63.5,663,450,0.60624,0.9766
1316,70,663,450,0.92219,0.98358
1316,76.5,663,450,1.3687,0.98955
1316,83,663,450,1.9073,0.98553
1316,89.5,663,450,2.6119,0.97406
1316,96,663,450,-2.8576,0.97641
1316,102.5,663,450,-1.7722,0.96714
1316,109,663,450,-0.81233,0.96701
1316,115.5,663,450,0.41523,0.98221
1316,122,663,450,1.5014,0.99345
1316,128.5,663,450,2.0352,0.84289
1316,135,663,450,2.9006,0.95087
1316,141.5,663,450,-2.6955,0.98713
1316,148,663,450,-2.0288,0.93255
1316,154.5,663,450,2.9828,0.00075621
1316,161,663,450,-1.6097,0.95822
1316,167.5,663,450,-0.8468,0.9747
1316,174,663,450,-0.51948,0.94494
1316,180.5,663,450,1.418,0.012386
1316,187,663,450,0.085076,0.83981
1316,193.5,663,450,0.65318,0.79257
1316,200,663,450,-0.10135,0.48283
1367,5,663,450,-0.30978,0.96412
1367,11.5,663,450,-0.30978,0.96412
1367,18,663,450,-0.27017,0.96431
1367,24.5,663,450,-0.22439,0.96463
1367,31,663,450,-0.15599,0.96541
1367,37.5,663,450,-0.072659,0.96643
1367,44,663,450,0.040449,0.96815
1367,50.5,663,450,0.19068,0.97123
1367,57,663,450,0.41603,0.97643
1367,63.5,663,450,0.64127,0.98034
1367,70,663,450,0.97097,0.98348
1367,76.5,663,450,1.4342,0.98041
1367,83,663,450,1.9889,0.97293
1367,89.5,663,450,2.7166,0.97252
1367,96,663,450,-2.7138,0.98401
1367,102.5,663,450,-1.5891,0.96514
1367,109,663,450,-0.58715,0.96447
1367,115.5,663,450,0.61183,0.98385
1367,122,663,450,1.7473,0.99167
1367,128.5,663,450,2.4136,0.96626
1367,135,663,450,-3.0601,0.98403
1367,141.5,663,450,-2.3289,0.91106
1367,148,663,450,-1.4251,0.58032
1367,154.5,663,450,-1.6869,0.96582
1367,161,663,450,-1.3127,0.93164
1367,167.5,663,450,-0.46052,0.99307
1367,174,663,450,0.076543,0.97688
1367,180.5,663,450,-0.3646,0.25959
1367,187,663,450,0.64587,0.64146
1367,193.5,663,450,-0.4154,0.33633
1367,200,663,450,1.175,0.9314
1418,5,663,450,-0.3116,0.96332
1418,11.5,663,450,-0.3116,0.96332
1418,18,663,450,-0.27075,0.96374
1418,24.5,663,450,-0.22326,0.96433
1418,31,663,450,-0.15229,0.96564
1418,37.5,663,450,-0.065873,0.96706
1418,44,663,450,0.051793,0.96905
1418,50.5,663,450,0.20815,0.97192
1418,57,663,450,0.44253,0.97513
1418,63.5,663,450,0.6762,0.97612
1418,70,663,450,1.017,0.97487
1418,76.5,663,450,1.4934,0.96997
1418,83,663,450,2.0655,0.97159
1418,89.5,663,450,2.8248,0.98423
1418,96,663,450,-2.5675,0.98737
1418,102.5,663,450,-1.4084,0.97202
1418,109,663,450,-0.28087,0.90442
1418,115.5,663,450,0.7819,0.97064
1418,122,663,450,1.6948,0.9815
1418,128.5,663,450,2.6945,0.985
1418,135,663,450,-2.7481,0.9241
1418,141.5,663,450,-1.8538,0.71808
1418,148,663,450,-2.0179,0.87394
1418,154.5,663,450,-1.0139,0.90465
1418,161,663,450,-0.94767,0.81934
1418,167.5,663,450,-0.95844,0.62681
1418,174,663,450,0.58224,0.87195
1418,180.5,663,450,0.43074,0.54507
1418,187,663,450,1.6724,0.53316
1418,193.5,663,450,0.83962,0.94959
1418,200,663,450,1.7087,0.96773
1469,5,663,450,-0.31479,0.96024
1469,11.5,663,450,-0.31479,0.96024
1469,18,663,450,-0.27249,0.96083
1469,24.5,663,450,-0.2232,0.96176
1469,31,663,450,-0.14939,0.96309
1469,37.5,663,450,-0.059731,0.96464
1469,44,663,450,0.062465,0.96627
1469,50.5,663,450,0.22449,0.96794
1469,57,663,450,0.4667,0.96887
1469,63.5,663,450,0.70743,0.96833
1469,70,663,450,1.058,0.96687
1469,76.5,663,450,1.5488,0.9688
1469,83,663,450,2.1444,0.98115
1469,89.5,663,450,2.94,0.99274
1469,96,663,450,-2.4224,0.98195
1469,102.5,663,450,-1.2216,0.97809
1469,109,663,450,0.08921,0.8063
1469,115.5,663,450,0.99105,0.96673
1469,122,663,450,1.91,0.9943
1469,128.5,663,450,2.9632,0.94282
1469,135,663,450,-2.3614,0.83116
1469,141.5,663,450,-2.7258,0.47522
1469,148,663,450,-1.3524,0.88171
1469,154.5,663,450,-0.27738,0.60627
1469,161,663,450,-0.41609,0.75358
1469,167.5,663,450,-0.068756,0.87582
1469,174,663,450,1.2029,0.66955
1469,180.5,663,450,2.1345,0.44175
1469,187,663,450,1.5419,0.37746
1469,193.5,663,450,1.6356,0.79478
1469,200,663,450,2.4432,0.68233
