500,5,628,450,-0.24494,0.95319
500,11.5,628,450,-0.24494,0.95319
500,18,628,450,-0.22832,0.9541
500,24.5,628,450,-0.21038,0.95503
500,31,628,450,-0.18041,0.95585
500,37.5,628,450,-0.14506,0.95679
500,44,628,450,-0.09939,0.95791
500,50.5,628,450,-0.035104,0.95808
500,57,628,450,0.063001,0.95573
500,63.5,628,450,0.16225,0.95054
500,70,628,450,0.30283,0.94242
500,76.5,628,450,0.50674,0.92682
500,83,628,450,0.75931,0.9055
500,89.5,628,450,1.1158,0.88311
500,96,628,450,1.5922,0.86164
500,102.5,628,450,2.4671,0.62079
500,109,628,450,2.6249,0.27023
500,115.5,628,450,3.1389,0.39122
500,122,628,450,-2.7173,0.45468
500,128.5,628,450,-2.2933,0.54716
500,135,628,450,-1.9598,0.61248
500,141.5,628,450,-1.6833,0.65442
500,148,628,450,-1.4295,0.65241
500,154.5,628,450,-1.2105,0.56539
500,161,628,450,-1.1034,0.4448
500,167.5,628,450,-1.0868,0.40321
500,174,628,450,-1.1231,0.45327
500,180.5,628,450,-0.98089,0.61036
500,187,628,450,-0.83053,0.6614
500,193.5,628,450,-0.6651,0.67225
500,200,628,450,-0.49274,0.65741
551,5,628,450,-0.25077,0.95369
551,11.5,628,450,-0.25077,0.95369
551,18,628,450,-0.23252,0.95424
551,24.5,628,450,-0.21261,0.95463
551,31,628,450,-0.17998,0.95477
551,37.5,628,450,-0.14124,0.95496
551,44,628,450,-0.090808,0.95511
551,50.5,628,450,-0.020526,0.95412
551,57,628,450,0.086575,0.95057
551,63.5,628,450,0.19494,0.94446
551,70,628,450,0.34957,0.93661
551,76.5,628,450,0.57409,0.92204
551,83,628,450,0.85388,0.90433
551,89.5,628,450,1.2449,0.88627
551,96,628,450,1.7494,0.87085
551,102.5,628,450,2.6155,0.63038
551,109,628,450,2.8266,0.52715
551,115.5,628,450,-2.836,0.67239
551,122,628,450,-2.3586,0.75056
551,128.5,628,450,-1.9177,0.79682
551,135,628,450,-1.5675,0.76669
551,141.5,628,450,-1.298,0.71926
551,148,628,450,-1.0092,0.65104
551,154.5,628,450,-0.85167,0.34049
551,161,628,450,-0.99775,0.3994
551,167.5,628,450,-1.0389,0.4651
551,174,628,450,-0.87224,0.73751
551,180.5,628,450,-0.60307,0.81707
551,187,628,450,-0.42616,0.82493
551,193.5,628,450,-0.23876,0.80404
551,200,628,450,-0.04357,0.71006
602,5,628,450,-0.26324,0.9574
602,11.5,628,450,-0.26324,0.9574
602,18,628,450,-0.24359,0.95749
602,24.5,628,450,-0.22203,0.95745
602,31,628,450,-0.18705,0.95721
602,37.5,628,450,-0.14527,0.9569
602,44,628,450,-0.090527,0.95656
602,50.5,628,450,-0.014639,0.95545
602,57,628,450,0.1012,0.9525
602,63.5,628,450,0.21885,0.94736
602,70,628,450,0.38791,0.94133
602,76.5,628,450,0.63461,0.93081
602,83,628,450,0.94313,0.91624
602,89.5,628,450,1.3687,0.89934
602,96,628,450,1.8901,0.87964
602,102.5,628,450,2.6432,0.66443
602,109,628,450,3.1343,0.81678
602,115.5,628,450,-2.506,0.85686
602,122,628,450,-2.0327,0.82623
602,128.5,628,450,-1.66,0.74646
602,135,628,450,-1.3861,0.71912
602,141.5,628,450,-1.1269,0.72666
602,148,628,450,-0.81056,0.63417
602,154.5,628,450,-0.86314,0.45496
602,161,628,450,-0.7462,0.49576
602,167.5,628,450,-0.70937,0.74477
602,174,628,450,-0.45114,0.91863
602,180.5,628,450,-0.18642,0.95579
602,187,628,450,0.0024642,0.95427
602,193.5,628,450,0.19525,0.93974
602,200,628,450,0.38954,0.94191
653,5,628,450,-0.26611,0.96082
653,11.5,628,450,-0.26611,0.96082
653,18,628,450,-0.24516,0.96079
653,24.5,628,450,-0.22207,0.96082
653,31,628,450,-0.18477,0.96087
653,37.5,628,450,-0.14003,0.96076
653,44,628,450,-0.080967,0.96087
653,50.5,628,450,0.0008254,0.96079
653,57,628,450,0.12624,0.95953
653,63.5,628,450,0.254,0.95599
653,70,628,450,0.43903,0.952
653,76.5,628,450,0.70988,0.94276
653,83,628,450,1.0481,0.92627
653,89.5,628,450,1.5079,0.90546
653,96,628,450,2.0477,0.88183
653,102.5,628,450,2.738,0.86664
653,109,628,450,-2.8964,0.87699
653,115.5,628,450,-2.2789,0.82739
653,122,628,450,-1.8609,0.74678
653,128.5,628,450,-1.5498,0.77182
653,135,628,450,-1.2244,0.81982
653,141.5,628,450,-0.92515,0.81568
653,148,628,450,-0.64193,0.80957
653,154.5,628,450,-0.34031,0.60561
653,161,628,450,-0.35552,0.43356
653,167.5,628,450,-0.24859,0.68609
653,174,628,450,0.029423,0.75559
653,180.5,628,450,0.29456,0.68484
653,187,628,450,0.37913,0.62527
653,193.5,628,450,0.55782,0.79705
653,200,628,450,0.78373,0.83843
704,5,628,450,-0.26833,0.96062
704,11.5,628,450,-0.26833,0.96062
704,18,628,450,-0.24603,0.96096
704,24.5,628,450,-0.2212,0.96149
704,31,628,450,-0.18129,0.9622
704,37.5,628,450,-0.13332,0.96277
704,44,628,450,-0.06951,0.96378
704,50.5,628,450,0.018846,0.96472
704,57,628,450,0.15466,0.96437
704,63.5,628,450,0.2933,0.96101
704,70,628,450,0.49484,0.95607
704,76.5,628,450,0.78922,0.9432
704,83,628,450,1.155,0.92078
704,89.5,628,450,1.6475,0.89603
704,96,628,450,2.2208,0.8717
704,102.5,628,450,2.8735,0.82815
704,109,628,450,-2.7352,0.84789
704,115.5,628,450,-2.1594,0.7813
704,122,628,450,-1.7631,0.83796
704,128.5,628,450,-1.3086,0.86236
704,135,628,450,-0.92956,0.78686
704,141.5,628,450,-0.62752,0.67336
704,148,628,450,-0.32569,0.81543
704,154.5,628,450,0.044537,0.40556
704,161,628,450,-0.096342,0.34775
704,167.5,628,450,0.17047,0.5145
704,174,628,450,0.42977,0.4409
704,180.5,628,450,0.4099,0.37513
704,187,628,450,0.54286,0.70511
704,193.5,628,450,0.90239,0.91336
704,200,628,450,1.2014,0.93842
755,5,628,450,-0.27201,0.95714
755,11.5,628,450,-0.27201,0.95714
755,18,628,450,-0.24817,0.9579
755,24.5,628,450,-0.2213,0.95887
755,31,628,450,-0.17848,0.95994
755,37.5,628,450,-0.12693,0.96097
755,44,628,450,-0.057991,0.96236
755,50.5,628,450,0.037215,0.9632
755,57,628,450,0.18342,0.96176
755,63.5,628,450,0.33249,0.95679
755,70,628,450,0.54935,0.94916
755,76.5,628,450,0.86421,0.93093
755,83,628,450,1.2551,0.90867
755,89.5,628,450,1.7806,0.88464
755,96,628,450,2.4038,0.85318
755,102.5,628,450,2.9641,0.79804
755,109,628,450,-2.5964,0.81341
755,115.5,628,450,-2.0178,0.86653
755,122,628,450,-1.4986,0.82182
755,128.5,628,450,-1.0348,0.68029
755,135,628,450,-0.66989,0.55393
755,141.5,628,450,-0.41498,0.44334
755,148,628,450,-0.019282,0.6172
755,154.5,628,450,0.22634,0.26817
755,161,628,450,0.27541,0.37901
755,167.5,628,450,0.73732,0.3301
755,174,628,450,0.79834,0.20988
755,180.5,628,450,0.61438,0.4604
755,187,628,450,1.0642,0.76456
755,193.5,628,450,1.4694,0.84849
755,200,628,450,1.7941,0.82222
806,5,628,450,-0.27752,0.95382
806,11.5,628,450,-0.27752,0.95382
806,18,628,450,-0.25197,0.9547
806,24.5,628,450,-0.22297,0.95555
806,31,628,450,-0.17721,0.95637
806,37.5,628,450,-0.12202,0.9572
806,44,628,450,-0.047986,0.95812
806,50.5,628,450,0.053653,0.9578
806,57,628,450,0.20928,0.95455
806,63.5,628,450,0.36768,0.94807
806,70,628,450,0.59828,0.93886
806,76.5,628,450,0.93207,0.92256
806,83,628,450,1.3488,0.90416
806,89.5,628,450,1.9119,0.88667
806,96,628,450,2.5916,0.84277
806,102.5,628,450,3.1047,0.76809
806,109,628,450,-2.3845,0.73789
806,115.5,628,450,-1.7876,0.72202
806,122,628,450,-1.2949,0.65106
806,128.5,628,450,-0.80464,0.49688
806,135,628,450,-0.3931,0.38957
806,141.5,628,450,-0.046081,0.28906
806,148,628,450,0.23942,0.20654
806,154.5,628,450,0.37647,0.1735
806,161,628,450,0.86118,0.18634
806,167.5,628,450,1.018,0.14672
806,174,628,450,1.0736,0.12351
806,180.5,628,450,1.238,0.42211
806,187,628,450,1.72,0.50417
806,193.5,628,450,2.1003,0.4396
806,200,628,450,2.1309,0.38227
857,5,628,450,-0.28372,0.9538
857,11.5,628,450,-0.28372,0.9538
857,18,628,450,-0.25646,0.95451
857,24.5,628,450,-0.22558,0.95483
857,31,628,450,-0.17715,0.95502
857,37.5,628,450,-0.11857,0.95523
857,44,628,450,-0.039846,0.95537
857,50.5,628,450,0.06766,0.95428
857,57,628,450,0.23194,0.95042
857,63.5,628,450,0.39913,0.94491
857,70,628,450,0.64341,0.93733
857,76.5,628,450,0.99926,0.92655
857,83,628,450,1.4455,0.91399
857,89.5,628,450,2.051,0.89692
857,96,628,450,2.7835,0.84883
857,102.5,628,450,-2.9526,0.71363
857,109,628,450,-2.1901,0.38507
857,115.5,628,450,-1.6166,0.59008
857,122,628,450,-1.0576,0.53833
857,128.5,628,450,-0.42237,0.37327
857,135,628,450,0.24643,0.20365
857,141.5,628,450,0.90543,0.023349
857,148,628,450,-0.21902,0.1579
857,154.5,628,450,0.34538,0.16001
857,161,628,450,1.154,0.21179
857,167.5,628,450,1.6629,0.15199
857,174,628,450,1.6449,0.10599
857,180.5,628,450,2.0584,0.33302
857,187,628,450,2.5296,0.32571
857,193.5,628,450,2.6776,0.17357
857,200,628,450,2.6425,0.30601
908,5,628,450,-0.28864,0.95716
908,11.5,628,450,-0.28864,0.95716
908,18,628,450,-0.25995,0.95748
908,24.5,628,450,-0.22741,0.95744
908,31,628,450,-0.17661,0.95723
908,37.5,628,450,-0.11494,0.95703
908,44,628,450,-0.031847,0.95687
908,50.5,628,450,0.081318,0.95609
908,57,628,450,0.25456,0.95372
908,63.5,628,450,0.43146,0.95007
908,70,628,450,0.69123,0.94643
908,76.5,628,450,1.072,0.93945
908,83,628,450,1.5511,0.92493
908,89.5,628,450,2.1958,0.90231
908,96,628,450,2.9737,0.85556
908,102.5,628,450,-2.637,0.62199
908,109,628,450,-2.2554,0.33292
908,115.5,628,450,-1.3466,0.51067
908,122,628,450,-0.6088,0.42606
908,128.5,628,450,0.44602,0.16022
908,135,628,450,1.5561,0.0034914
908,141.5,628,450,-0.78872,0.029831
908,148,628,450,0.38084,0.17011
908,154.5,628,450,0.99724,0.16213
908,161,628,450,1.9055,0.23923
908,167.5,628,450,2.4632,0.2072
908,174,628,450,2.6284,0.30262
908,180.5,628,450,-2.9479,0.41729
908,187,628,450,-2.3042,0.2664
908,193.5,628,450,-2.7641,0.028498
908,200,628,450,2.8779,0.20421
959,5,628,450,-0.30096,0.9606
959,11.5,628,450,-0.30096,0.9606
959,18,628,450,-0.27095,0.9605
959,24.5,628,450,-0.23677,0.96082
959,31,628,450,-0.18364,0.96087
959,37.5,628,450,-0.11894,0.96085
959,44,628,450,-0.031403,0.96116
959,50.5,628,450,0.087875,0.96148
959,57,628,450,0.2712,0.96112
959,63.5,628,450,0.4589,0.95852
959,70,628,450,0.73606,0.95546
959,76.5,628,450,1.142,0.94486
959,83,628,450,1.6499,0.92233
959,89.5,628,450,2.3283,0.89075
959,96,628,450,-3.135,0.85426
959,102.5,628,450,-2.2759,0.55118
959,109,628,450,-1.9965,0.344
959,115.5,628,450,-0.87243,0.418
959,122,628,450,0.21897,0.20283
959,128.5,628,450,1.8475,0.0097097
959,135,628,450,-0.437,0.012812
959,141.5,628,450,0.74653,0.049327
959,148,628,450,1.8205,0.1414
959,154.5,628,450,2.4275,0.086468
959,161,628,450,2.7911,0.28744
959,167.5,628,450,-2.9532,0.34673
959,174,628,450,-2.4859,0.45828
959,180.5,628,450,-1.8415,0.41554
959,187,628,450,-1.0426,0.13276
959,193.5,628,450,3.127,0.02672
959,200,628,450,-2.451,0.29032
1010,5,628,450,-0.30313,0.96069
1010,11.5,628,450,-0.30313,0.96069
1010,18,628,450,-0.27179,0.96128
1010,24.5,628,450,-0.23571,0.96171
1010,31,628,450,-0.17999,0.9624
1010,37.5,628,450,-0.11204,0.96294
1010,44,628,450,-0.019693,0.96396
1010,50.5,628,450,0.10629,0.96498
1010,57,628,450,0.30032,0.96465
1010,63.5,628,450,0.49903,0.96091
1010,70,628,450,0.79241,0.95427
1010,76.5,628,450,1.2199,0.93579
1010,83,628,450,1.7512,0.90874
1010,89.5,628,450,2.4623,0.88128
1010,96,628,450,-2.9634,0.85941
1010,102.5,628,450,-1.8809,0.55111
1010,109,628,450,-1.5295,0.31784
1010,115.5,628,450,-0.1489,0.27247
1010,122,628,450,1.1785,0.0434
1010,128.5,628,450,0.52884,0.0046668
1010,135,628,450,1.3645,0.071249
1010,141.5,628,450,2.3102,0.182
1010,148,628,450,-3.0954,0.33918
1010,154.5,628,450,-2.4999,0.11929
1010,161,628,450,-2.6653,0.28683
1010,167.5,628,450,-2.398,0.43103
1010,174,628,450,-1.8797,0.50887
1010,180.5,628,450,-1.2124,0.35511
1010,187,628,450,-1.5474,0.031478
1010,193.5,628,450,-1.8391,0.30747
1010,200,628,450,-1.2454,0.37157
1061,5,628,450,-0.30632,0.95783
1061,11.5,628,450,-0.30632,0.95783
1061,18,628,450,-0.27335,0.95847
1061,24.5,628,450,-0.23538,0.95929
1061,31,628,450,-0.17675,0.96033
1061,37.5,628,450,-0.10526,0.96122
1061,44,628,450,-0.0078401,0.96243
1061,50.5,628,450,0.12492,0.96296
1061,57,628,450,0.32906,0.96074
1061,63.5,628,450,0.53769,0.95438
1061,70,628,450,0.8447,0.94402
1061,76.5,628,450,1.2902,0.9242
1061,83,628,450,1.8455,0.90409
1061,89.5,628,450,2.5933,0.8878
1061,96,628,450,-2.7955,0.86247
1061,102.5,628,450,-1.5101,0.62152
1061,109,628,450,-0.97822,0.29713
1061,115.5,628,450,0.53056,0.18314
1061,122,628,450,1.2272,0.024833
1061,128.5,628,450,1.5586,0.11304
1061,135,628,450,2.4325,0.26333
1061,141.5,628,450,3.1134,0.31369
1061,148,628,450,-2.5619,0.48334
1061,154.5,628,450,-2.1435,0.17511
1061,161,628,450,-2.228,0.3644
1061,167.5,628,450,-1.8511,0.65117
1061,174,628,450,-1.3938,0.55151
1061,180.5,628,450,-1.256,0.29997
1061,187,628,450,-1.1433,0.54233
1061,193.5,628,450,-0.67752,0.61918
1061,200,628,450,-0.17173,0.27215
1112,5,628,450,-0.31167,0.95498
1112,11.5,628,450,-0.31167,0.95498
1112,18,628,450,-0.277,0.95499
1112,24.5,628,450,-0.23701,0.95593
1112,31,628,450,-0.17545,0.95673
1112,37.5,628,450,-0.10038,0.95746
1112,44,628,450,0.0020222,0.95817
1112,50.5,628,450,0.141,0.95752
1112,57,628,450,0.35407,0.9536
1112,63.5,628,450,0.57129,0.94668
1112,70,628,450,0.89111,0.93702
1112,76.5,628,450,1.356,0.92368
1112,83,628,450,1.9415,0.91351
1112,89.5,628,450,2.732,0.90054
1112,96,628,450,-2.6248,0.86842
1112,102.5,628,450,-1.2077,0.70033
1112,109,628,450,-0.51707,0.34542
1112,115.5,628,450,0.93364,0.20168
1112,122,628,450,1.4511,0.12364
1112,128.5,628,450,2.2549,0.2998
1112,135,628,450,2.9351,0.39487
1112,141.5,628,450,-2.8662,0.41364
1112,148,628,450,-2.3504,0.64287
1112,154.5,628,450,-2.0968,0.5128
1112,161,628,450,-1.6703,0.69104
1112,167.5,628,450,-1.2291,0.63999
1112,174,628,450,-1.0844,0.42364
1112,180.5,628,450,-0.89293,0.65292
1112,187,628,450,-0.52235,0.72328
1112,193.5,628,450,-0.035095,0.60545
1112,200,628,450,0.059351,0.28611
1163,5,628,450,-0.31873,0.95686
1163,11.5,628,450,-0.31873,0.95686
1163,18,628,450,-0.28256,0.95757
1163,24.5,628,450,-0.24057,0.95826
1163,31,628,450,-0.17633,0.95839
1163,37.5,628,450,-0.097876,0.95857
1163,44,628,450,0.0091352,0.95863
1163,50.5,628,450,0.15384,0.95739
1163,57,628,450,0.37546,0.95377
1163,63.5,628,450,0.60159,0.94836
1163,70,628,450,0.93594,0.94307
1163,76.5,628,450,1.4254,0.93609
1163,83,628,450,2.0445,0.92549
1163,89.5,628,450,2.8749,0.90211
1163,96,628,450,-2.4468,0.86828
1163,102.5,628,450,-0.99956,0.74479
1163,109,628,450,-0.15573,0.52033
1163,115.5,628,450,1.2473,0.30969
1163,122,628,450,1.8583,0.26318
1163,128.5,628,450,2.579,0.4362
1163,135,628,450,-3.1119,0.57587
1163,141.5,628,450,-2.6141,0.69279
1163,148,628,450,-2.0925,0.88756
1163,154.5,628,450,-1.6031,0.87658
1163,161,628,450,-1.1173,0.70442
1163,167.5,628,450,-0.96137,0.38043
1163,174,628,450,-0.96933,0.40776
1163,180.5,628,450,-0.52787,0.8372
1163,187,628,450,-0.1411,0.85418
1163,193.5,628,450,0.20369,0.63399
1163,200,628,450,0.49769,0.59387
1214,5,628,450,-0.32417,0.95981
1214,11.5,628,450,-0.32417,0.95981
1214,18,628,450,-0.28647,0.96013
1214,24.5,628,450,-0.24264,0.96053
1214,31,628,450,-0.176,0.96032
1214,37.5,628,450,-0.094432,0.96015
1214,44,628,450,0.01703,0.96013
1214,50.5,628,450,0.16752,0.95954
1214,57,628,450,0.39846,0.958
1214,63.5,628,450,0.63495,0.9549
1214,70,628,450,0.98642,0.95287
1214,76.5,628,450,1.5027,0.94502
1214,83,628,450,2.1519,0.92383
1214,89.5,628,450,3.0147,0.89064
1214,96,628,450,-2.2655,0.85676
1214,102.5,628,450,-0.87946,0.76195
1214,109,628,450,0.19937,0.75263
1214,115.5,628,450,1.4957,0.36619
1214,122,628,450,2.0461,0.40839
1214,128.5,628,450,2.7964,0.67237
1214,135,628,450,-2.8062,0.83543
1214,141.5,628,450,-2.2431,0.81429
1214,148,628,450,-1.8082,0.75271
1214,154.5,628,450,-1.374,0.90401
1214,161,628,450,-0.81713,0.56869
1214,167.5,628,450,-0.68593,0.54556
1214,174,628,450,-0.65793,0.63367
1214,180.5,628,450,-0.087108,0.94875
1214,187,628,450,0.29705,0.93745
1214,193.5,628,450,0.69935,0.92268
1214,200,628,450,1.0726,0.81785
1265,5,628,450,-0.32751,0.9634
1265,11.5,628,450,-0.32751,0.9634
1265,18,628,450,-0.28842,0.96347
1265,24.5,628,450,-0.2429,0.96369
1265,31,628,450,-0.17391,0.96378
1265,37.5,628,450,-0.08925,0.96377
1265,44,628,450,0.026779,0.96422
1265,50.5,628,450,0.18361,0.96473
1265,57,628,450,0.42504,0.96471
1265,63.5,628,450,0.67271,0.96237
1265,70,628,450,1.0419,0.95784
1265,76.5,628,450,1.5816,0.94194
1265,83,628,450,2.2546,0.91309
1265,89.5,628,450,-3.1353,0.88507
1265,96,628,450,-2.0881,0.84884
1265,102.5,628,450,-0.81095,0.81378
1265,109,628,450,0.48794,0.84553
1265,115.5,628,450,1.5394,0.43488
1265,122,628,450,2.2523,0.69707
1265,128.5,628,450,3.1164,0.86259
1265,135,628,450,-2.5106,0.7906
1265,141.5,628,450,-2.0355,0.79688
1265,148,628,450,-1.6314,0.6887
1265,154.5,628,450,-1.1411,0.96432
1265,161,628,450,-0.59531,0.80214
1265,167.5,628,450,-0.10943,0.46433
1265,174,628,450,-0.14301,0.57931
1265,180.5,628,450,0.41028,0.62079
1265,187,628,450,0.56452,0.71261
1265,193.5,628,450,1.0461,0.88246
1265,200,628,450,1.4941,0.82826
1316,5,628,450,-0.33993,0.96424
1316,11.5,628,450,-0.33993,0.96424
1316,18,628,450,-0.29954,0.96442
1316,24.5,628,450,-0.2523,0.96476
1316,31,628,450,-0.18067,0.96538
1316,37.5,628,450,-0.092751,0.96587
1316,44,628,450,0.028145,0.96681
1316,50.5,628,450,0.19178,0.96765
1316,57,628,450,0.44395,0.96668
1316,63.5,628,450,0.7026,0.96211
1316,70,628,450,1.0868,0.95238
1316,76.5,628,450,1.6449,0.92981
1316,83,628,450,2.34,0.90564
1316,89.5,628,450,-3.0134,0.88951
1316,96,628,450,-1.9213,0.85892
1316,102.5,628,450,-0.68048,0.85668
1316,109,628,450,0.66025,0.83564
1316,115.5,628,450,1.6338,0.71316
1316,122,628,450,2.5585,0.87333
1316,128.5,628,450,-2.9315,0.76025
1316,135,628,450,-2.3867,0.74821
1316,141.5,628,450,-1.773,0.85888
1316,148,628,450,-1.3247,0.52999
1316,154.5,628,450,-0.81848,0.84324
1316,161,628,450,-0.13015,0.7143
1316,167.5,628,450,0.22238,0.24664
1316,174,628,450,0.30082,0.41928
1316,180.5,628,450,0.52959,0.31067
1316,187,628,450,0.87304,0.85358
1316,193.5,628,450,1.4416,0.95391
1316,200,628,450,1.8883,0.9432
1367,5,628,450,-0.34262,0.96159
1367,11.5,628,450,-0.34262,0.96159
1367,18,628,450,-0.30081,0.96204
1367,24.5,628,450,-0.25174,0.96274
1367,31,628,450,-0.1772,0.96359
1367,37.5,628,450,-0.085748,0.96434
1367,44,628,450,0.040149,0.96528
1367,50.5,628,450,0.2104,0.96517
1367,57,628,450,0.47235,0.96167
1367,63.5,628,450,0.74013,0.95447
1367,70,628,450,1.1367,0.94242
1367,76.5,628,450,1.7125,0.92451
1367,83,628,450,2.4357,0.91303
1367,89.5,628,450,-2.8728,0.90215
1367,96,628,450,-1.7415,0.86329
1367,102.5,628,450,-0.60719,0.74864
1367,109,628,450,0.77035,0.8183
1367,115.5,628,450,1.9123,0.86928
1367,122,628,450,2.7891,0.79295
1367,128.5,628,450,-2.8125,0.68936
1367,135,628,450,-2.1034,0.83214
1367,141.5,628,450,-1.4391,0.63094
1367,148,628,450,-1.0378,0.3442
1367,154.5,628,450,-0.49798,0.4556
1367,161,628,450,0.27683,0.47916
1367,167.5,628,450,0.40281,0.21592
1367,174,628,450,0.90912,0.26801
1367,180.5,628,450,0.70005,0.36022
1367,187,628,450,1.4536,0.76961
1367,193.5,628,450,2.0276,0.67651
1367,200,628,450,2.3896,0.76078
1418,5,628,450,-0.34729,0.95801
1418,11.5,628,450,-0.34729,0.95801
1418,18,628,450,-0.30382,0.95883
1418,24.5,628,450,-0.25281,0.95963
1418,31,628,450,-0.17544,0.96017
1418,37.5,628,450,-0.080442,0.96075
1418,44,628,450,0.050306,0.9612
1418,50.5,628,450,0.22661,0.96008
1418,57,628,450,0.49703,0.95521
1418,63.5,628,450,0.77308,0.94813
1418,70,628,450,1.1824,0.94001
1418,76.5,628,450,1.7805,0.93213
1418,83,628,450,2.5387,0.92452
1418,89.5,628,450,-2.7286,0.89996
1418,96,628,450,-1.5564,0.86493
1418,102.5,628,450,-0.52036,0.71712
1418,109,628,450,0.90111,0.86377
1418,115.5,628,450,2.1182,0.78045
1418,122,628,450,2.9412,0.70056
1418,128.5,628,450,-2.5783,0.74533
1418,135,628,450,-1.7739,0.5787
1418,141.5,628,450,-1.1844,0.40269
1418,148,628,450,-0.67971,0.24982
1418,154.5,628,450,-0.028785,0.23349
1418,161,628,450,0.77342,0.19205
1418,167.5,628,450,1.0194,0.13301
1418,174,628,450,1.2954,0.17818
1418,180.5,628,450,1.363,0.33195
1418,187,628,450,2.1241,0.4048
1418,193.5,628,450,2.2473,0.41429
1418,200,628,450,2.6326,0.57703
1469,5,628,450,-0.35336,0.95711
1469,11.5,628,450,-0.35336,0.95711
1469,18,628,450,-0.30828,0.95798
1469,24.5,628,450,-0.25522,0.95864
1469,31,628,450,-0.17535,0.95854
1469,37.5,628,450,-0.077008,0.95866
1469,44,628,450,0.058307,0.95871
1469,50.5,628,450,0.24022,0.95744
1469,57,628,450,0.5191,0.95396
1469,63.5,628,450,0.80429,0.94972
1469,70,628,450,1.2297,0.94748
1469,76.5,628,450,1.8552,0.94346
1469,83,628,450,2.6462,0.92514
1469,89.5,628,450,-2.59,0.88903
1469,96,628,450,-1.3818,0.85543
1469,102.5,628,450,-0.34839,0.68784
1469,109,628,450,1.0601,0.72245
1469,115.5,628,450,2.2796,0.69132
1469,122,628,450,3.1187,0.61047
1469,128.5,628,450,-2.281,0.53448
1469,135,628,450,-1.4822,0.39097
1469,141.5,628,450,-0.75842,0.27811
1469,148,628,450,0.033356,0.20877
1469,154.5,628,450,1.986,0.044794
1469,161,628,450,0.48738,0.023097
1469,167.5,628,450,1.0842,0.16941
1469,174,628,450,2.0542,0.2066
1469,180.5,628,450,2.2407,0.2951
1469,187,628,450,3.0151,0.21827
1469,193.5,628,450,2.8309,0.2241
1469,200,628,450,-3.1011,0.76883
