500,5,617,450,-0.25234,0.95268
500,11.5,617,450,-0.25234,0.95268
500,18,617,450,-0.23537,0.95353
500,24.5,617,450,-0.217,0.9544
500,31,617,450,-0.18624,0.95503
500,37.5,617,450,-0.14982,0.95578
500,44,617,450,-0.10256,0.9566
500,50.5,617,450,-0.035795,0.95587
500,57,617,450,0.066799,0.95211
500,63.5,617,450,0.17128,0.94539
500,70,617,450,0.32083,0.93531
500,76.5,617,450,0.54047,0.91584
500,83,617,450,0.81966,0.89148
500,89.5,617,450,1.2264,0.86718
500,96,617,450,1.8128,0.82685
500,102.5,617,450,2.6428,0.27626
500,109,617,450,2.805,0.32077
500,115.5,617,450,-2.8968,0.40876
500,122,617,450,-2.4819,0.48361
500,128.5,617,450,-2.0808,0.58201
500,135,617,450,-1.7538,0.64113
500,141.5,617,450,-1.4742,0.65711
500,148,617,450,-1.2307,0.59266
500,154.5,617,450,-1.0857,0.46257
500,161,617,450,-1.0659,0.42268
500,167.5,617,450,-1.0544,0.43014
500,174,617,450,-1.0053,0.56459
500,180.5,617,450,-0.80918,0.65807
500,187,617,450,-0.6584,0.67711
500,193.5,617,450,-0.4891,0.66326
500,200,617,450,-0.30451,0.61074
551,5,617,450,-0.25837,0.95417
551,11.5,617,450,-0.25837,0.95417
551,18,617,450,-0.23976,0.95463
551,24.5,617,450,-0.21947,0.95496
551,31,617,450,-0.18604,0.9549
551,37.5,617,450,-0.14618,0.95487
551,44,617,450,-0.094079,0.95473
551,50.5,617,450,-0.021153,0.95295
551,57,617,450,0.090815,0.9482
551,63.5,617,450,0.20517,0.94103
551,70,617,450,0.3695,0.93114
551,76.5,617,450,0.61184,0.91396
551,83,617,450,0.92102,0.89385
551,89.5,617,450,1.3632,0.87513
551,96,617,450,1.9646,0.85113
551,102.5,617,450,2.5919,0.35922
551,109,617,450,3.0865,0.61176
551,115.5,617,450,-2.5618,0.71434
551,122,617,450,-2.099,0.75882
551,128.5,617,450,-1.6995,0.75425
551,135,617,450,-1.3987,0.71757
551,141.5,617,450,-1.1296,0.68808
551,148,617,450,-0.82226,0.48081
551,154.5,617,450,-0.97675,0.3414
551,161,617,450,-0.97169,0.43611
551,167.5,617,450,-0.9143,0.67789
551,174,617,450,-0.6755,0.82367
551,180.5,617,450,-0.43696,0.85111
551,187,617,450,-0.26452,0.84791
551,193.5,617,450,-0.075071,0.79752
551,200,617,450,0.064762,0.67424
602,5,617,450,-0.2709,0.95834
602,11.5,617,450,-0.2709,0.95834
602,18,617,450,-0.25093,0.9584
602,24.5,617,450,-0.22896,0.95844
602,31,617,450,-0.19315,0.95812
602,37.5,617,450,-0.1502,0.95769
602,44,617,450,-0.093651,0.95721
602,50.5,617,450,-0.014852,0.95555
602,57,617,450,0.10651,0.95171
602,63.5,617,450,0.23081,0.94582
602,70,617,450,0.41114,0.93829
602,76.5,617,450,0.67782,0.92509
602,83,617,450,1.0185,0.90758
602,89.5,617,450,1.4946,0.88898
602,96,617,450,2.0887,0.86726
602,102.5,617,450,2.7149,0.73004
602,109,617,450,-2.877,0.84067
602,115.5,617,450,-2.2469,0.82174
602,122,617,450,-1.8251,0.75534
602,128.5,617,450,-1.5169,0.7145
602,135,617,450,-1.2476,0.73115
602,141.5,617,450,-0.96581,0.72728
602,148,617,450,-0.7682,0.44061
602,154.5,617,450,-0.73061,0.53089
602,161,617,450,-0.69618,0.60246
602,167.5,617,450,-0.48717,0.86863
602,174,617,450,-0.24618,0.936
602,180.5,617,450,0.00044836,0.94078
602,187,617,450,0.18037,0.92512
602,193.5,617,450,0.37062,0.93374
602,200,617,450,0.58522,0.90528
653,5,617,450,-0.27348,0.96112
653,11.5,617,450,-0.27348,0.96112
653,18,617,450,-0.2522,0.96113
653,24.5,617,450,-0.22861,0.96142
653,31,617,450,-0.19036,0.96151
653,37.5,617,450,-0.14432,0.96144
653,44,617,450,-0.083225,0.96156
653,50.5,617,450,0.0018754,0.96102
653,57,617,450,0.13349,0.95896
653,63.5,617,450,0.26884,0.95455
653,70,617,450,0.46656,0.94851
653,76.5,617,450,0.7595,0.93552
653,83,617,450,1.1318,0.91466
653,89.5,617,450,1.6416,0.89143
653,96,617,450,2.2352,0.87131
653,102.5,617,450,2.9723,0.86871
653,109,617,450,-2.6524,0.86431
653,115.5,617,450,-2.0722,0.77429
653,122,617,450,-1.7216,0.73212
653,128.5,617,450,-1.3813,0.81295
653,135,617,450,-1.0488,0.83051
653,141.5,617,450,-0.75557,0.81356
653,148,617,450,-0.39717,0.65891
653,154.5,617,450,-0.25785,0.46296
653,161,617,450,-0.29937,0.53405
653,167.5,617,450,-0.032963,0.68998
653,174,617,450,0.21044,0.64753
653,180.5,617,450,0.34896,0.56499
653,187,617,450,0.45473,0.72902
653,193.5,617,450,0.71125,0.84873
653,200,617,450,0.96053,0.85233
704,5,617,450,-0.27603,0.95975
704,11.5,617,450,-0.27603,0.95975
704,18,617,450,-0.25332,0.96017
704,24.5,617,450,-0.22786,0.96094
704,31,617,450,-0.18684,0.96168
704,37.5,617,450,-0.13739,0.96231
704,44,617,450,-0.071271,0.9633
704,50.5,617,450,0.020781,0.96361
704,57,617,450,0.16348,0.96197
704,63.5,617,450,0.31032,0.95733
704,70,617,450,0.52557,0.94947
704,76.5,617,450,0.8433,0.93171
704,83,617,450,1.2445,0.90504
704,89.5,617,450,1.7889,0.87882
704,96,617,450,2.4243,0.83779
704,102.5,617,450,3.1185,0.85371
704,109,617,450,-2.514,0.83666
704,115.5,617,450,-1.984,0.81846
704,122,617,450,-1.5428,0.87028
704,128.5,617,450,-1.1088,0.79863
704,135,617,450,-0.76776,0.6956
704,141.5,617,450,-0.52638,0.64895
704,148,617,450,-0.071029,0.47605
704,154.5,617,450,-0.011846,0.31949
704,161,617,450,0.055546,0.44369
704,167.5,617,450,0.36121,0.43705
704,174,617,450,0.46902,0.35878
704,180.5,617,450,0.46955,0.58289
704,187,617,450,0.79719,0.85525
704,193.5,617,450,1.1359,0.94507
704,200,617,450,1.415,0.95426
755,5,617,450,-0.28062,0.95572
755,11.5,617,450,-0.28062,0.95572
755,18,617,450,-0.25629,0.95654
755,24.5,617,450,-0.22871,0.95756
755,31,617,450,-0.18467,0.95851
755,37.5,617,450,-0.13149,0.95947
755,44,617,450,-0.060034,0.96066
755,50.5,617,450,0.039106,0.96057
755,57,617,450,0.19254,0.95748
755,63.5,617,450,0.35015,0.95103
755,70,617,450,0.58103,0.94028
755,76.5,617,450,0.92065,0.91831
755,83,617,450,1.3491,0.89271
755,89.5,617,450,1.9308,0.86754
755,96,617,450,2.6555,0.75995
755,102.5,617,450,-3.0418,0.83499
755,109,617,450,-2.3884,0.82519
755,115.5,617,450,-1.7547,0.84013
755,122,617,450,-1.3011,0.73726
755,128.5,617,450,-0.8804,0.58819
755,135,617,450,-0.55391,0.48418
755,141.5,617,450,-0.32586,0.47501
755,148,617,450,0.098738,0.3166
755,154.5,617,450,0.19345,0.29509
755,161,617,450,0.64021,0.33213
755,167.5,617,450,0.80594,0.18901
755,174,617,450,0.64792,0.21558
755,180.5,617,450,0.95865,0.61263
755,187,617,450,1.3766,0.72641
755,193.5,617,450,1.7404,0.72121
755,200,617,450,1.982,0.63973
806,5,617,450,-0.28699,0.95313
806,11.5,617,450,-0.28699,0.95313
806,18,617,450,-0.2609,0.95397
806,24.5,617,450,-0.23123,0.95474
806,31,617,450,-0.18423,0.95526
806,37.5,617,450,-0.12734,0.95588
806,44,617,450,-0.050696,0.95646
806,50.5,617,450,0.055015,0.9553
806,57,617,450,0.21812,0.95059
806,63.5,617,450,0.38546,0.94292
806,70,617,450,0.63098,0.93175
806,76.5,617,450,0.99178,0.91387
806,83,617,450,1.4495,0.89492
806,89.5,617,450,2.0753,0.87222
806,96,617,450,2.9086,0.68375
806,102.5,617,450,-2.8713,0.8036
806,109,617,450,-2.2038,0.69469
806,115.5,617,450,-1.5739,0.66317
806,122,617,450,-1.1101,0.58445
806,128.5,617,450,-0.63868,0.43504
806,135,617,450,-0.20332,0.31898
806,141.5,617,450,0.16158,0.14503
806,148,617,450,0.17589,0.18076
806,154.5,617,450,0.48337,0.21865
806,161,617,450,0.94754,0.15007
806,167.5,617,450,1.1157,0.11426
806,174,617,450,1.066,0.18806
806,180.5,617,450,1.6206,0.39806
806,187,617,450,2.015,0.37978
806,193.5,617,450,2.1643,0.29741
806,200,617,450,2.2927,0.48674
857,5,617,450,-0.29339,0.95446
857,11.5,617,450,-0.29339,0.95446
857,18,617,450,-0.26558,0.95498
857,24.5,617,450,-0.23409,0.95532
857,31,617,450,-0.18446,0.95526
857,37.5,617,450,-0.12416,0.95524
857,44,617,450,-0.042749,0.9551
857,50.5,617,450,0.06896,0.95325
857,57,617,450,0.2412,0.94878
857,63.5,617,450,0.41796,0.94212
857,70,617,450,0.67885,0.93395
857,76.5,617,450,1.0641,0.92152
857,83,617,450,1.5568,0.90808
857,89.5,617,450,2.2302,0.88344
857,96,617,450,-3.1171,0.66207
857,102.5,617,450,-2.5856,0.68318
857,109,617,450,-2.1023,0.56724
857,115.5,617,450,-1.3786,0.55066
857,122,617,450,-0.80805,0.46858
857,128.5,617,450,-0.091543,0.23991
857,135,617,450,0.42692,0.036671
857,141.5,617,450,-0.89205,0.071793
857,148,617,450,0.21222,0.16912
857,154.5,617,450,0.83357,0.24529
857,161,617,450,1.5801,0.16049
857,167.5,617,450,1.8607,0.097493
857,174,617,450,1.9247,0.20425
857,180.5,617,450,2.5752,0.29406
857,187,617,450,2.9772,0.18913
857,193.5,617,450,2.718,0.17237
857,200,617,450,2.7283,0.29924
908,5,617,450,-0.29783,0.95839
908,11.5,617,450,-0.29783,0.95839
908,18,617,450,-0.26862,0.95858
908,24.5,617,450,-0.23544,0.95878
908,31,617,450,-0.18342,0.95852
908,37.5,617,450,-0.11998,0.95823
908,44,617,450,-0.034053,0.95799
908,50.5,617,450,0.083669,0.95676
908,57,617,450,0.2657,0.95411
908,63.5,617,450,0.45331,0.94971
908,70,617,450,0.73158,0.94491
908,76.5,617,450,1.1446,0.93403
908,83,617,450,1.6725,0.91353
908,89.5,617,450,2.3862,0.88205
908,96,617,450,-2.8724,0.68929
908,102.5,617,450,-2.1912,0.39104
908,109,617,450,-1.905,0.50687
908,115.5,617,450,-1.0104,0.44421
908,122,617,450,-0.14877,0.23226
908,128.5,617,450,0.45023,0.0063336
908,135,617,450,-0.64255,0.033923
908,141.5,617,450,-0.099375,0.080439
908,148,617,450,0.98698,0.12236
908,154.5,617,450,1.6444,0.17882
908,161,617,450,2.4484,0.21887
908,167.5,617,450,2.8158,0.24033
908,174,617,450,-2.9257,0.37788
908,180.5,617,450,-2.2065,0.30307
908,187,617,450,-1.5703,0.057979
908,193.5,617,450,2.9475,0.035994
908,200,617,450,-2.9527,0.33132
959,5,617,450,-0.31026,0.96108
959,11.5,617,450,-0.31026,0.96108
959,18,617,450,-0.27979,0.961
959,24.5,617,450,-0.24478,0.9616
959,31,617,450,-0.19026,0.96179
959,37.5,617,450,-0.12365,0.96183
959,44,617,450,-0.033024,0.96219
959,50.5,617,450,0.091286,0.9621
959,57,617,450,0.28419,0.96073
959,63.5,617,450,0.48358,0.95687
959,70,617,450,0.7802,0.95098
959,76.5,617,450,1.22,0.93387
959,83,617,450,1.7766,0.90394
959,89.5,617,450,2.5268,0.87112
959,96,617,450,-2.6763,0.73485
959,102.5,617,450,-1.9484,0.17144
959,109,617,450,-1.5508,0.43453
959,115.5,617,450,-0.31997,0.23916
959,122,617,450,0.60294,0.0090966
959,128.5,617,450,-0.57547,0.021275
959,135,617,450,0.62462,0.050109
959,141.5,617,450,1.6587,0.086896
959,148,617,450,2.7438,0.1217
959,154.5,617,450,2.7576,0.10593
959,161,617,450,-2.886,0.2885
959,167.5,617,450,-2.4722,0.39879
959,174,617,450,-1.9632,0.41722
959,180.5,617,450,-1.2054,0.25129
959,187,617,450,-0.93892,0.0063307
959,193.5,617,450,-2.541,0.14372
959,200,617,450,-1.9356,0.24194
1010,5,617,450,-0.31275,0.95979
1010,11.5,617,450,-0.31275,0.95979
1010,18,617,450,-0.28073,0.96044
1010,24.5,617,450,-0.24381,0.96098
1010,31,617,450,-0.18649,0.96177
1010,37.5,617,450,-0.11643,0.96237
1010,44,617,450,-0.02072,0.96334
1010,50.5,617,450,0.11066,0.96359
1010,57,617,450,0.31473,0.96142
1010,63.5,617,450,0.52548,0.95558
1010,70,617,450,0.83864,0.94492
1010,76.5,617,450,1.2998,0.92147
1010,83,617,450,1.8815,0.89235
1010,89.5,617,450,2.669,0.86716
1010,96,617,450,-2.5225,0.77139
1010,102.5,617,450,-1.7022,0.13258
1010,109,617,450,-0.99253,0.33186
1010,115.5,617,450,0.57476,0.060165
1010,122,617,450,-0.38667,0.01063
1010,128.5,617,450,1.037,0.061871
1010,135,617,450,2.1586,0.16028
1010,141.5,617,450,2.7613,0.31846
1010,148,617,450,-2.4962,0.26471
1010,154.5,617,450,-2.6793,0.1268
1010,161,617,450,-2.399,0.30589
1010,167.5,617,450,-1.9216,0.52138
1010,174,617,450,-1.4509,0.44953
1010,180.5,617,450,-1.1071,0.11205
1010,187,617,450,-1.6236,0.25711
1010,193.5,617,450,-1.1286,0.42054
1010,200,617,450,-0.77115,0.18937
1061,5,617,450,-0.31684,0.9562
1061,11.5,617,450,-0.31684,0.9562
1061,18,617,450,-0.28322,0.95676
1061,24.5,617,450,-0.24431,0.95765
1061,31,617,450,-0.18397,0.95852
1061,37.5,617,450,-0.11025,0.9593
1061,44,617,450,-0.0092763,0.96025
1061,50.5,617,450,0.12902,0.95966
1061,57,617,450,0.34327,0.95527
1061,63.5,617,450,0.56403,0.94714
1061,70,617,450,0.89118,0.93452
1061,76.5,617,450,1.372,0.91334
1061,83,617,450,1.9823,0.89481
1061,89.5,617,450,2.8133,0.87917
1061,96,617,450,-2.4031,0.812
1061,102.5,617,450,-1.3044,0.14633
1061,109,617,450,-0.38138,0.26511
1061,115.5,617,450,0.88166,0.029131
1061,122,617,450,1.0036,0.067716
1061,128.5,617,450,2.1731,0.21626
1061,135,617,450,2.9515,0.3044
1061,141.5,617,450,-3.0194,0.59708
1061,148,617,450,-2.1878,0.38928
1061,154.5,617,450,-2.2547,0.33633
1061,161,617,450,-1.8824,0.61167
1061,167.5,617,450,-1.4015,0.62622
1061,174,617,450,-1.1706,0.43015
1061,180.5,617,450,-1.0044,0.55113
1061,187,617,450,-0.64999,0.63556
1061,193.5,617,450,-0.14108,0.46588
1061,200,617,450,-0.11895,0.18603
1112,5,617,450,-0.323,0.95413
1112,11.5,617,450,-0.323,0.95413
1112,18,617,450,-0.2879,0.95404
1112,24.5,617,450,-0.2469,0.95495
1112,31,617,450,-0.18367,0.95536
1112,37.5,617,450,-0.1063,0.95582
1112,44,617,450,-0.00029605,0.95619
1112,50.5,617,450,0.14429,0.95461
1112,57,617,450,0.36761,0.9492
1112,63.5,617,450,0.59733,0.94152
1112,70,617,450,0.93879,0.93183
1112,76.5,617,450,1.4432,0.91925
1112,83,617,450,2.0893,0.90766
1112,89.5,617,450,2.9655,0.88659
1112,96,617,450,-2.2735,0.84374
1112,102.5,617,450,-1.0151,0.18203
1112,109,617,450,0.10199,0.31284
1112,115.5,617,450,1.1092,0.11133
1112,122,617,450,1.8468,0.20304
1112,128.5,617,450,2.685,0.34636
1112,135,617,450,-3.029,0.43642
1112,141.5,617,450,-2.6252,0.82431
1112,148,617,450,-2.0653,0.67762
1112,154.5,617,450,-1.6825,0.74025
1112,161,617,450,-1.2301,0.64842
1112,167.5,617,450,-1.0085,0.43616
1112,174,617,450,-1.0091,0.50262
1112,180.5,617,450,-0.54893,0.74339
1112,187,617,450,-0.16051,0.72595
1112,193.5,617,450,0.16128,0.38958
1112,200,617,450,0.31548,0.32432
1163,5,617,450,-0.3305,0.95789
1163,11.5,617,450,-0.3305,0.95789
1163,18,617,450,-0.2936,0.95845
1163,24.5,617,450,-0.25061,0.959
1163,31,617,450,-0.18477,0.95886
1163,37.5,617,450,-0.10402,0.95878
1163,44,617,450,0.0066786,0.95864
1163,50.5,617,450,0.15721,0.95693
1163,57,617,450,0.38979,0.95279
1163,63.5,617,450,0.62976,0.94721
1163,70,617,450,0.98797,0.94218
1163,76.5,617,450,1.5208,0.93336
1163,83,617,450,2.2025,0.91405
1163,89.5,617,450,3.1175,0.8826
1163,96,617,450,-2.0946,0.78565
1163,102.5,617,450,-0.91437,0.3066
1163,109,617,450,0.49787,0.47216
1163,115.5,617,450,1.5249,0.2453
1163,122,617,450,2.2083,0.32713
1163,128.5,617,450,2.9064,0.53393
1163,135,617,450,-2.7731,0.72797
1163,141.5,617,450,-2.2533,0.89426
1163,148,617,450,-1.7475,0.88997
1163,154.5,617,450,-1.2778,0.81313
1163,161,617,450,-0.88101,0.41674
1163,167.5,617,450,-0.86691,0.4265
1163,174,617,450,-0.71009,0.78516
1163,180.5,617,450,-0.18175,0.9159
1163,187,617,450,0.18835,0.86985
1163,193.5,617,450,0.52541,0.8494
1163,200,617,450,0.87882,0.72891
1214,5,617,450,-0.33535,0.96178
1214,11.5,617,450,-0.33535,0.96178
1214,18,617,450,-0.29697,0.96195
1214,24.5,617,450,-0.25215,0.96222
1214,31,617,450,-0.18388,0.96201
1214,37.5,617,450,-0.09994,0.9618
1214,44,617,450,0.01539,0.96174
1214,50.5,617,450,0.17215,0.96095
1214,57,617,450,0.4151,0.95903
1214,63.5,617,450,0.66673,0.95569
1214,70,617,450,1.0438,0.95128
1214,76.5,617,450,1.6044,0.93595
1214,83,617,450,2.3155,0.90555
1214,89.5,617,450,-3.0187,0.87118
1214,96,617,450,-1.8865,0.57643
1214,102.5,617,450,-0.6902,0.64126
1214,109,617,450,0.85019,0.59261
1214,115.5,617,450,1.7106,0.3548
1214,122,617,450,2.3993,0.5658
1214,128.5,617,450,-3.0824,0.82711
1214,135,617,450,-2.4245,0.84635
1214,141.5,617,450,-1.8779,0.71651
1214,148,617,450,-1.6059,0.89602
1214,154.5,617,450,-1.0316,0.84811
1214,161,617,450,-0.70982,0.61245
1214,167.5,617,450,-0.51049,0.47575
1214,174,617,450,-0.20913,0.83653
1214,180.5,617,450,0.29429,0.83611
1214,187,617,450,0.60882,0.87444
1214,193.5,617,450,1.0221,0.86137
1214,200,617,450,1.461,0.74667
1265,5,617,450,-0.33808,0.96449
1265,11.5,617,450,-0.33808,0.96449
1265,18,617,450,-0.29833,0.9645
1265,24.5,617,450,-0.25181,0.96473
1265,31,617,450,-0.18097,0.965
1265,37.5,617,450,-0.093768,0.96511
1265,44,617,450,0.026414,0.96556
1265,50.5,617,450,0.19001,0.96566
1265,57,617,450,0.44428,0.96429
1265,63.5,617,450,0.70785,0.95953
1265,70,617,450,1.1031,0.95071
1265,76.5,617,450,1.6862,0.92698
1265,83,617,450,2.421,0.89466
1265,89.5,617,450,-2.8768,0.8727
1265,96,617,450,-1.7242,0.38907
1265,102.5,617,450,-0.38093,0.85265
1265,109,617,450,1.0572,0.58402
1265,115.5,617,450,1.8365,0.60503
1265,122,617,450,2.7132,0.85111
1265,128.5,617,450,-2.7872,0.82741
1265,135,617,450,-2.2285,0.80676
1265,141.5,617,450,-1.7179,0.52919
1265,148,617,450,-1.3783,0.91771
1265,154.5,617,450,-0.76504,0.87557
1265,161,617,450,-0.14558,0.58208
1265,167.5,617,450,-0.14289,0.37225
1265,174,617,450,0.26275,0.53942
1265,180.5,617,450,0.44637,0.53614
1265,187,617,450,0.89392,0.88832
1265,193.5,617,450,1.3854,0.90656
1265,200,617,450,1.7925,0.7497
1316,5,617,450,-0.35128,0.9634
1316,11.5,617,450,-0.35128,0.9634
1316,18,617,450,-0.31016,0.96368
1316,24.5,617,450,-0.26186,0.96412
1316,31,617,450,-0.18818,0.9648
1316,37.5,617,450,-0.097486,0.96535
1316,44,617,450,0.027815,0.96612
1316,50.5,617,450,0.19848,0.96601
1316,57,617,450,0.4637,0.9628
1316,63.5,617,450,0.73806,0.9551
1316,70,617,450,1.1476,0.94134
1316,76.5,617,450,1.7494,0.91646
1316,83,617,450,2.5119,0.8967
1316,89.5,617,450,-2.7402,0.88353
1316,96,617,450,-1.5337,0.29314
1316,102.5,617,450,-0.19866,0.87019
1316,109,617,450,1.068,0.59789
1316,115.5,617,450,2.1108,0.86125
1316,122,617,450,2.971,0.8377
1316,128.5,617,450,-2.6502,0.78081
1316,135,617,450,-1.9954,0.86493
1316,141.5,617,450,-1.3555,0.55513
1316,148,617,450,-1.0858,0.74889
1316,154.5,617,450,-0.51798,0.6476
1316,161,617,450,0.22414,0.34693
1316,167.5,617,450,0.20969,0.33717
1316,174,617,450,0.64234,0.31701
1316,180.5,617,450,0.73178,0.66884
1316,187,617,450,1.3556,0.90979
1316,193.5,617,450,1.8604,0.90876
1316,200,617,450,2.2926,0.89851
1367,5,617,450,-0.35504,0.95973
1367,11.5,617,450,-0.35504,0.95973
1367,18,617,450,-0.31241,0.96034
1367,24.5,617,450,-0.26214,0.96112
1367,31,617,450,-0.18549,0.9617
1367,37.5,617,450,-0.091172,0.96226
1367,44,617,450,0.03927,0.96285
1367,50.5,617,450,0.21658,0.96176
1367,57,617,450,0.4914,0.95633
1367,63.5,617,450,0.77475,0.94695
1367,70,617,450,1.1975,0.93445
1367,76.5,617,450,1.821,0.91919
1367,83,617,450,2.6194,0.9089
1367,89.5,617,450,-2.5855,0.88623
1367,96,617,450,-1.2606,0.25255
1367,102.5,617,450,-0.07037,0.85878
1367,109,617,450,1.1803,0.84584
1367,115.5,617,450,2.3465,0.82625
1367,122,617,450,3.1182,0.76994
1367,128.5,617,450,-2.4108,0.85307
1367,135,617,450,-1.6799,0.65025
1367,141.5,617,450,-1.0217,0.37577
1367,148,617,450,-0.71657,0.44729
1367,154.5,617,450,-0.2171,0.4759
1367,161,617,450,0.51155,0.20025
1367,167.5,617,450,0.95186,0.2152
1367,174,617,450,1.0433,0.14919
1367,180.5,617,450,1.3409,0.55191
1367,187,617,450,1.9737,0.52244
1367,193.5,617,450,2.2496,0.60505
1367,200,617,450,2.6283,0.68611
1418,5,617,450,-0.36087,0.95704
1418,11.5,617,450,-0.36087,0.95704
1418,18,617,450,-0.31648,0.95783
1418,24.5,617,450,-0.26421,0.95867
1418,31,617,450,-0.1848,0.95885
1418,37.5,617,450,-0.08692,0.95906
1418,44,617,450,0.048421,0.95919
1418,50.5,617,450,0.23181,0.95728
1418,57,617,450,0.51538,0.95199
1418,63.5,617,450,0.80788,0.94462
1418,70,617,450,1.246,0.93783
1418,76.5,617,450,1.8974,0.9307
1418,83,617,450,2.7338,0.91456
1418,89.5,617,450,-2.4346,0.87681
1418,96,617,450,-1.01,0.2511
1418,102.5,617,450,0.065834,0.84551
1418,109,617,450,1.3887,0.83305
1418,115.5,617,450,2.4918,0.74642
1418,122,617,450,-2.9983,0.81003
1418,128.5,617,450,-2.1131,0.61362
1418,135,617,450,-1.4285,0.4322
1418,141.5,617,450,-0.70375,0.2745
1418,148,617,450,-0.02409,0.23253
1418,154.5,617,450,0.2756,0.071902
1418,161,617,450,0.57123,0.074381
1418,167.5,617,450,1.162,0.13577
1418,174,617,450,1.6405,0.09711
1418,180.5,617,450,2.0592,0.30804
1418,187,617,450,2.3853,0.19544
1418,193.5,617,450,2.6708,0.39326
1418,200,617,450,3.0709,0.84254
1469,5,617,450,-0.36725,0.958
1469,11.5,617,450,-0.36725,0.958
1469,18,617,450,-0.32119,0.95874
1469,24.5,617,450,-0.26689,0.95924
1469,31,617,450,-0.18504,0.95913
1469,37.5,617,450,-0.083848,0.95899
1469,44,617,450,0.056185,0.95895
1469,50.5,617,450,0.24554,0.95752
1469,57,617,450,0.53864,0.9546
1469,63.5,617,450,0.84205,0.95068
1469,70,617,450,1.2991,0.94799
1469,76.5,617,450,1.9803,0.93698
1469,83,617,450,2.8468,0.90527
1469,89.5,617,450,-2.2901,0.86974
1469,96,617,450,-0.88921,0.31991
1469,102.5,617,450,0.29153,0.77653
1469,109,617,450,1.5291,0.74928
1469,115.5,617,450,2.6561,0.68235
1469,122,617,450,-2.7407,0.63364
1469,128.5,617,450,-1.8681,0.42941
1469,135,617,450,-1.0133,0.29874
1469,141.5,617,450,-0.057087,0.16918
1469,148,617,450,1.9308,0.071962
1469,154.5,617,450,-0.83741,0.074075
1469,161,617,450,0.75959,0.13994
1469,167.5,617,450,1.9216,0.20154
1469,174,617,450,2.3819,0.14186
1469,180.5,617,450,-3.0245,0.27525
1469,187,617,450,-3.0493,0.049157
1469,193.5,617,450,2.9928,0.32538
1469,200,617,450,-2.5207,0.50561
