500,5,673,450,-0.21909,0.95662
500,11.5,673,450,-0.21909,0.95662
500,18,673,450,-0.20382,0.9576
500,24.5,673,450,-0.18757,0.95878
500,31,673,450,-0.16071,0.96032
500,37.5,673,450,-0.12947,0.96227
500,44,673,450,-0.089658,0.96464
500,50.5,673,450,-0.034736,0.96748
500,57,673,450,0.046683,0.97092
500,63.5,673,450,0.12678,0.97336
500,70,673,450,0.23787,0.97576
500,76.5,673,450,0.39174,0.9772
500,83,673,450,0.56942,0.97775
500,89.5,673,450,0.80317,0.97564
500,96,673,450,1.083,0.97244
500,102.5,673,450,1.4905,0.97409
500,109,673,450,1.9936,0.97896
500,115.5,673,450,3.0061,0.76619
500,122,673,450,1.8158,0.13321
500,128.5,673,450,2.8028,0.57366
500,135,673,450,-2.9785,0.66188
500,141.5,673,450,-2.6105,0.70302
500,148,673,450,-2.3068,0.73917
500,154.5,673,450,-2.034,0.7741
500,161,673,450,-1.6878,0.7532
500,167.5,673,450,-1.6879,0.89725
500,174,673,450,-1.4251,0.88429
500,180.5,673,450,-1.1161,0.86206
500,187,673,450,-0.63457,0.66141
500,193.5,673,450,-2.5689,0.060302
500,200,673,450,-1.5676,0.66506
551,5,673,450,-0.22316,0.95438
551,11.5,673,450,-0.22316,0.95438
551,18,673,450,-0.20627,0.95524
551,24.5,673,450,-0.18809,0.95634
551,31,673,450,-0.15862,0.95741
551,37.5,673,450,-0.12413,0.95891
551,44,673,450,-0.079842,0.96057
551,50.5,673,450,-0.01938,0.96229
551,57,673,450,0.069985,0.96406
551,63.5,673,450,0.15789,0.96487
551,70,673,450,0.28026,0.96573
551,76.5,673,450,0.44895,0.96583
551,83,673,450,0.64481,0.96677
551,89.5,673,450,0.90308,0.96731
551,96,673,450,1.2131,0.97078
551,102.5,673,450,1.6596,0.97834
551,109,673,450,2.1873,0.9897
551,115.5,673,450,-2.902,0.72968
551,122,673,450,2.6602,0.59786
551,128.5,673,450,-2.9384,0.7929
551,135,673,450,-2.4989,0.84527
551,141.5,673,450,-2.1518,0.88541
551,148,673,450,-1.85,0.92089
551,154.5,673,450,-1.5742,0.94568
551,161,673,450,-0.97713,0.87457
551,167.5,673,450,-1.012,0.94704
551,174,673,450,-0.48665,0.77013
551,180.5,673,450,-1.9507,0.098543
551,187,673,450,-1.5939,0.58366
551,193.5,673,450,-1.0288,0.73545
551,200,673,450,-0.79568,0.7728
602,5,673,450,-0.23414,0.95508
602,11.5,673,450,-0.23414,0.95508
602,18,673,450,-0.21574,0.95557
602,24.5,673,450,-0.19576,0.95621
602,31,673,450,-0.16398,0.95667
602,37.5,673,450,-0.12656,0.95746
602,44,673,450,-0.078252,0.95824
602,50.5,673,450,-0.012828,0.95906
602,57,673,450,0.083749,0.96013
602,63.5,673,450,0.1788,0.96055
602,70,673,450,0.31163,0.96179
602,76.5,673,450,0.49555,0.96417
602,83,673,450,0.71073,0.96953
602,89.5,673,450,0.99559,0.97503
602,96,673,450,1.3378,0.98104
602,102.5,673,450,1.8173,0.98047
602,109,673,450,2.3489,0.97493
602,115.5,673,450,1.7435,0.047697
602,122,673,450,-3.0525,0.89651
602,128.5,673,450,-2.5353,0.9373
602,135,673,450,-2.1185,0.96653
602,141.5,673,450,-1.7591,0.98155
602,148,673,450,-1.4313,0.99173
602,154.5,673,450,-1.0241,0.9696
602,161,673,450,-0.91816,0.96587
602,167.5,673,450,0.24481,0.35371
602,174,673,450,-1.1499,0.52266
602,180.5,673,450,0.085611,0.042683
602,187,673,450,-0.79919,0.92949
602,193.5,673,450,-0.52538,0.90082
602,200,673,450,-0.32763,0.90189
653,5,673,450,-0.23824,0.9582
653,11.5,673,450,-0.23824,0.9582
653,18,673,450,-0.21857,0.95837
653,24.5,673,450,-0.19699,0.95855
653,31,673,450,-0.16312,0.95876
653,37.5,673,450,-0.12306,0.95921
653,44,673,450,-0.071042,0.95973
653,50.5,673,450,-0.00086816,0.96071
653,57,673,450,0.10292,0.96258
653,63.5,673,450,0.20539,0.96427
653,70,673,450,0.34965,0.96782
653,76.5,673,450,0.55046,0.974
653,83,673,450,0.78749,0.98272
653,89.5,673,450,1.1012,0.98952
653,96,673,450,1.4748,0.99019
653,102.5,673,450,1.9815,0.97923
653,109,673,450,2.5122,0.96533
653,115.5,673,450,3.0548,0.95102
653,122,673,450,-2.719,0.97479
653,128.5,673,450,-2.2337,0.98416
653,135,673,450,-1.8196,0.98413
653,141.5,673,450,-1.4176,0.97458
653,148,673,450,-0.21801,0.34449
653,154.5,673,450,-1.1253,0.90746
653,161,673,450,-0.64909,0.93659
653,167.5,673,450,-0.78363,0.811
653,174,673,450,-0.35122,0.81835
653,180.5,673,450,-0.74465,0.87306
653,187,673,450,-0.28126,0.95371
653,193.5,673,450,-0.026862,0.95534
653,200,673,450,0.17475,0.90279
704,5,673,450,-0.24091,0.96119
704,11.5,673,450,-0.24091,0.96119
704,18,673,450,-0.22009,0.9613
704,24.5,673,450,-0.19709,0.96142
704,31,673,450,-0.1611,0.96194
704,37.5,673,450,-0.11839,0.9627
704,44,673,450,-0.062575,0.96377
704,50.5,673,450,0.012703,0.96582
704,57,673,450,0.12449,0.96946
704,63.5,673,450,0.23515,0.9726
704,70,673,450,0.39217,0.978
704,76.5,673,450,0.61157,0.98514
704,83,673,450,0.87113,0.99162
704,89.5,673,450,1.2129,0.99282
704,96,673,450,1.6141,0.98544
704,102.5,673,450,2.149,0.97572
704,109,673,450,2.7065,0.9684
704,115.5,673,450,-3.0083,0.97874
704,122,673,450,-2.5008,0.98527
704,128.5,673,450,-2.005,0.97239
704,135,673,450,-1.5618,0.95492
704,141.5,673,450,-1.6677,0.84449
704,148,673,450,-1.0806,0.95616
704,154.5,673,450,-0.76783,0.96654
704,161,673,450,-0.40144,0.95541
704,167.5,673,450,-0.16048,0.98957
704,174,673,450,0.45462,0.86282
704,180.5,673,450,-0.15198,0.73265
704,187,673,450,0.20993,0.81391
704,193.5,673,450,0.50205,0.79055
704,200,673,450,1.0043,0.53182
755,5,673,450,-0.24286,0.96147
755,11.5,673,450,-0.24286,0.96147
755,18,673,450,-0.22078,0.96187
755,24.5,673,450,-0.19628,0.96239
755,31,673,450,-0.15793,0.9635
755,37.5,673,450,-0.11231,0.96491
755,44,673,450,-0.052293,0.96684
755,50.5,673,450,0.028672,0.96984
755,57,673,450,0.1492,0.97431
755,63.5,673,450,0.26861,0.97767
755,70,673,450,0.43899,0.98226
755,76.5,673,450,0.67614,0.98661
755,83,673,450,0.95552,0.98624
755,89.5,673,450,1.3221,0.98018
755,96,673,450,1.7484,0.97333
755,102.5,673,450,2.3182,0.97032
755,109,673,450,2.9513,0.96928
755,115.5,673,450,-2.8606,0.98648
755,122,673,450,-2.3204,0.97482
755,128.5,673,450,-1.7854,0.95277
755,135,673,450,-1.6524,0.96536
755,141.5,673,450,-1.1067,0.991
755,148,673,450,-0.74195,0.99039
755,154.5,673,450,-0.38959,0.98822
755,161,673,450,-1.0628,0.38669
755,167.5,673,450,0.32573,0.94537
755,174,673,450,1.4974,0.28099
755,180.5,673,450,0.33879,0.67506
755,187,673,450,0.72755,0.69644
755,193.5,673,450,1.2365,0.4905
755,200,673,450,-0.15414,0.47862
806,5,673,450,-0.24519,0.95879
806,11.5,673,450,-0.24519,0.95879
806,18,673,450,-0.22167,0.95959
806,24.5,673,450,-0.1954,0.96068
806,31,673,450,-0.15445,0.96211
806,37.5,673,450,-0.10562,0.96395
806,44,673,450,-0.041062,0.96622
806,50.5,673,450,0.045881,0.96926
806,57,673,450,0.17505,0.97272
806,63.5,673,450,0.30294,0.97457
806,70,673,450,0.48525,0.97629
806,76.5,673,450,0.73805,0.97577
806,83,673,450,1.0343,0.97212
806,89.5,673,450,1.4232,0.96709
806,96,673,450,1.8767,0.96978
806,102.5,673,450,2.4922,0.97165
806,109,673,450,-3.0598,0.92454
806,115.5,673,450,-2.6976,0.98113
806,122,673,450,-2.1062,0.96215
806,128.5,673,450,-0.50573,0.10487
806,135,673,450,-1.2678,0.99594
806,141.5,673,450,-0.79943,0.98554
806,148,673,450,-0.37954,0.95267
806,154.5,673,450,0.049235,0.87605
806,161,673,450,-0.20085,0.93526
806,167.5,673,450,0.83136,0.77449
806,174,673,450,-0.6047,0.036744
806,180.5,673,450,1.0918,0.80766
806,187,673,450,1.9902,0.5459
806,193.5,673,450,-0.18216,0.50862
806,200,673,450,1.2505,0.96882
857,5,673,450,-0.24895,0.95558
857,11.5,673,450,-0.24895,0.95558
857,18,673,450,-0.22392,0.95653
857,24.5,673,450,-0.19561,0.95773
857,31,673,450,-0.15202,0.95902
857,37.5,673,450,-0.099919,0.96069
857,44,673,450,-0.030856,0.96252
857,50.5,673,450,0.061657,0.9644
857,57,673,450,0.19881,0.96577
857,63.5,673,450,0.33427,0.96643
857,70,673,450,0.52705,0.96634
857,76.5,673,450,0.79346,0.96538
857,83,673,450,1.107,0.96598
857,89.5,673,450,1.5212,0.96954
857,96,673,450,2.0081,0.97988
857,102.5,673,450,2.6698,0.97453
857,109,673,450,-2.8035,0.9
857,115.5,673,450,-2.4726,0.96508
857,122,673,450,-1.6853,0.86628
857,128.5,673,450,-1.6842,0.93038
857,135,673,450,-0.98367,0.97586
857,141.5,673,450,-0.45341,0.92848
857,148,673,450,0.036331,0.86111
857,154.5,673,450,0.55555,0.77385
857,161,673,450,0.50866,0.61009
857,167.5,673,450,1.5725,0.4273
857,174,673,450,1.5213,0.81019
857,180.5,673,450,0.22215,0.032191
857,187,673,450,1.6507,0.35085
857,193.5,673,450,1.2238,0.73066
857,200,673,450,1.9219,0.78194
908,5,673,450,-0.25382,0.95461
908,11.5,673,450,-0.25382,0.95461
908,18,673,450,-0.2272,0.9553
908,24.5,673,450,-0.19694,0.95607
908,31,673,450,-0.15088,0.95692
908,37.5,673,450,-0.095727,0.95801
908,44,673,450,-0.022511,0.95905
908,50.5,673,450,0.075027,0.95996
908,57,673,450,0.21929,0.96048
908,63.5,673,450,0.36181,0.96121
908,70,673,450,0.56447,0.96253
908,76.5,673,450,0.84606,0.9657
908,83,673,450,1.1806,0.97332
908,89.5,673,450,1.6239,0.98386
908,96,673,450,2.1474,0.99146
908,102.5,673,450,2.8472,0.97581
908,109,673,450,-2.5714,0.92539
908,115.5,673,450,-2.1488,0.88292
908,122,673,450,-0.45257,0.041278
908,128.5,673,450,-1.3509,0.93799
908,135,673,450,-0.6243,0.9175
908,141.5,673,450,-0.008376,0.85813
908,148,673,450,0.6124,0.78136
908,154.5,673,450,1.3033,0.67065
908,161,673,450,1.4821,0.01162
908,167.5,673,450,2.7444,0.011991
908,174,673,450,0.41349,0.22038
908,180.5,673,450,1.6083,0.58673
908,187,673,450,-3.1299,0.074826
908,193.5,673,450,2.054,0.69627
908,200,673,450,2.6047,0.70916
959,5,673,450,-0.26592,0.95665
959,11.5,673,450,-0.26592,0.95665
959,18,673,450,-0.2378,0.95711
959,24.5,673,450,-0.20602,0.95722
959,31,673,450,-0.15773,0.95762
959,37.5,673,450,-0.099808,0.95825
959,44,673,450,-0.022776,0.95889
959,50.5,673,450,0.079504,0.95981
959,57,673,450,0.2309,0.96164
959,63.5,673,450,0.38073,0.9638
959,70,673,450,0.59528,0.96798
959,76.5,673,450,0.89459,0.97684
959,83,673,450,1.2527,0.98791
959,89.5,673,450,1.7277,0.99376
959,96,673,450,2.2814,0.98807
959,102.5,673,450,3.0159,0.97282
959,109,673,450,-2.3614,0.98225
959,115.5,673,450,-1.7319,0.74958
959,122,673,450,-2.5099,0.30957
959,128.5,673,450,-0.96895,0.87408
959,135,673,450,-0.14901,0.80957
959,141.5,673,450,0.62206,0.6942
959,148,673,450,1.4187,0.48972
959,154.5,673,450,2.2386,0.30974
959,161,673,450,-0.63228,0.17093
959,167.5,673,450,1.6165,0.1047
959,174,673,450,1.4968,0.59224
959,180.5,673,450,2.4539,0.63421
959,187,673,450,1.9516,0.64834
959,193.5,673,450,3.01,0.88974
959,200,673,450,-2.6625,0.93467
1010,5,673,450,-0.26904,0.96004
1010,11.5,673,450,-0.26904,0.96004
1010,18,673,450,-0.23985,0.96
1010,24.5,673,450,-0.20665,0.96021
1010,31,673,450,-0.15623,0.96055
1010,37.5,673,450,-0.09564,0.96123
1010,44,673,450,-0.014813,0.96219
1010,50.5,673,450,0.092505,0.9641
1010,57,673,450,0.25189,0.96785
1010,63.5,673,450,0.41012,0.97176
1010,70,673,450,0.638,0.97818
1010,76.5,673,450,0.95709,0.98672
1010,83,673,450,1.3386,0.99145
1010,89.5,673,450,1.8393,0.98645
1010,96,673,450,2.4178,0.97501
1010,102.5,673,450,-3.0949,0.97212
1010,109,673,450,-2.1474,0.98391
1010,115.5,673,450,-1.2954,0.64227
1010,122,673,450,-1.8911,0.4533
1010,128.5,673,450,-0.47726,0.74919
1010,135,673,450,0.46483,0.62663
1010,141.5,673,450,1.3375,0.42586
1010,148,673,450,2.1806,0.23074
1010,154.5,673,450,-3.1381,0.060583
1010,161,673,450,0.89609,0.53795
1010,167.5,673,450,-2.7096,0.092343
1010,174,673,450,2.3574,0.54667
1010,180.5,673,450,3.1044,0.66233
1010,187,673,450,-2.8196,0.75308
1010,193.5,673,450,-2.317,0.781
1010,200,673,450,-1.2118,0.89675
1061,5,673,450,-0.27107,0.96169
1061,11.5,673,450,-0.27107,0.96169
1061,18,673,450,-0.24067,0.96211
1061,24.5,673,450,-0.20596,0.96248
1061,31,673,450,-0.15333,0.96322
1061,37.5,673,450,-0.089919,0.96436
1061,44,673,450,-0.0050013,0.96607
1061,50.5,673,450,0.10794,0.96902
1061,57,673,450,0.27619,0.97376
1061,63.5,673,450,0.4434,0.97771
1061,70,673,450,0.68477,0.9826
1061,76.5,673,450,1.0219,0.98524
1061,83,673,450,1.4218,0.98129
1061,89.5,673,450,1.9435,0.97169
1061,96,673,450,2.5469,0.97025
1061,102.5,673,450,-2.9225,0.97641
1061,109,673,450,-1.9689,0.96722
1061,115.5,673,450,-0.88111,0.66677
1061,122,673,450,-1.3017,0.427
1061,128.5,673,450,0.07905,0.62166
1061,135,673,450,1.0678,0.48998
1061,141.5,673,450,1.9764,0.32331
1061,148,673,450,3.018,0.087779
1061,154.5,673,450,1.2572,0.12522
1061,161,673,450,2.4644,0.81241
1061,167.5,673,450,-1.6057,0.15018
1061,174,673,450,3.1175,0.46067
1061,180.5,673,450,-2.806,0.61628
1061,187,673,450,-2.2074,0.69162
1061,193.5,673,450,-1.6423,0.74352
1061,200,673,450,1.4846,0.064394
1112,5,673,450,-0.27331,0.96
1112,11.5,673,450,-0.27331,0.96
1112,18,673,450,-0.2413,0.96138
1112,24.5,673,450,-0.20491,0.96211
1112,31,673,450,-0.14985,0.96333
1112,37.5,673,450,-0.083365,0.96495
1112,44,673,450,0.0060008,0.96711
1112,50.5,673,450,0.1249,0.97016
1112,57,673,450,0.30199,0.9738
1112,63.5,673,450,0.47773,0.97568
1112,70,673,450,0.73111,0.97698
1112,76.5,673,450,1.0825,0.97347
1112,83,673,450,1.4976,0.96885
1112,89.5,673,450,2.0411,0.96742
1112,96,673,450,2.6773,0.9786
1112,102.5,673,450,-2.75,0.97812
1112,109,673,450,-1.8146,0.95669
1112,115.5,673,450,-0.50048,0.78296
1112,122,673,450,-0.70731,0.44639
1112,128.5,673,450,0.60285,0.60416
1112,135,673,450,1.6115,0.53612
1112,141.5,673,450,2.7239,0.28509
1112,148,673,450,1.2071,0.08205
1112,154.5,673,450,2.516,0.68123
1112,161,673,450,-2.9578,0.86119
1112,167.5,673,450,-0.89975,0.057248
1112,174,673,450,-2.4888,0.52313
1112,180.5,673,450,-2.198,0.84033
1112,187,673,450,-1.6679,0.82718
1112,193.5,673,450,-0.73234,0.64494
1112,200,673,450,-1.7672,0.81042
1163,5,673,450,-0.27724,0.96005
1163,11.5,673,450,-0.27724,0.96005
1163,18,673,450,-0.24389,0.96084
1163,24.5,673,450,-0.20568,0.96178
1163,31,673,450,-0.14797,0.96316
1163,37.5,673,450,-0.078233,0.96481
1163,44,673,450,0.015632,0.96665
1163,50.5,673,450,0.14021,0.96863
1163,57,673,450,0.32523,0.97005
1163,63.5,673,450,0.50828,0.9698
1163,70,673,450,0.77161,0.96894
1163,76.5,673,450,1.136,0.96687
1163,83,673,450,1.5686,0.96952
1163,89.5,673,450,2.141,0.9801
1163,96,673,450,2.8144,0.98841
1163,102.5,673,450,-2.5775,0.97603
1163,109,673,450,-1.6306,0.97094
1163,115.5,673,450,-0.17843,0.88414
1163,122,673,450,-0.13062,0.59644
1163,128.5,673,450,1.0696,0.72661
1163,135,673,450,2.1683,0.66757
1163,141.5,673,450,-2.331,0.0010395
1163,148,673,450,2.4477,0.60404
1163,154.5,673,450,-3.0675,0.77449
1163,161,673,450,-2.5216,0.88255
1163,167.5,673,450,-2.9515,0.26483
1163,174,673,450,-1.8187,0.76334
1163,180.5,673,450,-1.5636,0.96971
1163,187,673,450,-0.87578,0.89013
1163,193.5,673,450,-1.4303,0.61458
1163,200,673,450,-0.80134,0.81436
1214,5,673,450,-0.28163,0.95746
1214,11.5,673,450,-0.28163,0.95746
1214,18,673,450,-0.24672,0.95831
1214,24.5,673,450,-0.20667,0.95915
1214,31,673,450,-0.14636,0.96027
1214,37.5,673,450,-0.073529,0.96159
1214,44,673,450,0.024573,0.96277
1214,50.5,673,450,0.15422,0.9637
1214,57,673,450,0.34629,0.96409
1214,63.5,673,450,0.53593,0.96398
1214,70,673,450,0.80915,0.96494
1214,76.5,673,450,1.1891,0.9693
1214,83,673,450,1.644,0.98048
1214,89.5,673,450,2.2489,0.99272
1214,96,673,450,2.9549,0.98739
1214,102.5,673,450,-2.4041,0.97488
1214,109,673,450,-1.3865,0.97947
1214,115.5,673,450,0.095639,0.90336
1214,122,673,450,0.37215,0.80709
1214,128.5,673,450,1.4952,0.89375
1214,135,673,450,2.8795,0.57197
1214,141.5,673,450,2.212,0.5613
1214,148,673,450,3.0589,0.78766
1214,154.5,673,450,-2.6526,0.85356
1214,161,673,450,-2.1902,0.94558
1214,167.5,673,450,-1.7974,0.98139
1214,174,673,450,-1.0664,0.94733
1214,180.5,673,450,-0.76739,0.9665
1214,187,673,450,-1.1309,0.44407
1214,193.5,673,450,-0.76414,0.82047
1214,200,673,450,-0.32018,0.83505
1265,5,673,450,-0.28654,0.95772
1265,11.5,673,450,-0.28654,0.95772
1265,18,673,450,-0.25016,0.95836
1265,24.5,673,450,-0.20832,0.95891
1265,31,673,450,-0.14563,0.9595
1265,37.5,673,450,-0.069896,0.96038
1265,44,673,450,0.032109,0.96111
1265,50.5,673,450,0.16651,0.9619
1265,57,673,450,0.36558,0.96333
1265,63.5,673,450,0.56258,0.96511
1265,70,673,450,0.84765,0.97052
1265,76.5,673,450,1.2464,0.98063
1265,83,673,450,1.7268,0.99191
1265,89.5,673,450,2.361,0.99071
1265,96,673,450,3.0922,0.97728
1265,102.5,673,450,-2.2318,0.97344
1265,109,673,450,-1.1062,0.92242
1265,115.5,673,450,0.8535,0.42455
1265,122,673,450,0.757,0.94617
1265,128.5,673,450,1.8513,0.97369
1265,135,673,450,1.6355,0.33805
1265,141.5,673,450,2.8333,0.84496
1265,148,673,450,-2.8139,0.92652
1265,154.5,673,450,-2.2666,0.9736
1265,161,673,450,-1.8105,0.96791
1265,167.5,673,450,-1.3364,0.95829
1265,174,673,450,-1.047,0.9626
1265,180.5,673,450,-1.0522,0.55795
1265,187,673,450,0.52996,0.003061
1265,193.5,673,450,-0.29872,0.94243
1265,200,673,450,0.12824,0.94951
1316,5,673,450,-0.29904,0.96058
1316,11.5,673,450,-0.29904,0.96058
1316,18,673,450,-0.26127,0.96088
1316,24.5,673,450,-0.21784,0.96121
1316,31,673,450,-0.15302,0.9615
1316,37.5,673,450,-0.074509,0.96221
1316,44,673,450,0.03132,0.96311
1316,50.5,673,450,0.1707,0.96482
1316,57,673,450,0.37764,0.96845
1316,63.5,673,450,0.58323,0.97265
1316,70,673,450,0.88207,0.98019
1316,76.5,673,450,1.301,0.98871
1316,83,673,450,1.8036,0.98946
1316,89.5,673,450,2.46,0.97837
1316,96,673,450,-3.0687,0.97285
1316,102.5,673,450,-2.0676,0.9754
1316,109,673,450,-0.85852,0.8554
1316,115.5,673,450,0.0082785,0.96228
1316,122,673,450,1.0197,0.98924
1316,128.5,673,450,2.1768,0.98002
1316,135,673,450,2.4975,0.89352
1316,141.5,673,450,-3.0678,0.9636
1316,148,673,450,-2.4512,0.98251
1316,154.5,673,450,-1.8713,0.95113
1316,161,673,450,-1.344,0.81005
1316,167.5,673,450,-1.5767,0.9123
1316,174,673,450,-0.44742,0.94415
1316,180.5,673,450,-0.2874,0.88193
1316,187,673,450,-0.56691,0.73509
1316,193.5,673,450,0.22519,0.91679
1316,200,673,450,0.85285,0.80031
1367,5,673,450,-0.30155,0.96356
1367,11.5,673,450,-0.30155,0.96356
1367,18,673,450,-0.26252,0.96378
1367,24.5,673,450,-0.21756,0.96403
1367,31,673,450,-0.15064,0.96461
1367,37.5,673,450,-0.069354,0.96552
1367,44,673,450,0.04051,0.96704
1367,50.5,673,450,0.18553,0.96995
1367,57,673,450,0.40139,0.97454
1367,63.5,673,450,0.61612,0.97897
1367,70,673,450,0.92886,0.98422
1367,76.5,673,450,1.3655,0.985
1367,83,673,450,1.8847,0.97741
1367,89.5,673,450,2.5603,0.96884
1367,96,673,450,-2.9377,0.97801
1367,102.5,673,450,-1.8932,0.97767
1367,109,673,450,-0.64243,0.88549
1367,115.5,673,450,0.192,0.98221
1367,122,673,450,1.2113,0.98318
1367,128.5,673,450,1.8944,0.86507
1367,135,673,450,2.8459,0.97551
1367,141.5,673,450,-2.7424,0.9742
1367,148,673,450,-2.1076,0.91959
1367,154.5,673,450,-1.4015,0.75927
1367,161,673,450,-1.7548,0.88221
1367,167.5,673,450,-0.91174,0.98956
1367,174,673,450,-0.43876,0.9793
1367,180.5,673,450,0.43305,0.95644
1367,187,673,450,0.10262,0.62091
1367,193.5,673,450,0.79755,0.67804
1367,200,673,450,-0.030716,0.64062
1418,5,673,450,-0.30324,0.96418
1418,11.5,673,450,-0.30324,0.96418
1418,18,673,450,-0.26301,0.96446
1418,24.5,673,450,-0.21641,0.96498
1418,31,673,450,-0.14712,0.96616
1418,37.5,673,450,-0.062904,0.96744
1418,44,673,450,0.051326,0.96944
1418,50.5,673,450,0.20224,0.97255
1418,57,673,450,0.42718,0.97618
1418,63.5,673,450,0.65063,0.97835
1418,70,673,450,0.97503,0.97869
1418,76.5,673,450,1.4253,0.97358
1418,83,673,450,1.9587,0.96888
1418,89.5,673,450,2.6588,0.97512
1418,96,673,450,-2.8017,0.98745
1418,102.5,673,450,-1.7198,0.97601
1418,109,673,450,-0.4153,0.95013
1418,115.5,673,450,0.33369,0.99606
1418,122,673,450,1.3797,0.96639
1418,128.5,673,450,2.2929,0.98286
1418,135,673,450,3.1178,0.97599
1418,141.5,673,450,-2.4412,0.92311
1418,148,673,450,-1.6817,0.80714
1418,154.5,673,450,-1.982,0.73624
1418,161,673,450,-0.70408,0.84769
1418,167.5,673,450,-0.50059,0.96214
1418,174,673,450,0.01975,0.96409
1418,180.5,673,450,1.242,0.66941
1418,187,673,450,0.68652,0.62853
1418,193.5,673,450,1.7528,0.42035
1418,200,673,450,1.2524,0.98322
1469,5,673,450,-0.30565,0.96179
1469,11.5,673,450,-0.30565,0.96179
1469,18,673,450,-0.26402,0.96226
1469,24.5,673,450,-0.21573,0.96313
1469,31,673,450,-0.14372,0.96473
1469,37.5,673,450,-0.056384,0.96628
1469,44,673,450,0.062316,0.96816
1469,50.5,673,450,0.219,0.97034
1469,57,673,450,0.45198,0.97161
1469,63.5,673,450,0.68264,0.97131
1469,70,673,450,1.0167,0.96894
1469,76.5,673,450,1.4791,0.96651
1469,83,673,450,2.0309,0.97303
1469,89.5,673,450,2.764,0.98846
1469,96,673,450,-2.6613,0.98853
1469,102.5,673,450,-1.5463,0.97515
1469,109,673,450,-0.18032,0.98105
1469,115.5,673,450,0.50196,0.98795
1469,122,673,450,1.6902,0.91861
1469,128.5,673,450,2.5123,0.98899
1469,135,673,450,-2.8922,0.94492
1469,141.5,673,450,-2.0353,0.85961
1469,148,673,450,-2.5627,0.35143
1469,154.5,673,450,-1.1973,0.89866
1469,161,673,450,-0.083681,0.68902
1469,167.5,673,450,0.092824,0.78732
1469,174,673,450,0.45802,0.92747
1469,180.5,673,450,2.2615,0.07085
1469,187,673,450,1.9821,0.62186
1469,193.5,673,450,0.030889,0.16838
1469,200,673,450,1.8872,0.87757
