500,5,645,450,-0.23434,0.95432
500,11.5,645,450,-0.23434,0.95432
500,18,645,450,-0.21825,0.95528
500,24.5,645,450,-0.20095,0.95634
500,31,645,450,-0.17217,0.95751
500,37.5,645,450,-0.13832,0.9589
500,44,645,450,-0.094906,0.9606
500,50.5,645,450,-0.034097,0.96169
500,57,645,450,0.057759,0.96159
500,63.5,645,450,0.14983,0.95932
500,70,645,450,0.27883,0.95536
500,76.5,645,450,0.46242,0.9464
500,83,645,450,0.68371,0.9333
500,89.5,645,450,0.98542,0.91587
500,96,645,450,1.3642,0.8985
500,102.5,645,450,1.9694,0.8782
500,109,645,450,2.8065,0.33055
500,115.5,645,450,2.7548,0.37971
500,122,645,450,-3.083,0.45781
500,128.5,645,450,-2.6102,0.542
500,135,645,450,-2.2558,0.59543
500,141.5,645,450,-1.9717,0.62648
500,148,645,450,-1.7392,0.64004
500,154.5,645,450,-1.5282,0.67851
500,161,645,450,-1.2583,0.62228
500,167.5,645,450,-1.0859,0.45483
500,174,645,450,-1.1854,0.3317
500,180.5,645,450,-1.266,0.45245
500,187,645,450,-1.1312,0.6072
500,193.5,645,450,-0.95496,0.68229
500,200,645,450,-0.78489,0.71201
551,5,645,450,-0.23961,0.95349
551,11.5,645,450,-0.23961,0.95349
551,18,645,450,-0.22188,0.95417
551,24.5,645,450,-0.20258,0.95483
551,31,645,450,-0.17115,0.95536
551,37.5,645,450,-0.13395,0.95608
551,44,645,450,-0.085892,0.95686
551,50.5,645,450,-0.019287,0.95674
551,57,645,450,0.081085,0.95516
551,63.5,645,450,0.18155,0.9518
551,70,645,450,0.32326,0.94738
551,76.5,645,450,0.52511,0.9385
551,83,645,450,0.76972,0.92796
551,89.5,645,450,1.103,0.91367
551,96,645,450,1.5163,0.89932
551,102.5,645,450,2.1399,0.88566
551,109,645,450,2.7522,0.32398
551,115.5,645,450,3.0593,0.61074
551,122,645,450,-2.7433,0.70516
551,128.5,645,450,-2.279,0.79287
551,135,645,450,-1.893,0.8358
551,141.5,645,450,-1.5615,0.81044
551,148,645,450,-1.2949,0.76072
551,154.5,645,450,-0.98241,0.65069
551,161,645,450,-0.96802,0.2854
551,167.5,645,450,-1.056,0.37295
551,174,645,450,-1.1534,0.4245
551,180.5,645,450,-0.88273,0.75882
551,187,645,450,-0.68082,0.79414
551,193.5,645,450,-0.49209,0.79646
551,200,645,450,-0.30428,0.78399
602,5,645,450,-0.25176,0.95617
602,11.5,645,450,-0.25176,0.95617
602,18,645,450,-0.23258,0.95636
602,24.5,645,450,-0.21156,0.95645
602,31,645,450,-0.17781,0.95647
602,37.5,645,450,-0.13764,0.95655
602,44,645,450,-0.085408,0.95665
602,50.5,645,450,-0.013511,0.95606
602,57,645,450,0.094925,0.95456
602,63.5,645,450,0.20368,0.95164
602,70,645,450,0.35822,0.94838
602,76.5,645,450,0.57903,0.9431
602,83,645,450,0.84886,0.93602
602,89.5,645,450,1.214,0.92364
602,96,645,450,1.6563,0.90473
602,102.5,645,450,2.2745,0.88613
602,109,645,450,2.7509,0.67534
602,115.5,645,450,-2.9008,0.85093
602,122,645,450,-2.3993,0.88512
602,128.5,645,450,-1.9365,0.857
602,135,645,450,-1.5849,0.75112
602,141.5,645,450,-1.3575,0.71856
602,148,645,450,-1.082,0.73812
602,154.5,645,450,-0.71873,0.53142
602,161,645,450,-0.91019,0.50137
602,167.5,645,450,-0.82711,0.40424
602,174,645,450,-0.8188,0.78265
602,180.5,645,450,-0.47494,0.93193
602,187,645,450,-0.27241,0.94322
602,193.5,645,450,-0.072299,0.9419
602,200,645,450,0.11793,0.9014
653,5,645,450,-0.25518,0.95994
653,11.5,645,450,-0.25518,0.95994
653,18,645,450,-0.23472,0.95994
653,24.5,645,450,-0.21222,0.95977
653,31,645,450,-0.17627,0.95986
653,37.5,645,450,-0.1333,0.95993
653,44,645,450,-0.077034,0.96021
653,50.5,645,450,0.00024639,0.96035
653,57,645,450,0.11718,0.96032
653,63.5,645,450,0.23491,0.95898
653,70,645,450,0.40348,0.95807
653,76.5,645,450,0.64541,0.95526
653,83,645,450,0.94175,0.94807
653,89.5,645,450,1.3392,0.93331
653,96,645,450,1.8085,0.90976
653,102.5,645,450,2.428,0.89214
653,109,645,450,3.0343,0.89361
653,115.5,645,450,-2.6213,0.88844
653,122,645,450,-2.135,0.84699
653,128.5,645,450,-1.7582,0.71103
653,135,645,450,-1.4876,0.76434
653,141.5,645,450,-1.1831,0.81036
653,148,645,450,-0.88987,0.79226
653,154.5,645,450,-0.68215,0.67415
653,161,645,450,-0.34494,0.6012
653,167.5,645,450,-0.5052,0.42637
653,174,645,450,-0.31622,0.77812
653,180.5,645,450,0.013498,0.86409
653,187,645,450,0.23804,0.82903
653,193.5,645,450,0.38851,0.69631
653,200,645,450,0.58165,0.86983
704,5,645,450,-0.25733,0.96134
704,11.5,645,450,-0.25733,0.96134
704,18,645,450,-0.23563,0.96157
704,24.5,645,450,-0.21157,0.96177
704,31,645,450,-0.17325,0.96243
704,37.5,645,450,-0.1273,0.96309
704,44,645,450,-0.066686,0.9642
704,50.5,645,450,0.016565,0.96552
704,57,645,450,0.14299,0.96691
704,63.5,645,450,0.27048,0.96637
704,70,645,450,0.45407,0.96574
704,76.5,645,450,0.71763,0.96088
704,83,645,450,1.0391,0.9494
704,89.5,645,450,1.4671,0.92966
704,96,645,450,1.9664,0.9064
704,102.5,645,450,2.6314,0.884
704,109,645,450,-3.069,0.87627
704,115.5,645,450,-2.4343,0.8251
704,122,645,450,-1.9874,0.74316
704,128.5,645,450,-1.6528,0.84778
704,135,645,450,-1.2304,0.88504
704,141.5,645,450,-0.86739,0.83062
704,148,645,450,-0.56223,0.70629
704,154.5,645,450,-0.28879,0.88735
704,161,645,450,0.14242,0.35673
704,167.5,645,450,-0.18575,0.38909
704,174,645,450,0.14678,0.59078
704,180.5,645,450,0.49858,0.50509
704,187,645,450,0.48636,0.32997
704,193.5,645,450,0.54384,0.70171
704,200,645,450,0.88144,0.8976
755,5,645,450,-0.25996,0.95918
755,11.5,645,450,-0.25996,0.95918
755,18,645,450,-0.23685,0.9598
755,24.5,645,450,-0.21097,0.96061
755,31,645,450,-0.16994,0.9618
755,37.5,645,450,-0.12066,0.96308
755,44,645,450,-0.055258,0.96483
755,50.5,645,450,0.034435,0.96652
755,57,645,450,0.17067,0.96759
755,63.5,645,450,0.30799,0.96602
755,70,645,450,0.50592,0.96338
755,76.5,645,450,0.78935,0.95402
755,83,645,450,1.1332,0.93712
755,89.5,645,450,1.5897,0.91704
755,96,645,450,2.126,0.89783
755,102.5,645,450,2.8884,0.82041
755,109,645,450,-2.9291,0.84412
755,115.5,645,450,-2.2858,0.75981
755,122,645,450,-1.8911,0.85076
755,128.5,645,450,-1.3345,0.84912
755,135,645,450,-0.89603,0.7439
755,141.5,645,450,-0.52193,0.57939
755,148,645,450,-0.30634,0.40679
755,154.5,645,450,0.062244,0.74899
755,161,645,450,0.30166,0.19423
755,167.5,645,450,0.22179,0.43384
755,174,645,450,0.69074,0.41256
755,180.5,645,450,0.79606,0.1788
755,187,645,450,0.48932,0.52624
755,193.5,645,450,1.0253,0.89504
755,200,645,450,1.3986,0.94637
806,5,645,450,-0.26409,0.95548
806,11.5,645,450,-0.26409,0.95548
806,18,645,450,-0.23935,0.95638
806,24.5,645,450,-0.21139,0.9574
806,31,645,450,-0.16751,0.95862
806,37.5,645,450,-0.11473,0.95995
806,44,645,450,-0.0444,0.96153
806,50.5,645,450,0.051593,0.96253
806,57,645,450,0.19697,0.9618
806,63.5,645,450,0.3432,0.95834
806,70,645,450,0.55387,0.95352
806,76.5,645,450,0.85464,0.94226
806,83,645,450,1.2196,0.92793
806,89.5,645,450,1.7072,0.91261
806,96,645,450,2.2839,0.89538
806,102.5,645,450,-3.1263,0.73756
806,109,645,450,-2.76,0.80992
806,115.5,645,450,-2.1011,0.642
806,122,645,450,-1.6135,0.77636
806,128.5,645,450,-1.0518,0.65141
806,135,645,450,-0.5995,0.52385
806,141.5,645,450,-0.22297,0.3736
806,148,645,450,-0.0078768,0.25817
806,154.5,645,450,0.51799,0.38768
806,161,645,450,0.40136,0.17813
806,167.5,645,450,1.0799,0.24426
806,174,645,450,1.0138,0.17141
806,180.5,645,450,0.67997,0.16331
806,187,645,450,1.1569,0.59528
806,193.5,645,450,1.682,0.70076
806,200,645,450,2.0707,0.62656
857,5,645,450,-0.26958,0.95371
857,11.5,645,450,-0.26958,0.95371
857,18,645,450,-0.24318,0.95462
857,24.5,645,450,-0.21321,0.9552
857,31,645,450,-0.16662,0.9559
857,37.5,645,450,-0.11047,0.95672
857,44,645,450,-0.035512,0.95753
857,50.5,645,450,0.066191,0.95729
857,57,645,450,0.21966,0.95531
857,63.5,645,450,0.37394,0.95178
857,70,645,450,0.59686,0.94721
857,76.5,645,450,0.91535,0.93899
857,83,645,450,1.3049,0.93153
857,89.5,645,450,1.8266,0.9222
857,96,645,450,2.4451,0.90015
857,102.5,645,450,-2.8732,0.71672
857,109,645,450,-2.4943,0.75636
857,115.5,645,450,-2.0421,0.52285
857,122,645,450,-1.3973,0.65066
857,128.5,645,450,-0.76644,0.50617
857,135,645,450,-0.21522,0.39699
857,141.5,645,450,0.35483,0.26959
857,148,645,450,1.1392,0.099071
857,154.5,645,450,0.18451,0.061498
857,161,645,450,0.41685,0.11563
857,167.5,645,450,1.0282,0.22142
857,174,645,450,1.6491,0.21099
857,180.5,645,450,1.3054,0.22854
857,187,645,450,1.9054,0.44695
857,193.5,645,450,2.3942,0.42781
857,200,645,450,2.5212,0.20294
908,5,645,450,-0.27488,0.95559
908,11.5,645,450,-0.27488,0.95559
908,18,645,450,-0.24699,0.95607
908,24.5,645,450,-0.21529,0.95604
908,31,645,450,-0.16627,0.95618
908,37.5,645,450,-0.10706,0.95643
908,44,645,450,-0.027886,0.95667
908,50.5,645,450,0.079105,0.95616
908,57,645,450,0.24055,0.95484
908,63.5,645,450,0.4033,0.95274
908,70,645,450,0.63941,0.9511
908,76.5,645,450,0.97788,0.94847
908,83,645,450,1.3953,0.9444
908,89.5,645,450,1.9546,0.93369
908,96,645,450,2.6087,0.90398
908,102.5,645,450,-2.6274,0.76541
908,109,645,450,-2.0953,0.62896
908,115.5,645,450,-1.8459,0.5181
908,122,645,450,-1.1111,0.57204
908,128.5,645,450,-0.29695,0.43387
908,135,645,450,0.58058,0.28341
908,141.5,645,450,1.7349,0.090132
908,148,645,450,-2.2621,0.032512
908,154.5,645,450,0.28422,0.16815
908,161,645,450,0.87546,0.25698
908,167.5,645,450,1.7537,0.31331
908,174,645,450,2.3768,0.21936
908,180.5,645,450,2.3023,0.40561
908,187,645,450,2.9011,0.50187
908,193.5,645,450,-2.7083,0.32593
908,200,645,450,3.0586,0.10072
959,5,645,450,-0.28722,0.95921
959,11.5,645,450,-0.28722,0.95921
959,18,645,450,-0.25791,0.95924
959,24.5,645,450,-0.22475,0.9592
959,31,645,450,-0.17353,0.95923
959,37.5,645,450,-0.11145,0.95938
959,44,645,450,-0.028178,0.95978
959,50.5,645,450,0.08428,0.96013
959,57,645,450,0.25465,0.96072
959,63.5,645,450,0.42669,0.96069
959,70,645,450,0.6778,0.96144
959,76.5,645,450,1.0396,0.95978
959,83,645,450,1.4845,0.95008
959,89.5,645,450,2.0764,0.92847
959,96,645,450,2.7661,0.90196
959,102.5,645,450,-2.4065,0.81284
959,109,645,450,-1.6394,0.4327
959,115.5,645,450,-1.5281,0.49707
959,122,645,450,-0.6448,0.51454
959,128.5,645,450,0.52412,0.32809
959,135,645,450,1.8052,0.10067
959,141.5,645,450,-2.5998,0.0080033
959,148,645,450,-0.1683,0.022702
959,154.5,645,450,1.4758,0.16464
959,161,645,450,1.7733,0.2082
959,167.5,645,450,2.5285,0.38339
959,174,645,450,2.9768,0.37617
959,180.5,645,450,-2.7468,0.58035
959,187,645,450,-2.176,0.53619
959,193.5,645,450,-1.1428,0.08162
959,200,645,450,2.8341,0.10464
1010,5,645,450,-0.28944,0.96115
1010,11.5,645,450,-0.28944,0.96115
1010,18,645,450,-0.25904,0.96151
1010,24.5,645,450,-0.22414,0.96179
1010,31,645,450,-0.17061,0.96225
1010,37.5,645,450,-0.10557,0.96283
1010,44,645,450,-0.017919,0.96394
1010,50.5,645,450,0.10061,0.96539
1010,57,645,450,0.28074,0.96714
1010,63.5,645,450,0.46297,0.96745
1010,70,645,450,0.72967,0.96655
1010,76.5,645,450,1.1126,0.95886
1010,83,645,450,1.5807,0.94113
1010,89.5,645,450,2.2003,0.91796
1010,96,645,450,2.9232,0.89652
1010,102.5,645,450,-2.2228,0.83662
1010,109,645,450,-1.2164,0.32375
1010,115.5,645,450,-1.0435,0.47011
1010,122,645,450,0.043077,0.39728
1010,128.5,645,450,1.4301,0.17919
1010,135,645,450,2.5687,0.016773
1010,141.5,645,450,1.1175,0.034822
1010,148,645,450,2.0207,0.13779
1010,154.5,645,450,2.9191,0.35815
1010,161,645,450,2.7642,0.13253
1010,167.5,645,450,-2.9058,0.4018
1010,174,645,450,-2.5933,0.48701
1010,180.5,645,450,-1.9922,0.56518
1010,187,645,450,-1.3265,0.43179
1010,193.5,645,450,-2.5305,0.0043803
1010,200,645,450,-2.222,0.36081
1061,5,645,450,-0.29172,0.95999
1061,11.5,645,450,-0.29172,0.95999
1061,18,645,450,-0.25976,0.96069
1061,24.5,645,450,-0.22313,0.96135
1061,31,645,450,-0.16699,0.96241
1061,37.5,645,450,-0.098697,0.96356
1061,44,645,450,-0.0062816,0.96518
1061,50.5,645,450,0.11871,0.9668
1061,57,645,450,0.30873,0.96758
1061,63.5,645,450,0.50063,0.96606
1061,70,645,450,0.78121,0.96076
1061,76.5,645,450,1.1818,0.94746
1061,83,645,450,1.6697,0.92963
1061,89.5,645,450,2.3173,0.91289
1061,96,645,450,3.0789,0.89705
1061,102.5,645,450,-2.0886,0.84647
1061,109,645,450,-0.83959,0.32467
1061,115.5,645,450,-0.47519,0.42188
1061,122,645,450,0.69971,0.29057
1061,128.5,645,450,1.9126,0.099747
1061,135,645,450,1.5747,0.066099
1061,141.5,645,450,2.2707,0.2865
1061,148,645,450,3.0395,0.34304
1061,154.5,645,450,-2.6093,0.51023
1061,161,645,450,-2.8503,0.18999
1061,167.5,645,450,-2.4001,0.2993
1061,174,645,450,-2.0788,0.63865
1061,180.5,645,450,-1.4625,0.58439
1061,187,645,450,-1.0549,0.11903
1061,193.5,645,450,-1.64,0.47942
1061,200,645,450,-1.0472,0.66832
1112,5,645,450,-0.29572,0.95682
1112,11.5,645,450,-0.29572,0.95682
1112,18,645,450,-0.26186,0.95741
1112,24.5,645,450,-0.22333,0.95833
1112,31,645,450,-0.16435,0.95958
1112,37.5,645,450,-0.092617,0.96086
1112,44,645,450,0.0046498,0.96231
1112,50.5,645,450,0.13587,0.96302
1112,57,645,450,0.3348,0.96162
1112,63.5,645,450,0.53503,0.95777
1112,70,645,450,0.82741,0.95083
1112,76.5,645,450,1.2438,0.9386
1112,83,645,450,1.754,0.92959
1112,89.5,645,450,2.4363,0.92244
1112,96,645,450,-3.0468,0.90306
1112,102.5,645,450,-1.9594,0.86767
1112,109,645,450,-0.52028,0.33499
1112,115.5,645,450,-0.0013307,0.42799
1112,122,645,450,1.1546,0.29587
1112,128.5,645,450,1.7721,0.131
1112,135,645,450,2.225,0.33155
1112,141.5,645,450,2.9315,0.45053
1112,148,645,450,-2.8245,0.38009
1112,154.5,645,450,-2.3191,0.59772
1112,161,645,450,-2.3003,0.49753
1112,167.5,645,450,-2.0149,0.59945
1112,174,645,450,-1.4653,0.72479
1112,180.5,645,450,-1.1834,0.36698
1112,187,645,450,-1.1327,0.61443
1112,193.5,645,450,-0.70715,0.73829
1112,200,645,450,-0.14244,0.62506
1163,5,645,450,-0.30159,0.95692
1163,11.5,645,450,-0.30159,0.95692
1163,18,645,450,-0.26654,0.95774
1163,24.5,645,450,-0.22603,0.95861
1163,31,645,450,-0.16426,0.95939
1163,37.5,645,450,-0.089141,0.96024
1163,44,645,450,0.012696,0.96097
1163,50.5,645,450,0.14953,0.96055
1163,57,645,450,0.35638,0.95805
1163,63.5,645,450,0.56453,0.9541
1163,70,645,450,0.86879,0.94994
1163,76.5,645,450,1.304,0.94415
1163,83,645,450,1.8419,0.94141
1163,89.5,645,450,2.5619,0.93248
1163,96,645,450,-2.8869,0.90649
1163,102.5,645,450,-1.7615,0.87379
1163,109,645,450,-0.39268,0.30473
1163,115.5,645,450,0.36064,0.55659
1163,122,645,450,1.5202,0.36901
1163,128.5,645,450,2.0024,0.33442
1163,135,645,450,2.664,0.49205
1163,141.5,645,450,-3.0572,0.55733
1163,148,645,450,-2.6306,0.52787
1163,154.5,645,450,-2.1392,0.78845
1163,161,645,450,-1.6837,0.82578
1163,167.5,645,450,-1.2952,0.74273
1163,174,645,450,-1.0139,0.35007
1163,180.5,645,450,-1.1209,0.50679
1163,187,645,450,-0.65886,0.77959
1163,193.5,645,450,-0.22999,0.7888
1163,200,645,450,0.1375,0.37625
1214,5,645,450,-0.30728,0.95754
1214,11.5,645,450,-0.30728,0.95754
1214,18,645,450,-0.27063,0.95812
1214,24.5,645,450,-0.22827,0.95871
1214,31,645,450,-0.16401,0.95892
1214,37.5,645,450,-0.085757,0.95926
1214,44,645,450,0.020328,0.95957
1214,50.5,645,450,0.16244,0.95906
1214,57,645,450,0.37727,0.95773
1214,63.5,645,450,0.59402,0.95575
1214,70,645,450,0.91203,0.95575
1214,76.5,645,450,1.3701,0.95577
1214,83,645,450,1.9372,0.95019
1214,89.5,645,450,2.6916,0.93097
1214,96,645,450,-2.7234,0.90404
1214,102.5,645,450,-1.4785,0.75031
1214,109,645,450,-0.52606,0.42441
1214,115.5,645,450,0.71894,0.75928
1214,122,645,450,1.7775,0.35324
1214,128.5,645,450,2.2616,0.50621
1214,135,645,450,2.9187,0.6662
1214,141.5,645,450,-2.7888,0.77584
1214,148,645,450,-2.2812,0.73307
1214,154.5,645,450,-1.8224,0.81284
1214,161,645,450,-1.3478,0.80615
1214,167.5,645,450,-0.794,0.46252
1214,174,645,450,-0.85198,0.47902
1214,180.5,645,450,-0.73625,0.82577
1214,187,645,450,-0.26325,0.92252
1214,193.5,645,450,0.15828,0.90412
1214,200,645,450,0.52634,0.85061
1265,5,645,450,-0.31163,0.96086
1265,11.5,645,450,-0.31163,0.96086
1265,18,645,450,-0.27355,0.96115
1265,24.5,645,450,-0.22948,0.96142
1265,31,645,450,-0.163,0.96144
1265,37.5,645,450,-0.081817,0.96161
1265,44,645,450,0.028451,0.96209
1265,50.5,645,450,0.17611,0.96255
1265,57,645,450,0.39995,0.96343
1265,63.5,645,450,0.62638,0.96369
1265,70,645,450,0.96038,0.9656
1265,76.5,645,450,1.442,0.96186
1265,83,645,450,2.0344,0.94567
1265,89.5,645,450,2.8158,0.92051
1265,96,645,450,-2.5649,0.89767
1265,102.5,645,450,-1.1751,0.53552
1265,109,645,450,-0.32751,0.82056
1265,115.5,645,450,1.041,0.81961
1265,122,645,450,1.7483,0.40445
1265,128.5,645,450,2.493,0.72838
1265,135,645,450,-3.057,0.85966
1265,141.5,645,450,-2.427,0.7901
1265,148,645,450,-2.0452,0.68596
1265,154.5,645,450,-1.69,0.66982
1265,161,645,450,-1.0774,0.89909
1265,167.5,645,450,-0.80305,0.64942
1265,174,645,450,-0.26353,0.50838
1265,180.5,645,450,-0.21586,0.85554
1265,187,645,450,0.24808,0.87771
1265,193.5,645,450,0.58202,0.85201
1265,200,645,450,0.9774,0.84381
1316,5,645,450,-0.32377,0.96386
1316,11.5,645,450,-0.32377,0.96386
1316,18,645,450,-0.28441,0.96398
1316,24.5,645,450,-0.2387,0.96424
1316,31,645,450,-0.16991,0.96464
1316,37.5,645,450,-0.085769,0.96509
1316,44,645,450,0.028928,0.96616
1316,50.5,645,450,0.18274,0.96764
1316,57,645,450,0.41656,0.96952
1316,63.5,645,450,0.65371,0.96961
1316,70,645,450,1.0032,0.96781
1316,76.5,645,450,1.5042,0.95579
1316,83,645,450,2.1167,0.93459
1316,89.5,645,450,2.9249,0.91556
1316,96,645,450,-2.418,0.89514
1316,102.5,645,450,-0.90844,0.41527
1316,109,645,450,-0.086764,0.89606
1316,115.5,645,450,1.2345,0.73262
1316,122,645,450,1.8696,0.71396
1316,128.5,645,450,2.7963,0.87571
1316,135,645,450,-2.745,0.76892
1316,141.5,645,450,-2.2807,0.58899
1316,148,645,450,-1.8319,0.83394
1316,154.5,645,450,-1.4195,0.5573
1316,161,645,450,-0.78956,0.91136
1316,167.5,645,450,-0.21405,0.8341
1316,174,645,450,0.26264,0.24946
1316,180.5,645,450,0.30413,0.60025
1316,187,645,450,0.64597,0.35464
1316,193.5,645,450,0.82959,0.86093
1316,200,645,450,1.3414,0.88626
1367,5,645,450,-0.32564,0.9637
1367,11.5,645,450,-0.32564,0.9637
1367,18,645,450,-0.28495,0.96395
1367,24.5,645,450,-0.23758,0.96446
1367,31,645,450,-0.16618,0.96547
1367,37.5,645,450,-0.078839,0.96644
1367,44,645,450,0.040601,0.96789
1367,50.5,645,450,0.20092,0.9695
1367,57,645,450,0.4445,0.96959
1367,63.5,645,450,0.69116,0.96701
1367,70,645,450,1.0536,0.96016
1367,76.5,645,450,1.5704,0.94449
1367,83,645,450,2.2024,0.93035
1367,89.5,645,450,3.0446,0.92147
1367,96,645,450,-2.2593,0.90147
1367,102.5,645,450,-0.61091,0.4193
1367,109,645,450,0.068504,0.85944
1367,115.5,645,450,1.2628,0.69702
1367,122,645,450,2.1738,0.88804
1367,128.5,645,450,3.0816,0.75555
1367,135,645,450,-2.5792,0.5613
1367,141.5,645,450,-2.1599,0.76672
1367,148,645,450,-1.4218,0.73068
1367,154.5,645,450,-1.1693,0.37685
1367,161,645,450,-0.47781,0.5684
1367,167.5,645,450,0.27094,0.63141
1367,174,645,450,0.32368,0.15511
1367,180.5,645,450,0.8347,0.34429
1367,187,645,450,0.47459,0.40243
1367,193.5,645,450,1.3031,0.94155
1367,200,645,450,1.8255,0.94416
1418,5,645,450,-0.32855,0.96065
1418,11.5,645,450,-0.32855,0.96065
1418,18,645,450,-0.28644,0.96134
1418,24.5,645,450,-0.23722,0.96205
1418,31,645,450,-0.16299,0.96317
1418,37.5,645,450,-0.072271,0.96437
1418,44,645,450,0.051958,0.9656
1418,50.5,645,450,0.21841,0.96604
1418,57,645,450,0.47071,0.96382
1418,63.5,645,450,0.72533,0.95912
1418,70,645,450,1.0988,0.95132
1418,76.5,645,450,1.6314,0.94147
1418,83,645,450,2.2893,0.93773
1418,89.5,645,450,-3.1128,0.93241
1418,96,645,450,-2.0966,0.90521
1418,102.5,645,450,-0.32347,0.46283
1418,109,645,450,0.21154,0.83072
1418,115.5,645,450,1.4481,0.89804
1418,122,645,450,2.4236,0.81114
1418,128.5,645,450,-3.0028,0.58366
1418,135,645,450,-2.5328,0.57469
1418,141.5,645,450,-1.697,0.67801
1418,148,645,450,-1.1188,0.41767
1418,154.5,645,450,-0.86772,0.26201
1418,161,645,450,-0.30609,0.45233
1418,167.5,645,450,0.75778,0.39846
1418,174,645,450,0.80125,0.29422
1418,180.5,645,450,1.1983,0.14451
1418,187,645,450,1.1287,0.55804
1418,193.5,645,450,1.9636,0.70375
1418,200,645,450,2.1859,0.5816
1469,5,645,450,-0.33339,0.95776
1469,11.5,645,450,-0.33339,0.95776
1469,18,645,450,-0.28975,0.95859
1469,24.5,645,450,-0.23855,0.95945
1469,31,645,450,-0.16158,0.95995
1469,37.5,645,450,-0.06747,0.96088
1469,44,645,450,0.061296,0.96153
1469,50.5,645,450,0.23327,0.96095
1469,57,645,450,0.49323,0.95797
1469,63.5,645,450,0.75544,0.95393
1469,70,645,450,1.1407,0.95048
1469,76.5,645,450,1.694,0.94974
1469,83,645,450,2.3826,0.94853
1469,89.5,645,450,-2.9839,0.93107
1469,96,645,450,-1.9344,0.90038
1469,102.5,645,450,-0.12553,0.49826
1469,109,645,450,0.41398,0.80084
1469,115.5,645,450,1.6586,0.79153
1469,122,645,450,2.623,0.70319
1469,128.5,645,450,-2.8,0.4126
1469,135,645,450,-2.1518,0.57617
1469,141.5,645,450,-1.332,0.42512
1469,148,645,450,-0.81443,0.26268
1469,154.5,645,450,-0.37355,0.25008
1469,161,645,450,0.46509,0.18851
1469,167.5,645,450,1.423,0.11047
1469,174,645,450,0.96494,0.12481
1469,180.5,645,450,1.8638,0.11939
1469,187,645,450,1.9038,0.4129
1469,193.5,645,450,2.6464,0.2834
1469,200,645,450,2.6765,0.40503
