500,5,649,450,-0.23199,0.95462
500,11.5,649,450,-0.23199,0.95462
500,18,649,450,-0.21602,0.9556
500,24.5,649,450,-0.19887,0.95669
500,31,649,450,-0.17037,0.95793
500,37.5,649,450,-0.13689,0.95946
500,44,649,450,-0.093994,0.96131
500,50.5,649,450,-0.033917,0.96284
500,57,649,450,0.056598,0.96353
500,63.5,649,450,0.14722,0.96225
500,70,649,450,0.27402,0.95935
500,76.5,649,450,0.45351,0.95141
500,83,649,450,0.66798,0.94023
500,89.5,649,450,0.9589,0.92667
500,96,649,450,1.3219,0.91279
500,102.5,649,450,1.8877,0.89669
500,109,649,450,2.7763,0.50372
500,115.5,649,450,2.6533,0.37686
500,122,649,450,3.108,0.47229
500,128.5,649,450,-2.6855,0.55769
500,135,649,450,-2.3239,0.6072
500,141.5,649,450,-2.0326,0.63369
500,148,649,450,-1.792,0.6352
500,154.5,649,450,-1.6179,0.6724
500,161,649,450,-1.3267,0.6741
500,167.5,649,450,-1.0989,0.51753
500,174,649,450,-1.1413,0.29901
500,180.5,649,450,-1.3322,0.38627
500,187,649,450,-1.2213,0.58608
500,193.5,649,450,-1.0324,0.68496
500,200,649,450,-0.85634,0.72821
551,5,649,450,-0.2371,0.95353
551,11.5,649,450,-0.2371,0.95353
551,18,649,450,-0.2195,0.95425
551,24.5,649,450,-0.20034,0.95498
551,31,649,450,-0.16919,0.95561
551,37.5,649,450,-0.13237,0.95649
551,44,649,450,-0.084858,0.95745
551,50.5,649,450,-0.019028,0.95776
551,57,649,450,0.079913,0.95694
551,63.5,649,450,0.17891,0.95427
551,70,649,450,0.31797,0.95042
551,76.5,649,450,0.51523,0.9429
551,83,649,450,0.75244,0.93398
551,89.5,649,450,1.074,0.92367
551,96,649,450,1.4719,0.91309
551,102.5,649,450,2.0622,0.89907
551,109,649,450,2.894,0.42025
551,115.5,649,450,2.97,0.60351
551,122,649,450,-2.8303,0.69962
551,128.5,649,450,-2.36,0.78685
551,135,649,450,-1.9712,0.84117
551,141.5,649,450,-1.635,0.84239
551,148,649,450,-1.3579,0.78567
551,154.5,649,450,-1.0535,0.71406
551,161,649,450,-0.85254,0.29879
551,167.5,649,450,-1.1121,0.34692
551,174,649,450,-1.1282,0.34924
551,180.5,649,450,-0.96085,0.74122
551,187,649,450,-0.74357,0.7903
551,193.5,649,450,-0.55202,0.79718
551,200,649,450,-0.36755,0.79218
602,5,649,450,-0.24913,0.95594
602,11.5,649,450,-0.24913,0.95594
602,18,649,450,-0.23006,0.95616
602,24.5,649,450,-0.20917,0.95632
602,31,649,450,-0.17571,0.95641
602,37.5,649,450,-0.13592,0.95664
602,44,649,450,-0.084261,0.95688
602,50.5,649,450,-0.013199,0.95665
602,57,649,450,0.093633,0.95579
602,63.5,649,450,0.20075,0.95343
602,70,649,450,0.35243,0.95105
602,76.5,649,450,0.56795,0.94645
602,83,649,450,0.8293,0.94139
602,89.5,649,450,1.1823,0.93308
602,96,649,450,1.6109,0.91758
602,102.5,649,450,2.2052,0.89672
602,109,649,450,2.7132,0.56272
602,115.5,649,450,-2.9882,0.8405
602,122,649,450,-2.4877,0.88924
602,128.5,649,450,-2.0126,0.88335
602,135,649,450,-1.63,0.78162
602,141.5,649,450,-1.4107,0.70749
602,148,649,450,-1.1435,0.75138
602,154.5,649,450,-0.77082,0.62068
602,161,649,450,-0.9981,0.46417
602,167.5,649,450,-0.77669,0.41013
602,174,649,450,-0.93384,0.70011
602,180.5,649,450,-0.54537,0.92524
602,187,649,450,-0.33611,0.93777
602,193.5,649,450,-0.13514,0.93824
602,200,649,450,0.062731,0.90995
653,5,649,450,-0.25268,0.95969
653,11.5,649,450,-0.25268,0.95969
653,18,649,450,-0.23233,0.95971
653,24.5,649,450,-0.20995,0.95954
653,31,649,450,-0.17432,0.95966
653,37.5,649,450,-0.13175,0.95983
653,44,649,450,-0.076118,0.96018
653,50.5,649,450,0.00021954,0.96061
653,57,649,450,0.11538,0.96112
653,63.5,649,450,0.2312,0.96032
653,70,649,450,0.3965,0.96025
653,76.5,649,450,0.63248,0.95833
653,83,649,450,0.9196,0.95358
653,89.5,649,450,1.3045,0.94338
653,96,649,450,1.7605,0.92211
653,102.5,649,450,2.363,0.90337
653,109,649,450,2.956,0.89707
653,115.5,649,450,-2.7014,0.90272
653,122,649,450,-2.2071,0.87279
653,128.5,649,450,-1.7876,0.71539
653,135,649,450,-1.5514,0.73338
653,141.5,649,450,-1.2459,0.80945
653,148,649,450,-0.94461,0.80337
653,154.5,649,450,-0.68181,0.63616
653,161,649,450,-0.41305,0.68799
653,167.5,649,450,-0.45612,0.33955
653,174,649,450,-0.41169,0.75374
653,180.5,649,450,-0.061811,0.88443
653,187,649,450,0.16795,0.86938
653,193.5,649,450,0.38589,0.74658
653,200,649,450,0.50878,0.77667
704,5,649,450,-0.25486,0.96141
704,11.5,649,450,-0.25486,0.96141
704,18,649,450,-0.2333,0.96162
704,24.5,649,450,-0.20941,0.96177
704,31,649,450,-0.17143,0.96241
704,37.5,649,450,-0.12595,0.96314
704,44,649,450,-0.066055,0.9643
704,50.5,649,450,0.016119,0.96591
704,57,649,450,0.14051,0.96795
704,63.5,649,450,0.26589,0.96807
704,70,649,450,0.44587,0.96846
704,76.5,649,450,0.70304,0.96514
704,83,649,450,1.0148,0.95552
704,89.5,649,450,1.4301,0.94068
704,96,649,450,1.9152,0.9198
704,102.5,649,450,2.559,0.90017
704,109,649,450,3.1368,0.88193
704,115.5,649,450,-2.5012,0.84519
704,122,649,450,-2.0279,0.76612
704,128.5,649,450,-1.7399,0.79964
704,135,649,450,-1.3062,0.89479
704,141.5,649,450,-0.93617,0.8631
704,148,649,450,-0.60418,0.75806
704,154.5,649,450,-0.45018,0.80814
704,161,649,450,0.1599,0.47892
704,167.5,649,450,-0.23275,0.29737
704,174,649,450,0.0542,0.59997
704,180.5,649,450,0.44545,0.5738
704,187,649,450,0.60939,0.36262
704,193.5,649,450,0.48051,0.62854
704,200,649,450,0.799,0.88014
755,5,649,450,-0.25733,0.9596
755,11.5,649,450,-0.25733,0.9596
755,18,649,450,-0.23437,0.96019
755,24.5,649,450,-0.20871,0.96095
755,31,649,450,-0.16809,0.96216
755,37.5,649,450,-0.11934,0.96352
755,44,649,450,-0.054732,0.96537
755,50.5,649,450,0.03378,0.96745
755,57,649,450,0.16783,0.96933
755,63.5,649,450,0.30289,0.96869
755,70,649,450,0.49684,0.96663
755,76.5,649,450,0.77304,0.95919
755,83,649,450,1.107,0.94644
755,89.5,649,450,1.5506,0.92923
755,96,649,450,2.0699,0.91101
755,102.5,649,450,2.7883,0.86587
755,109,649,450,-3.0176,0.847
755,115.5,649,450,-2.3379,0.78283
755,122,649,450,-1.9722,0.74354
755,128.5,649,450,-1.4195,0.88741
755,135,649,450,-0.96512,0.79814
755,141.5,649,450,-0.55878,0.64268
755,148,649,450,-0.26926,0.43357
755,154.5,649,450,-0.19576,0.77029
755,161,649,450,0.46295,0.22921
755,167.5,649,450,0.082523,0.37004
755,174,649,450,0.59605,0.47038
755,180.5,649,450,0.91069,0.21817
755,187,649,450,0.32313,0.36331
755,193.5,649,450,0.90976,0.88533
755,200,649,450,1.3071,0.95338
806,5,649,450,-0.26115,0.95593
806,11.5,649,450,-0.26115,0.95593
806,18,649,450,-0.23659,0.95683
806,24.5,649,450,-0.20888,0.95789
806,31,649,450,-0.16544,0.95918
806,37.5,649,450,-0.11322,0.96065
806,44,649,450,-0.043738,0.96241
806,50.5,649,450,0.050984,0.96385
806,57,649,450,0.19414,0.96398
806,63.5,649,450,0.33809,0.9615
806,70,649,450,0.54453,0.95677
806,76.5,649,450,0.83762,0.94735
806,83,649,450,1.1926,0.93606
806,89.5,649,450,1.6653,0.92384
806,96,649,450,2.2249,0.90633
806,102.5,649,450,3.021,0.82222
806,109,649,450,-2.8501,0.8286
806,115.5,649,450,-2.12,0.68241
806,122,649,450,-1.7094,0.79897
806,128.5,649,450,-1.1183,0.707
806,135,649,450,-0.64276,0.57769
806,141.5,649,450,-0.23725,0.40907
806,148,649,450,0.024969,0.25686
806,154.5,649,450,0.25829,0.56359
806,161,649,450,0.50876,0.12771
806,167.5,649,450,0.94105,0.37854
806,174,649,450,1.006,0.14871
806,180.5,649,450,0.79932,0.096619
806,187,649,450,0.98729,0.57901
806,193.5,649,450,1.567,0.74893
806,200,649,450,1.9747,0.70696
857,5,649,450,-0.26642,0.95384
857,11.5,649,450,-0.26642,0.95384
857,18,649,450,-0.24022,0.95478
857,24.5,649,450,-0.21047,0.95545
857,31,649,450,-0.16432,0.95627
857,37.5,649,450,-0.10874,0.95727
857,44,649,450,-0.034644,0.95829
857,50.5,649,450,0.065816,0.95851
857,57,649,450,0.21707,0.95706
857,63.5,649,450,0.36881,0.95384
857,70,649,450,0.58712,0.94973
857,76.5,649,450,0.89728,0.9441
857,83,649,450,1.2754,0.93883
857,89.5,649,450,1.782,0.93148
857,96,649,450,2.3804,0.90964
857,102.5,649,450,-3.0402,0.82272
857,109,649,450,-2.608,0.78112
857,115.5,649,450,-2.0818,0.3668
857,122,649,450,-1.4857,0.68175
857,128.5,649,450,-0.82911,0.54904
857,135,649,450,-0.28241,0.43827
857,141.5,649,450,0.26226,0.312
857,148,649,450,0.93248,0.16534
857,154.5,649,450,0.29364,0.032737
857,161,649,450,0.4087,0.069698
857,167.5,649,450,0.84722,0.19726
857,174,649,450,1.4983,0.26063
857,180.5,649,450,1.1594,0.14956
857,187,649,450,1.7545,0.46612
857,193.5,649,450,2.2771,0.48489
857,200,649,450,2.6399,0.26969
908,5,649,450,-0.27173,0.95532
908,11.5,649,450,-0.27173,0.95532
908,18,649,450,-0.24403,0.95583
908,24.5,649,450,-0.21252,0.95587
908,31,649,450,-0.16392,0.95612
908,37.5,649,450,-0.10528,0.95654
908,44,649,450,-0.026992,0.95692
908,50.5,649,450,0.078696,0.95676
908,57,649,450,0.23775,0.95573
908,63.5,649,450,0.39751,0.95397
908,70,649,450,0.62861,0.95316
908,76.5,649,450,0.95905,0.95251
908,83,649,450,1.3642,0.95068
908,89.5,649,450,1.9058,0.94051
908,96,649,450,2.5397,0.9172
908,102.5,649,450,-2.818,0.86229
908,109,649,450,-2.2634,0.70239
908,115.5,649,450,-1.9996,0.46845
908,122,649,450,-1.2103,0.60784
908,128.5,649,450,-0.41092,0.48075
908,135,649,450,0.39445,0.36352
908,141.5,649,450,1.4193,0.18412
908,148,649,450,3.0862,0.05363
908,154.5,649,450,-0.24008,0.23102
908,161,649,450,0.53816,0.20595
908,167.5,649,450,1.5495,0.34372
908,174,649,450,2.2541,0.28566
908,180.5,649,450,2.0487,0.34501
908,187,649,450,2.6971,0.5235
908,193.5,649,450,-2.9601,0.44718
908,200,649,450,3.068,0.093527
959,5,649,450,-0.28408,0.95882
959,11.5,649,450,-0.28408,0.95882
959,18,649,450,-0.25493,0.9589
959,24.5,649,450,-0.22198,0.95883
959,31,649,450,-0.17118,0.95889
959,37.5,649,450,-0.10971,0.95915
959,44,649,450,-0.027378,0.9596
959,50.5,649,450,0.083645,0.9602
959,57,649,450,0.25127,0.96128
959,63.5,649,450,0.41998,0.96127
959,70,649,450,0.66583,0.96318
959,76.5,649,450,1.0183,0.96305
959,83,649,450,1.4505,0.95718
959,89.5,649,450,2.0235,0.9395
959,96,649,450,2.6911,0.9133
959,102.5,649,450,-2.6146,0.88511
959,109,649,450,-1.8541,0.57761
959,115.5,649,450,-1.689,0.48593
959,122,649,450,-0.7963,0.56435
959,128.5,649,450,0.2963,0.42387
959,135,649,450,1.4804,0.19812
959,141.5,649,450,2.8863,0.038244
959,148,649,450,-1.0348,0.012894
959,154.5,649,450,0.99114,0.27942
959,161,649,450,1.5047,0.1784
959,167.5,649,450,2.3228,0.3942
959,174,649,450,2.8944,0.38497
959,180.5,649,450,-2.962,0.61665
959,187,649,450,-2.4124,0.60609
959,193.5,649,450,-1.3805,0.23068
959,200,649,450,2.6605,0.040024
1010,5,649,450,-0.28638,0.96112
1010,11.5,649,450,-0.28638,0.96112
1010,18,649,450,-0.25618,0.9614
1010,24.5,649,450,-0.22154,0.96166
1010,31,649,450,-0.16849,0.96208
1010,37.5,649,450,-0.1041,0.96271
1010,44,649,450,-0.017488,0.96385
1010,50.5,649,450,0.099446,0.96558
1010,57,649,450,0.27658,0.96803
1010,63.5,649,450,0.45522,0.96859
1010,70,649,450,0.71637,0.96971
1010,76.5,649,450,1.0899,0.96478
1010,83,649,450,1.545,0.95035
1010,89.5,649,450,2.1463,0.92944
1010,96,649,450,2.8461,0.91051
1010,102.5,649,450,-2.4204,0.8847
1010,109,649,450,-1.4436,0.52173
1010,115.5,649,450,-1.2344,0.47889
1010,122,649,450,-0.17793,0.48118
1010,128.5,649,450,1.1418,0.28452
1010,135,649,450,2.3689,0.066984
1010,141.5,649,450,0.94082,0.0069417
1010,148,649,450,1.763,0.10664
1010,154.5,649,450,2.5286,0.45215
1010,161,649,450,2.6805,0.080058
1010,167.5,649,450,-3.1292,0.4215
1010,174,649,450,-2.7466,0.44055
1010,180.5,649,450,-2.1641,0.59333
1010,187,649,450,-1.5717,0.53456
1010,193.5,649,450,-0.5264,0.0094905
1010,200,649,450,-2.4752,0.32226
1061,5,649,450,-0.28854,0.96039
1061,11.5,649,450,-0.28854,0.96039
1061,18,649,450,-0.25681,0.96108
1061,24.5,649,450,-0.22048,0.96169
1061,31,649,450,-0.16489,0.96273
1061,37.5,649,450,-0.097325,0.96393
1061,44,649,450,-0.0060355,0.96566
1061,50.5,649,450,0.11726,0.96771
1061,57,649,450,0.30419,0.96952
1061,63.5,649,450,0.49246,0.96825
1061,70,649,450,0.76741,0.96562
1061,76.5,649,450,1.1585,0.95415
1061,83,649,450,1.6331,0.93831
1061,89.5,649,450,2.2611,0.92246
1061,96,649,450,2.9982,0.9086
1061,102.5,649,450,-2.2601,0.87997
1061,109,649,450,-1.0728,0.57315
1061,115.5,649,450,-0.68664,0.45294
1061,122,649,450,0.45445,0.37805
1061,128.5,649,450,1.733,0.19277
1061,135,649,450,1.7823,0.02974
1061,141.5,649,450,2.0105,0.24293
1061,148,649,450,2.8587,0.38985
1061,154.5,649,450,-2.8605,0.62757
1061,161,649,450,-2.8835,0.094097
1061,167.5,649,450,-2.4414,0.34748
1061,174,649,450,-2.2665,0.61485
1061,180.5,649,450,-1.6289,0.64132
1061,187,649,450,-0.94845,0.27218
1061,193.5,649,450,-1.9334,0.35415
1061,200,649,450,-1.2775,0.6787
1112,5,649,450,-0.29223,0.95729
1112,11.5,649,450,-0.29223,0.95729
1112,18,649,450,-0.2586,0.95804
1112,24.5,649,450,-0.2204,0.95895
1112,31,649,450,-0.16202,0.96026
1112,37.5,649,450,-0.091058,0.96166
1112,44,649,450,0.0050397,0.96331
1112,50.5,649,450,0.13453,0.96455
1112,57,649,450,0.3304,0.96422
1112,63.5,649,450,0.52724,0.96061
1112,70,649,450,0.81366,0.95506
1112,76.5,649,450,1.2202,0.94492
1112,83,649,450,1.7156,0.93558
1112,89.5,649,450,2.3763,0.93061
1112,96,649,450,-3.1313,0.91419
1112,102.5,649,450,-2.0947,0.88677
1112,109,649,450,-0.73779,0.64651
1112,115.5,649,450,-0.20787,0.45786
1112,122,649,450,0.92583,0.37881
1112,128.5,649,450,1.908,0.14907
1112,135,649,450,2.0056,0.27956
1112,141.5,649,450,2.7651,0.4738
1112,148,649,450,-2.9018,0.4493
1112,154.5,649,450,-2.4858,0.70659
1112,161,649,450,-2.513,0.35806
1112,167.5,649,450,-2.0947,0.41828
1112,174,649,450,-1.6503,0.77661
1112,180.5,649,450,-1.119,0.43237
1112,187,649,450,-1.3105,0.5289
1112,193.5,649,450,-0.87119,0.74572
1112,200,649,450,-0.35014,0.73102
1163,5,649,450,-0.29779,0.95719
1163,11.5,649,450,-0.29779,0.95719
1163,18,649,450,-0.263,0.95802
1163,24.5,649,450,-0.22283,0.95892
1163,31,649,450,-0.16164,0.95985
1163,37.5,649,450,-0.087309,0.96088
1163,44,649,450,0.013356,0.96182
1163,50.5,649,450,0.14847,0.96187
1163,57,649,450,0.35222,0.96013
1163,63.5,649,450,0.55684,0.95634
1163,70,649,450,0.85444,0.95235
1163,76.5,649,450,1.2789,0.94881
1163,83,649,450,1.8005,0.94678
1163,89.5,649,450,2.4979,0.94115
1163,96,649,450,-2.9754,0.91787
1163,102.5,649,450,-1.9013,0.90063
1163,109,649,450,-0.48389,0.65917
1163,115.5,649,450,0.15807,0.56784
1163,122,649,450,1.3223,0.48034
1163,128.5,649,450,1.8854,0.27871
1163,135,649,450,2.5144,0.49247
1163,141.5,649,450,3.1173,0.56296
1163,148,649,450,-2.6773,0.54629
1163,154.5,649,450,-2.2646,0.83002
1163,161,649,450,-1.858,0.84929
1163,167.5,649,450,-1.4815,0.74308
1163,174,649,450,-0.96858,0.45616
1163,180.5,649,450,-1.0963,0.37852
1163,187,649,450,-0.78925,0.76269
1163,193.5,649,450,-0.36083,0.79099
1163,200,649,450,0.21865,0.49111
1214,5,649,450,-0.30341,0.95724
1214,11.5,649,450,-0.30341,0.95724
1214,18,649,450,-0.26701,0.95787
1214,24.5,649,450,-0.22499,0.9585
1214,31,649,450,-0.16129,0.95886
1214,37.5,649,450,-0.083806,0.9594
1214,44,649,450,0.021084,0.95983
1214,50.5,649,450,0.16142,0.95962
1214,57,649,450,0.37293,0.95874
1214,63.5,649,450,0.58581,0.95713
1214,70,649,450,0.89666,0.95766
1214,76.5,649,450,1.3425,0.95834
1214,83,649,450,1.8928,0.95664
1214,89.5,649,450,2.624,0.94208
1214,96,649,450,-2.817,0.91668
1214,102.5,649,450,-1.6732,0.87876
1214,109,649,450,-0.35791,0.58519
1214,115.5,649,450,0.50133,0.77227
1214,122,649,450,1.703,0.48485
1214,128.5,649,450,2.1253,0.47945
1214,135,649,450,2.7981,0.64525
1214,141.5,649,450,-2.9087,0.74659
1214,148,649,450,-2.3727,0.74992
1214,154.5,649,450,-1.928,0.90126
1214,161,649,450,-1.4239,0.77337
1214,167.5,649,450,-0.89459,0.65548
1214,174,649,450,-1.0012,0.44064
1214,180.5,649,450,-0.9426,0.70786
1214,187,649,450,-0.39258,0.90383
1214,193.5,649,450,0.032401,0.9081
1214,200,649,450,0.36556,0.83797
1265,5,649,450,-0.30795,0.96026
1265,11.5,649,450,-0.30795,0.96026
1265,18,649,450,-0.27011,0.96061
1265,24.5,649,450,-0.22637,0.9609
1265,31,649,450,-0.16045,0.96096
1265,37.5,649,450,-0.080047,0.96126
1265,44,649,450,0.02896,0.96177
1265,50.5,649,450,0.17469,0.96241
1265,57,649,450,0.39486,0.96371
1265,63.5,649,450,0.61708,0.96413
1265,70,649,450,0.94364,0.96706
1265,76.5,649,450,1.4126,0.96663
1265,83,649,450,1.9883,0.95487
1265,89.5,649,450,2.747,0.93128
1265,96,649,450,-2.661,0.90933
1265,102.5,649,450,-1.4526,0.8297
1265,109,649,450,-0.44691,0.68383
1265,115.5,649,450,0.82607,0.88185
1265,122,649,450,1.7587,0.36958
1265,128.5,649,450,2.3579,0.69244
1265,135,649,450,3.0875,0.84378
1265,141.5,649,450,-2.5459,0.83937
1265,148,649,450,-2.0855,0.61863
1265,154.5,649,450,-1.7322,0.55596
1265,161,649,450,-1.2197,0.91938
1265,167.5,649,450,-0.83649,0.44799
1265,174,649,450,-0.42115,0.64336
1265,180.5,649,450,-0.39521,0.83313
1265,187,649,450,0.099826,0.92073
1265,193.5,649,450,0.47427,0.82576
1265,200,649,450,0.85892,0.83116
1316,5,649,450,-0.32013,0.96352
1316,11.5,649,450,-0.32013,0.96352
1316,18,649,450,-0.281,0.96365
1316,24.5,649,450,-0.23563,0.9639
1316,31,649,450,-0.16746,0.96426
1316,37.5,649,450,-0.084149,0.96475
1316,44,649,450,0.029185,0.96584
1316,50.5,649,450,0.18089,0.96758
1316,57,649,450,0.41076,0.97014
1316,63.5,649,450,0.64299,0.97105
1316,70,649,450,0.98521,0.97121
1316,76.5,649,450,1.4742,0.96254
1316,83,649,450,2.0695,0.94416
1316,89.5,649,450,2.8545,0.92408
1316,96,649,450,-2.5179,0.90938
1316,102.5,649,450,-1.2645,0.82018
1316,109,649,450,-0.24367,0.90825
1316,115.5,649,450,1.0526,0.84213
1316,122,649,450,1.7223,0.62827
1316,128.5,649,450,2.6463,0.87686
1316,135,649,450,-2.8613,0.82941
1316,141.5,649,450,-2.2987,0.58661
1316,148,649,450,-2.0155,0.709
1316,154.5,649,450,-1.4489,0.64961
1316,161,649,450,-0.93829,0.95205
1316,167.5,649,450,-0.40574,0.90315
1316,174,649,450,0.28169,0.46474
1316,180.5,649,450,0.13929,0.64241
1316,187,649,450,0.64326,0.50987
1316,193.5,649,450,0.67717,0.7593
1316,200,649,450,1.2223,0.87601
1367,5,649,450,-0.32196,0.96396
1367,11.5,649,450,-0.32196,0.96396
1367,18,649,450,-0.28152,0.96419
1367,24.5,649,450,-0.23452,0.96466
1367,31,649,450,-0.16382,0.96564
1367,37.5,649,450,-0.077401,0.96665
1367,44,649,450,0.040592,0.9682
1367,50.5,649,450,0.19865,0.97029
1367,57,649,450,0.43843,0.97138
1367,63.5,649,450,0.68036,0.97015
1367,70,649,450,1.0355,0.96491
1367,76.5,649,450,1.5401,0.95151
1367,83,649,450,2.1544,0.93723
1367,89.5,649,450,2.9696,0.92934
1367,96,649,450,-2.3642,0.91429
1367,102.5,649,450,-1.0509,0.85106
1367,109,649,450,-0.10113,0.85791
1367,115.5,649,450,1.1843,0.75049
1367,122,649,450,2.0128,0.88899
1367,128.5,649,450,2.9593,0.81478
1367,135,649,450,-2.6171,0.59899
1367,141.5,649,450,-2.3218,0.57767
1367,148,649,450,-1.5876,0.81751
1367,154.5,649,450,-1.0241,0.34741
1367,161,649,450,-0.51241,0.70872
1367,167.5,649,450,0.076604,0.77198
1367,174,649,450,0.69795,0.17884
1367,180.5,649,450,0.68563,0.4294
1367,187,649,450,0.56177,0.16297
1367,193.5,649,450,1.1277,0.93348
1367,200,649,450,1.6718,0.95574
1418,5,649,450,-0.32454,0.96132
1418,11.5,649,450,-0.32454,0.96132
1418,18,649,450,-0.28272,0.96196
1418,24.5,649,450,-0.2339,0.96264
1418,31,649,450,-0.16042,0.96385
1418,37.5,649,450,-0.070679,0.96516
1418,44,649,450,0.052068,0.96661
1418,50.5,649,450,0.21632,0.96763
1418,57,649,450,0.46485,0.9664
1418,63.5,649,450,0.71489,0.96266
1418,70,649,450,1.0809,0.95571
1418,76.5,649,450,1.6006,0.94603
1418,83,649,450,2.2384,0.94286
1418,89.5,649,450,3.0912,0.9406
1418,96,649,450,-2.2055,0.91757
1418,102.5,649,450,-0.83105,0.87968
1418,109,649,450,0.027987,0.82282
1418,115.5,649,450,1.2496,0.85742
1418,122,649,450,2.2844,0.85247
1418,128.5,649,450,-3.0854,0.63538
1418,135,649,450,-2.5602,0.42142
1418,141.5,649,450,-1.8907,0.7493
1418,148,649,450,-1.1589,0.48718
1418,154.5,649,450,-0.7112,0.19543
1418,161,649,450,-0.31049,0.2937
1418,167.5,649,450,0.5592,0.56408
1418,174,649,450,0.62288,0.15807
1418,180.5,649,450,1.2202,0.14221
1418,187,649,450,0.80491,0.42146
1418,193.5,649,450,1.7623,0.79991
1418,200,649,450,2.2281,0.4631
1469,5,649,450,-0.32901,0.95821
1469,11.5,649,450,-0.32901,0.95821
1469,18,649,450,-0.28569,0.95899
1469,24.5,649,450,-0.23493,0.95989
1469,31,649,450,-0.15864,0.96058
1469,37.5,649,450,-0.065531,0.96171
1469,44,649,450,0.061758,0.96259
1469,50.5,649,450,0.23155,0.9625
1469,57,649,450,0.4877,0.96006
1469,63.5,649,450,0.74498,0.95654
1469,70,649,450,1.1223,0.95285
1469,76.5,649,450,1.6611,0.95229
1469,83,649,450,2.3281,0.95421
1469,89.5,649,450,-3.0659,0.94197
1469,96,649,450,-2.0462,0.91584
1469,102.5,649,450,-0.64042,0.8819
1469,109,649,450,0.2115,0.79849
1469,115.5,649,450,1.4868,0.81856
1469,122,649,450,2.4973,0.74612
1469,128.5,649,450,-2.8336,0.47318
1469,135,649,450,-2.377,0.55927
1469,141.5,649,450,-1.4634,0.49345
1469,148,649,450,-0.8192,0.27663
1469,154.5,649,450,-0.30951,0.15278
1469,161,649,450,0.26719,0.16448
1469,167.5,649,450,1.2509,0.23708
1469,174,649,450,1.1522,0.070161
1469,180.5,649,450,1.6968,0.20742
1469,187,649,450,1.6224,0.40016
1469,193.5,649,450,2.4816,0.42193
1469,200,649,450,2.5254,0.48963
