500,5,643,450,-0.23553,0.95417
500,11.5,643,450,-0.23553,0.95417
500,18,643,450,-0.21938,0.95513
500,24.5,643,450,-0.202,0.95617
500,31,643,450,-0.17308,0.9573
500,37.5,643,450,-0.13906,0.95862
500,44,643,450,-0.095387,0.96024
500,50.5,643,450,-0.034219,0.96117
500,57,643,450,0.058305,0.96074
500,63.5,643,450,0.15111,0.95811
500,70,643,450,0.28135,0.95382
500,76.5,643,450,0.46731,0.94411
500,83,643,450,0.69198,0.92933
500,89.5,643,450,0.99861,0.91065
500,96,643,450,1.386,0.8937
500,102.5,643,450,2.0146,0.86549
500,109,643,450,2.777,0.27567
500,115.5,643,450,2.8009,0.38225
500,122,643,450,-3.0398,0.45316
500,128.5,643,450,-2.5729,0.5387
500,135,643,450,-2.2206,0.59225
500,141.5,643,450,-1.9411,0.62499
500,148,643,450,-1.7099,0.64533
500,154.5,643,450,-1.4836,0.67338
500,161,643,450,-1.2286,0.5928
500,167.5,643,450,-1.0848,0.43081
500,174,643,450,-1.1872,0.34824
500,180.5,643,450,-1.232,0.48042
500,187,643,450,-1.0922,0.6172
500,193.5,643,450,-0.91789,0.68031
500,200,643,450,-0.74979,0.70499
551,5,643,450,-0.24088,0.95348
551,11.5,643,450,-0.24088,0.95348
551,18,643,450,-0.22309,0.95415
551,24.5,643,450,-0.20371,0.95477
551,31,643,450,-0.17214,0.95525
551,37.5,643,450,-0.13477,0.95589
551,44,643,450,-0.086433,0.95658
551,50.5,643,450,-0.019445,0.95631
551,57,643,450,0.08164,0.95441
551,63.5,643,450,0.18294,0.9509
551,70,643,450,0.32616,0.94609
551,76.5,643,450,0.5305,0.93644
551,83,643,450,0.77893,0.92451
551,89.5,643,450,1.1175,0.90886
551,96,643,450,1.5391,0.89513
551,102.5,643,450,2.1837,0.8765
551,109,643,450,2.6897,0.33261
551,115.5,643,450,3.1031,0.61445
551,122,643,450,-2.7013,0.70867
551,128.5,643,450,-2.2383,0.79471
551,135,643,450,-1.8516,0.83367
551,141.5,643,450,-1.5274,0.79691
551,148,643,450,-1.2638,0.75009
551,154.5,643,450,-0.9486,0.61688
551,161,643,450,-1.0113,0.29624
551,167.5,643,450,-1.0353,0.37777
551,174,643,450,-1.1395,0.47344
551,180.5,643,450,-0.84723,0.76489
551,187,643,450,-0.64912,0.79693
551,193.5,643,450,-0.46244,0.79691
551,200,643,450,-0.27241,0.7797
602,5,643,450,-0.25308,0.9563
602,11.5,643,450,-0.25308,0.9563
602,18,643,450,-0.23385,0.95647
602,24.5,643,450,-0.21277,0.95653
602,31,643,450,-0.17887,0.95651
602,37.5,643,450,-0.13852,0.95653
602,44,643,450,-0.085997,0.95655
602,50.5,643,450,-0.013687,0.95585
602,57,643,450,0.095547,0.95408
602,63.5,643,450,0.20522,0.95106
602,70,643,450,0.36131,0.94753
602,76.5,643,450,0.5851,0.94156
602,83,643,450,0.85905,0.93277
602,89.5,643,450,1.2298,0.91936
602,96,643,450,1.6802,0.90137
602,102.5,643,450,2.3134,0.88105
602,109,643,450,2.7897,0.71214
602,115.5,643,450,-2.8573,0.85117
602,122,643,450,-2.3566,0.88093
602,128.5,643,450,-1.8979,0.84337
602,135,643,450,-1.5614,0.74276
602,141.5,643,450,-1.3303,0.71849
602,148,643,450,-1.0548,0.72729
602,154.5,643,450,-0.70202,0.47775
602,161,643,450,-0.87299,0.50907
602,167.5,643,450,-0.85165,0.42389
602,174,643,450,-0.76672,0.8085
602,180.5,643,450,-0.43984,0.93505
602,187,643,450,-0.24059,0.94651
602,193.5,643,450,-0.040766,0.94367
602,200,643,450,0.14366,0.90181
653,5,643,450,-0.25644,0.96006
653,11.5,643,450,-0.25644,0.96006
653,18,643,450,-0.23592,0.96005
653,24.5,643,450,-0.21336,0.95988
653,31,643,450,-0.17726,0.95996
653,37.5,643,450,-0.13408,0.95999
653,44,643,450,-0.0775,0.96023
653,50.5,643,450,0.00024959,0.96029
653,57,643,450,0.11808,0.96006
653,63.5,643,450,0.23687,0.95862
653,70,643,450,0.40721,0.95743
653,76.5,643,450,0.65245,0.95382
653,83,643,450,0.95325,0.94471
653,89.5,643,450,1.3566,0.92921
653,96,643,450,1.8337,0.90613
653,102.5,643,450,2.4619,0.88933
653,109,643,450,3.074,0.88987
653,115.5,643,450,-2.5818,0.88067
653,122,643,450,-2.0993,0.8346
653,128.5,643,450,-1.7397,0.71387
653,135,643,450,-1.4562,0.77498
653,141.5,643,450,-1.1529,0.8114
653,148,643,450,-0.86265,0.7881
653,154.5,643,450,-0.65675,0.71641
653,161,643,450,-0.32172,0.55877
653,167.5,643,450,-0.49763,0.47323
653,174,643,450,-0.27234,0.78664
653,180.5,643,450,0.050751,0.85237
653,187,643,450,0.27172,0.80326
653,193.5,643,450,0.38794,0.70211
653,200,643,450,0.58908,0.78569
704,5,643,450,-0.25857,0.96129
704,11.5,643,450,-0.25857,0.96129
704,18,643,450,-0.23681,0.96154
704,24.5,643,450,-0.21267,0.96177
704,31,643,450,-0.17417,0.96243
704,37.5,643,450,-0.12799,0.96306
704,44,643,450,-0.06701,0.96415
704,50.5,643,450,0.016778,0.96537
704,57,643,450,0.14422,0.96649
704,63.5,643,450,0.27287,0.9658
704,70,643,450,0.45842,0.9648
704,76.5,643,450,0.72545,0.95896
704,83,643,450,1.0519,0.94547
704,89.5,643,450,1.4862,0.92534
704,96,643,450,1.9935,0.90261
704,102.5,643,450,2.672,0.87102
704,109,643,450,-3.0313,0.8704
704,115.5,643,450,-2.401,0.81665
704,122,643,450,-1.969,0.73967
704,128.5,643,450,-1.6101,0.86153
704,135,643,450,-1.193,0.87812
704,141.5,643,450,-0.83426,0.81301
704,148,643,450,-0.54622,0.68592
704,154.5,643,450,-0.20462,0.8561
704,161,643,450,0.11188,0.31816
704,167.5,643,450,-0.15083,0.42566
704,174,643,450,0.1899,0.58125
704,180.5,643,450,0.51641,0.47098
704,187,643,450,0.42542,0.34999
704,193.5,643,450,0.5769,0.74264
704,200,643,450,0.92077,0.90434
755,5,643,450,-0.26131,0.95896
755,11.5,643,450,-0.26131,0.95896
755,18,643,450,-0.23811,0.9596
755,24.5,643,450,-0.21212,0.96043
755,31,643,450,-0.17089,0.96161
755,37.5,643,450,-0.12135,0.96285
755,44,643,450,-0.055541,0.96455
755,50.5,643,450,0.034741,0.96609
755,57,643,450,0.17207,0.9668
755,63.5,643,450,0.31061,0.96498
755,70,643,450,0.51079,0.96181
755,76.5,643,450,0.79775,0.95071
755,83,643,450,1.1459,0.93263
755,89.5,643,450,1.6099,0.91316
755,96,643,450,2.1547,0.89147
755,102.5,643,450,2.9474,0.77233
755,109,643,450,-2.887,0.83464
755,115.5,643,450,-2.2594,0.75362
755,122,643,450,-1.8385,0.8751
755,128.5,643,450,-1.2965,0.83251
755,135,643,450,-0.86572,0.71787
755,141.5,643,450,-0.50591,0.55227
755,148,643,450,-0.32472,0.40607
755,154.5,643,450,0.16214,0.66081
755,161,643,450,0.22718,0.19732
755,167.5,643,450,0.29147,0.45136
755,174,643,450,0.72994,0.38151
755,180.5,643,450,0.71603,0.17122
755,187,643,450,0.56803,0.58692
755,193.5,643,450,1.0803,0.89711
755,200,643,450,1.4446,0.94081
806,5,643,450,-0.26559,0.95526
806,11.5,643,450,-0.26559,0.95526
806,18,643,450,-0.24075,0.95616
806,24.5,643,450,-0.21267,0.95716
806,31,643,450,-0.16858,0.95834
806,37.5,643,450,-0.11551,0.9596
806,44,643,450,-0.04476,0.96109
806,50.5,643,450,0.051866,0.96189
806,57,643,450,0.19837,0.9608
806,63.5,643,450,0.34582,0.95711
806,70,643,450,0.55896,0.95175
806,76.5,643,450,0.86324,0.93883
806,83,643,450,1.2333,0.9243
806,89.5,643,450,1.7285,0.90925
806,96,643,450,2.3162,0.88711
806,102.5,643,450,-3.043,0.65155
806,109,643,450,-2.7106,0.80315
806,115.5,643,450,-2.0986,0.6524
806,122,643,450,-1.5745,0.76153
806,128.5,643,450,-1.0204,0.6269
806,135,643,450,-0.57774,0.50161
806,141.5,643,450,-0.21245,0.36019
806,148,643,450,-0.012315,0.26328
806,154.5,643,450,0.56293,0.30261
806,161,643,450,0.41622,0.2108
806,167.5,643,450,1.0822,0.19716
806,174,643,450,1.0437,0.17468
806,180.5,643,450,0.70357,0.20905
806,187,643,450,1.2334,0.59608
806,193.5,643,450,1.7377,0.67484
806,200,643,450,2.1143,0.58165
857,5,643,450,-0.27118,0.95366
857,11.5,643,450,-0.27118,0.95366
857,18,643,450,-0.24469,0.95456
857,24.5,643,450,-0.21461,0.95509
857,31,643,450,-0.1678,0.95573
857,37.5,643,450,-0.11136,0.95646
857,44,643,450,-0.035975,0.95717
857,50.5,643,450,0.066347,0.95676
857,57,643,450,0.22098,0.95462
857,63.5,643,450,0.37676,0.95096
857,70,643,450,0.60209,0.94579
857,76.5,643,450,0.92399,0.93658
857,83,643,450,1.3193,0.92873
857,89.5,643,450,1.8506,0.91943
857,96,643,450,2.4792,0.8912
857,102.5,643,450,-2.7555,0.6111
857,109,643,450,-2.4303,0.74565
857,115.5,643,450,-1.9864,0.56576
857,122,643,450,-1.3586,0.63114
857,128.5,643,450,-0.73222,0.48729
857,135,643,450,-0.17959,0.37714
857,141.5,643,450,0.41132,0.24456
857,148,643,450,1.2762,0.061529
857,154.5,643,450,0.19512,0.071645
857,161,643,450,0.4805,0.14571
857,167.5,643,450,1.1185,0.22459
857,174,643,450,1.7084,0.1856
857,180.5,643,450,1.3932,0.25944
857,187,643,450,1.9781,0.43616
857,193.5,643,450,2.4526,0.39796
857,200,643,450,2.44,0.2085
908,5,643,450,-0.27647,0.95575
908,11.5,643,450,-0.27647,0.95575
908,18,643,450,-0.24848,0.95621
908,24.5,643,450,-0.21669,0.95615
908,31,643,450,-0.16746,0.95623
908,37.5,643,450,-0.10797,0.95641
908,44,643,450,-0.028347,0.95657
908,50.5,643,450,0.079295,0.95596
908,57,643,450,0.24202,0.95458
908,63.5,643,450,0.40634,0.95224
908,70,643,450,0.64495,0.95027
908,76.5,643,450,0.98805,0.94769
908,83,643,450,1.4122,0.94244
908,89.5,643,450,1.9806,0.92745
908,96,643,450,2.6463,0.89923
908,102.5,643,450,-2.4725,0.65342
908,109,643,450,-2.0127,0.56653
908,115.5,643,450,-1.7764,0.53164
908,122,643,450,-1.0592,0.55577
908,128.5,643,450,-0.23126,0.41231
908,135,643,450,0.68693,0.24056
908,141.5,643,450,1.9317,0.054818
908,148,643,450,-1.7795,0.036984
908,154.5,643,450,0.41824,0.1413
908,161,643,450,1.0233,0.27236
908,167.5,643,450,1.849,0.29837
908,174,643,450,2.41,0.19269
908,180.5,643,450,2.4244,0.42412
908,187,643,450,3.0085,0.4885
908,193.5,643,450,-2.5852,0.25613
908,200,643,450,3.0463,0.097337
959,5,643,450,-0.2888,0.95939
959,11.5,643,450,-0.2888,0.95939
959,18,643,450,-0.25941,0.9594
959,24.5,643,450,-0.22615,0.95939
959,31,643,450,-0.1747,0.95941
959,37.5,643,450,-0.11233,0.95951
959,44,643,450,-0.028579,0.95988
959,50.5,643,450,0.084601,0.96017
959,57,643,450,0.25636,0.96057
959,63.5,643,450,0.43019,0.96031
959,70,643,450,0.68413,0.96069
959,76.5,643,450,1.0505,0.95733
959,83,643,450,1.5025,0.94628
959,89.5,643,450,2.1025,0.92452
959,96,643,450,2.803,0.89457
959,102.5,643,450,-2.2371,0.71827
959,109,643,450,-1.549,0.32559
959,115.5,643,450,-1.4497,0.50112
959,122,643,450,-0.56542,0.48825
959,128.5,643,450,0.64902,0.2777
959,135,643,450,1.9865,0.065336
959,141.5,643,450,-1.8572,0.004367
959,148,643,450,0.084874,0.030059
959,154.5,643,450,1.6211,0.13965
959,161,643,450,1.9087,0.21872
959,167.5,643,450,2.6295,0.37988
959,174,643,450,3.0372,0.40325
959,180.5,643,450,-2.641,0.56308
959,187,643,450,-2.0519,0.49804
959,193.5,643,450,-1.0922,0.043879
959,200,643,450,2.9547,0.14251
1010,5,643,450,-0.29099,0.96115
1010,11.5,643,450,-0.29099,0.96115
1010,18,643,450,-0.26049,0.96154
1010,24.5,643,450,-0.22545,0.96184
1010,31,643,450,-0.17169,0.96232
1010,37.5,643,450,-0.10632,0.96288
1010,44,643,450,-0.018135,0.96397
1010,50.5,643,450,0.10119,0.96533
1010,57,643,450,0.28283,0.96679
1010,63.5,643,450,0.46699,0.96667
1010,70,643,450,0.73652,0.96526
1010,76.5,643,450,1.1244,0.95619
1010,83,643,450,1.5993,0.93713
1010,89.5,643,450,2.2278,0.91184
1010,96,643,450,2.9651,0.89021
1010,102.5,643,450,-2.0648,0.75625
1010,109,643,450,-1.1677,0.21079
1010,115.5,643,450,-0.94954,0.45747
1010,122,643,450,0.16355,0.3535
1010,128.5,643,450,1.5742,0.13352
1010,135,643,450,2.4851,0.005373
1010,141.5,643,450,1.2588,0.052464
1010,148,643,450,2.1429,0.14707
1010,154.5,643,450,3.0685,0.32234
1010,161,643,450,2.845,0.16236
1010,167.5,643,450,-2.8057,0.38014
1010,174,643,450,-2.5078,0.49978
1010,180.5,643,450,-1.9049,0.55074
1010,187,643,450,-1.1986,0.36851
1010,193.5,643,450,-2.7133,0.018122
1010,200,643,450,-2.1057,0.37598
1061,5,643,450,-0.29334,0.95977
1061,11.5,643,450,-0.29334,0.95977
1061,18,643,450,-0.26127,0.96047
1061,24.5,643,450,-0.22449,0.96115
1061,31,643,450,-0.16806,0.96223
1061,37.5,643,450,-0.099406,0.96334
1061,44,643,450,-0.0064217,0.96491
1061,50.5,643,450,0.11941,0.96635
1061,57,643,450,0.31099,0.96669
1061,63.5,643,450,0.50489,0.96467
1061,70,643,450,0.78815,0.95888
1061,76.5,643,450,1.1935,0.94445
1061,83,643,450,1.6884,0.92592
1061,89.5,643,450,2.3469,0.90909
1061,96,643,450,3.121,0.89036
1061,102.5,643,450,-1.958,0.79266
1061,109,643,450,-0.83581,0.20728
1061,115.5,643,450,-0.36784,0.40315
1061,122,643,450,0.82698,0.24788
1061,128.5,643,450,1.9312,0.067132
1061,135,643,450,1.6209,0.092851
1061,141.5,643,450,2.3948,0.30367
1061,148,643,450,3.1042,0.31078
1061,154.5,643,450,-2.5049,0.46193
1061,161,643,450,-2.7689,0.23675
1061,167.5,643,450,-2.4194,0.3121
1061,174,643,450,-1.9879,0.64361
1061,180.5,643,450,-1.3814,0.54685
1061,187,643,450,-1.307,0.10023
1061,193.5,643,450,-1.5091,0.52512
1061,200,643,450,-0.93013,0.65279
1112,5,643,450,-0.2975,0.95658
1112,11.5,643,450,-0.2975,0.95658
1112,18,643,450,-0.26353,0.95709
1112,24.5,643,450,-0.22483,0.95802
1112,31,643,450,-0.16555,0.95923
1112,37.5,643,450,-0.093434,0.96045
1112,44,643,450,0.0044207,0.9618
1112,50.5,643,450,0.1365,0.96228
1112,57,643,450,0.33696,0.96043
1112,63.5,643,450,0.53916,0.95645
1112,70,643,450,0.83443,0.94878
1112,76.5,643,450,1.2557,0.9365
1112,83,643,450,1.7738,0.9265
1112,89.5,643,450,2.4678,0.91869
1112,96,643,450,-3.0026,0.89779
1112,102.5,643,450,-1.8747,0.83683
1112,109,643,450,-0.56804,0.22191
1112,115.5,643,450,0.10415,0.41144
1112,122,643,450,1.2611,0.25301
1112,128.5,643,450,1.7404,0.14636
1112,135,643,450,2.327,0.34817
1112,141.5,643,450,3.0056,0.44148
1112,148,643,450,-2.8246,0.34491
1112,154.5,643,450,-2.2528,0.56169
1112,161,643,450,-2.2021,0.53454
1112,167.5,643,450,-1.9138,0.6737
1112,174,643,450,-1.379,0.687
1112,180.5,643,450,-1.2076,0.38571
1112,187,643,450,-1.0517,0.64152
1112,193.5,643,450,-0.62775,0.73317
1112,200,643,450,-0.04173,0.55024
1163,5,643,450,-0.30352,0.95681
1163,11.5,643,450,-0.30352,0.95681
1163,18,643,450,-0.26834,0.95763
1163,24.5,643,450,-0.22767,0.95848
1163,31,643,450,-0.1656,0.95919
1163,37.5,643,450,-0.090093,0.95994
1163,44,643,450,0.012334,0.96057
1163,50.5,643,450,0.15003,0.95997
1163,57,643,450,0.35845,0.9572
1163,63.5,643,450,0.56858,0.95326
1163,70,643,450,0.87614,0.94842
1163,76.5,643,450,1.3167,0.94299
1163,83,643,450,1.8635,0.93927
1163,89.5,643,450,2.5954,0.92785
1163,96,643,450,-2.8402,0.9023
1163,102.5,643,450,-1.7231,0.81554
1163,109,643,450,-0.53683,0.25641
1163,115.5,643,450,0.46791,0.54741
1163,122,643,450,1.5898,0.3174
1163,128.5,643,450,2.0733,0.3541
1163,135,643,450,2.7319,0.49381
1163,141.5,643,450,-3.0053,0.56045
1163,148,643,450,-2.634,0.53608
1163,154.5,643,450,-2.0885,0.7753
1163,161,643,450,-1.6122,0.8001
1163,167.5,643,450,-1.206,0.71269
1163,174,643,450,-1.0447,0.35028
1163,180.5,643,450,-1.059,0.59269
1163,187,643,450,-0.59629,0.78758
1163,193.5,643,450,-0.16291,0.7844
1163,200,643,450,0.10356,0.4054
1214,5,643,450,-0.30923,0.95773
1214,11.5,643,450,-0.30923,0.95773
1214,18,643,450,-0.27245,0.95828
1214,24.5,643,450,-0.22993,0.95885
1214,31,643,450,-0.16539,0.95899
1214,37.5,643,450,-0.086753,0.95924
1214,44,643,450,0.019937,0.95949
1214,50.5,643,450,0.16294,0.95888
1214,57,643,450,0.37947,0.95745
1214,63.5,643,450,0.59827,0.95547
1214,70,643,450,0.91986,0.95532
1214,76.5,643,450,1.3839,0.9542
1214,83,643,450,1.9604,0.94679
1214,89.5,643,450,2.7257,0.92588
1214,96,643,450,-2.6761,0.89802
1214,102.5,643,450,-1.6982,0.55678
1214,109,643,450,-0.52656,0.51481
1214,115.5,643,450,0.83428,0.73917
1214,122,643,450,1.7836,0.32457
1214,128.5,643,450,2.3259,0.51903
1214,135,643,450,2.9799,0.68094
1214,141.5,643,450,-2.7257,0.79167
1214,148,643,450,-2.247,0.73733
1214,154.5,643,450,-1.7862,0.80164
1214,161,643,450,-1.2858,0.82414
1214,167.5,643,450,-0.81533,0.3893
1214,174,643,450,-0.78626,0.47122
1214,180.5,643,450,-0.64841,0.85839
1214,187,643,450,-0.19869,0.93214
1214,193.5,643,450,0.21661,0.89725
1214,200,643,450,0.59964,0.83576
1265,5,643,450,-0.31348,0.96117
1265,11.5,643,450,-0.31348,0.96117
1265,18,643,450,-0.27528,0.96143
1265,24.5,643,450,-0.23105,0.96169
1265,31,643,450,-0.16428,0.96169
1265,37.5,643,450,-0.082705,0.96182
1265,44,643,450,0.028206,0.96228
1265,50.5,643,450,0.17684,0.9627
1265,57,643,450,0.40255,0.96346
1265,63.5,643,450,0.63133,0.96377
1265,70,643,450,0.96941,0.96475
1265,76.5,643,450,1.4569,0.95991
1265,83,643,450,2.0585,0.94207
1265,89.5,643,450,2.8516,0.91408
1265,96,643,450,-2.5161,0.89012
1265,102.5,643,450,-1.7273,0.5375
1265,109,643,450,-0.23847,0.84701
1265,115.5,643,450,1.1494,0.7665
1265,122,643,450,1.7783,0.4362
1265,128.5,643,450,2.5618,0.74872
1265,135,643,450,-2.9862,0.86329
1265,141.5,643,450,-2.375,0.76616
1265,148,643,450,-1.9952,0.74299
1265,154.5,643,450,-1.6469,0.69622
1265,161,643,450,-1.0089,0.88028
1265,167.5,643,450,-0.71595,0.71491
1265,174,643,450,-0.22929,0.42786
1265,180.5,643,450,-0.13206,0.8552
1265,187,643,450,0.3211,0.84209
1265,193.5,643,450,0.64089,0.84493
1265,200,643,450,1.0364,0.84366
1316,5,643,450,-0.32561,0.964
1316,11.5,643,450,-0.32561,0.964
1316,18,643,450,-0.28613,0.96411
1316,24.5,643,450,-0.24025,0.96438
1316,31,643,450,-0.17115,0.96481
1316,37.5,643,450,-0.086582,0.96524
1316,44,643,450,0.028809,0.9663
1316,50.5,643,450,0.18369,0.96769
1316,57,643,450,0.41952,0.96927
1316,63.5,643,450,0.65905,0.96865
1316,70,643,450,1.0124,0.96586
1316,76.5,643,450,1.5197,0.95247
1316,83,643,450,2.1406,0.93075
1316,89.5,643,450,2.9614,0.91023
1316,96,643,450,-2.3663,0.89178
1316,102.5,643,450,-1.6126,0.54001
1316,109,643,450,-0.0069095,0.89673
1316,115.5,643,450,1.3059,0.65998
1316,122,643,450,1.9473,0.74836
1316,128.5,643,450,2.8703,0.86924
1316,135,643,450,-2.6936,0.74175
1316,141.5,643,450,-2.263,0.61629
1316,148,643,450,-1.7299,0.86028
1316,154.5,643,450,-1.4356,0.6047
1316,161,643,450,-0.7216,0.88036
1316,167.5,643,450,-0.12017,0.77881
1316,174,643,450,0.13985,0.2137
1316,180.5,643,450,0.37976,0.56798
1316,187,643,450,0.55482,0.32658
1316,193.5,643,450,0.90679,0.88593
1316,200,643,450,1.4019,0.8932
1367,5,643,450,-0.32752,0.96353
1367,11.5,643,450,-0.32752,0.96353
1367,18,643,450,-0.28671,0.9638
1367,24.5,643,450,-0.23915,0.96433
1367,31,643,450,-0.16738,0.96534
1367,37.5,643,450,-0.079579,0.96629
1367,44,643,450,0.040593,0.96768
1367,50.5,643,450,0.20205,0.96906
1367,57,643,450,0.4476,0.96883
1367,63.5,643,450,0.69665,0.96564
1367,70,643,450,1.063,0.95791
1367,76.5,643,450,1.5859,0.94163
1367,83,643,450,2.2271,0.92731
1367,89.5,643,450,3.0835,0.91873
1367,96,643,450,-2.2046,0.89804
1367,102.5,643,450,-1.3745,0.52436
1367,109,643,450,0.14919,0.86173
1367,115.5,643,450,1.303,0.72765
1367,122,643,450,2.2526,0.88334
1367,128.5,643,450,3.1373,0.72824
1367,135,643,450,-2.5652,0.56401
1367,141.5,643,450,-2.0568,0.81808
1367,148,643,450,-1.3636,0.6963
1367,154.5,643,450,-1.1683,0.45188
1367,161,643,450,-0.47455,0.5998
1367,167.5,643,450,0.36119,0.54985
1367,174,643,450,0.25394,0.20302
1367,180.5,643,450,0.88679,0.29748
1367,187,643,450,0.58992,0.53454
1367,193.5,643,450,1.3896,0.94057
1367,200,643,450,1.9038,0.92299
1418,5,643,450,-0.33061,0.96032
1418,11.5,643,450,-0.33061,0.96032
1418,18,643,450,-0.28834,0.96103
1418,24.5,643,450,-0.23892,0.96175
1418,31,643,450,-0.16433,0.96281
1418,37.5,643,450,-0.073111,0.96395
1418,44,643,450,0.051863,0.96508
1418,50.5,643,450,0.21942,0.96525
1418,57,643,450,0.47366,0.96272
1418,63.5,643,450,0.73072,0.95762
1418,70,643,450,1.1079,0.94949
1418,76.5,643,450,1.6474,0.93963
1418,83,643,450,2.3157,0.93567
1418,89.5,643,450,-3.0717,0.92857
1418,96,643,450,-2.04,0.89961
1418,102.5,643,450,-1.0612,0.52013
1418,109,643,450,0.29915,0.82886
1418,115.5,643,450,1.5374,0.88949
1418,122,643,450,2.4902,0.79001
1418,128.5,643,450,-2.9658,0.56632
1418,135,643,450,-2.4489,0.66124
1418,141.5,643,450,-1.6148,0.63579
1418,148,643,450,-1.1307,0.42919
1418,154.5,643,450,-0.8339,0.33501
1418,161,643,450,-0.17812,0.53135
1418,167.5,643,450,0.83559,0.32163
1418,174,643,450,0.98081,0.28668
1418,180.5,643,450,1.2156,0.13142
1418,187,643,450,1.2717,0.58378
1418,193.5,643,450,2.0603,0.64178
1418,200,643,450,2.2688,0.62995
1469,5,643,450,-0.33562,0.95757
1469,11.5,643,450,-0.33562,0.95757
1469,18,643,450,-0.29182,0.95842
1469,24.5,643,450,-0.24041,0.95927
1469,31,643,450,-0.16309,0.95967
1469,37.5,643,450,-0.068488,0.9605
1469,44,643,450,0.061022,0.96104
1469,50.5,643,450,0.23409,0.96026
1469,57,643,450,0.49604,0.95719
1469,63.5,643,450,0.76066,0.95304
1469,70,643,450,1.1502,0.94977
1469,76.5,643,450,1.7111,0.94879
1469,83,643,450,2.4107,0.94595
1469,89.5,643,450,-2.9411,0.92579
1469,96,643,450,-1.8767,0.8946
1469,102.5,643,450,-0.68972,0.58907
1469,109,643,450,0.50878,0.79629
1469,115.5,643,450,1.737,0.77473
1469,122,643,450,2.6873,0.68482
1469,128.5,643,450,-2.8064,0.40862
1469,135,643,450,-2.0557,0.55993
1469,141.5,643,450,-1.2708,0.39753
1469,148,643,450,-0.83218,0.29415
1469,154.5,643,450,-0.22495,0.35047
1469,161,643,450,0.60549,0.17077
1469,167.5,643,450,1.4252,0.066066
1469,174,643,450,1.0337,0.16576
1469,180.5,643,450,1.7888,0.09057
1469,187,643,450,2.0333,0.40638
1469,193.5,643,450,2.6669,0.21558
1469,200,643,450,2.6857,0.36922
