500,5,656,450,-0.22803,0.95519
500,11.5,656,450,-0.22803,0.95519
500,18,656,450,-0.21227,0.95617
500,24.5,656,450,-0.19538,0.9573
500,31,656,450,-0.16737,0.95867
500,37.5,656,450,-0.13453,0.96043
500,44,656,450,-0.092557,0.96252
500,50.5,656,450,-0.033925,0.96493
500,57,656,450,0.054035,0.96722
500,63.5,656,450,0.14181,0.96825
500,70,656,450,0.26441,0.96893
500,76.5,656,450,0.43739,0.96688
500,83,656,450,0.64241,0.9621
500,89.5,656,450,0.9176,0.95464
500,96,656,450,1.256,0.94717
500,102.5,656,450,1.7679,0.94024
500,109,656,450,2.5335,0.839
500,115.5,656,450,2.38,0.37498
500,122,656,450,2.9169,0.5415
500,128.5,656,450,-2.8298,0.63166
500,135,656,450,-2.4471,0.66687
500,141.5,656,450,-2.1407,0.68556
500,148,656,450,-1.8729,0.68494
500,154.5,656,450,-1.7108,0.53921
500,161,656,450,-1.4579,0.7833
500,167.5,656,450,-1.1651,0.68866
500,174,656,450,-0.87181,0.33189
500,180.5,656,450,-1.4878,0.22562
500,187,656,450,-1.4512,0.55508
500,193.5,656,450,-1.1953,0.71788
500,200,656,450,-0.9914,0.77694
551,5,656,450,-0.23284,0.95369
551,11.5,656,450,-0.23284,0.95369
551,18,656,450,-0.21545,0.95445
551,24.5,656,450,-0.19656,0.95531
551,31,656,450,-0.16591,0.9561
551,37.5,656,450,-0.12976,0.95726
551,44,656,450,-0.083208,0.95851
551,50.5,656,450,-0.018882,0.9597
551,57,656,450,0.077333,0.96043
551,63.5,656,450,0.17342,0.96039
551,70,656,450,0.30812,0.95983
551,76.5,656,450,0.49768,0.95763
551,83,656,450,0.7239,0.95534
551,89.5,656,450,1.0285,0.95126
551,96,656,450,1.402,0.94794
551,102.5,656,450,1.9464,0.93854
551,109,656,450,2.7284,0.85282
551,115.5,656,450,2.7876,0.62349
551,122,656,450,-2.9777,0.72633
551,128.5,656,450,-2.4935,0.80239
551,135,656,450,-2.105,0.85626
551,141.5,656,450,-1.7711,0.88843
551,148,656,450,-1.4618,0.84464
551,154.5,656,450,-1.1817,0.82143
551,161,656,450,-0.70867,0.50837
551,167.5,656,450,-1.2813,0.17689
551,174,656,450,-1.0827,0.39821
551,180.5,656,450,-1.1398,0.72686
551,187,656,450,-0.86758,0.80133
551,193.5,656,450,-0.66173,0.81194
551,200,656,450,-0.47844,0.81328
602,5,656,450,-0.24461,0.95559
602,11.5,656,450,-0.24461,0.95559
602,18,656,450,-0.22573,0.95588
602,24.5,656,450,-0.20509,0.95618
602,31,656,450,-0.17212,0.9564
602,37.5,656,450,-0.13302,0.95688
602,44,656,450,-0.082367,0.95735
602,50.5,656,450,-0.012905,0.95788
602,57,656,450,0.090954,0.95829
602,63.5,656,450,0.19489,0.95844
602,70,656,450,0.3413,0.95907
602,76.5,656,450,0.54854,0.95992
602,83,656,450,0.79791,0.96126
602,89.5,656,450,1.1328,0.95938
602,96,656,450,1.5385,0.95058
602,102.5,656,450,2.0979,0.9298
602,109,656,450,2.838,0.82082
602,115.5,656,450,3.1397,0.8518
602,122,656,450,-2.6363,0.89902
602,128.5,656,450,-2.1523,0.92653
602,135,656,450,-1.7243,0.88161
602,141.5,656,450,-1.4868,0.60251
602,148,656,450,-1.2734,0.78607
602,154.5,656,450,-0.88976,0.76959
602,161,656,450,-1.2401,0.23848
602,167.5,656,450,-0.81488,0.5221
602,174,656,450,-1.2261,0.37985
602,180.5,656,450,-0.67761,0.92639
602,187,656,450,-0.44785,0.93342
602,193.5,656,450,-0.24311,0.9326
602,200,656,450,-0.045759,0.92739
653,5,656,450,-0.24836,0.95925
653,11.5,656,450,-0.24836,0.95925
653,18,656,450,-0.22821,0.95931
653,24.5,656,450,-0.20605,0.9592
653,31,656,450,-0.17094,0.95934
653,37.5,656,450,-0.12912,0.95968
653,44,656,450,-0.074578,0.96015
653,50.5,656,450,-1.6902e-05,0.9612
653,57,656,450,0.11186,0.96294
653,63.5,656,450,0.22408,0.96452
653,70,656,450,0.3835,0.96752
653,76.5,656,450,0.61018,0.97129
653,83,656,450,0.88422,0.97326
653,89.5,656,450,1.2499,0.9688
653,96,656,450,1.6834,0.95298
653,102.5,656,450,2.258,0.93372
653,109,656,450,2.8358,0.86874
653,115.5,656,450,-2.8419,0.9359
653,122,656,450,-2.3371,0.93194
653,128.5,656,450,-1.8266,0.80563
653,135,656,450,-1.6761,0.56127
653,141.5,656,450,-1.3752,0.81959
653,148,656,450,-1.0439,0.84064
653,154.5,656,450,-0.69452,0.73797
653,161,656,450,-0.59532,0.80572
653,167.5,656,450,-0.14838,0.41536
653,174,656,450,-0.63421,0.66844
653,180.5,656,450,-0.19618,0.90717
653,187,656,450,0.041936,0.91499
653,193.5,656,450,0.28609,0.88144
653,200,656,450,0.51365,0.76637
704,5,656,450,-0.25066,0.96145
704,11.5,656,450,-0.25066,0.96145
704,18,656,450,-0.22932,0.96162
704,24.5,656,450,-0.20569,0.96172
704,31,656,450,-0.16832,0.96233
704,37.5,656,450,-0.12367,0.96317
704,44,656,450,-0.06501,0.96439
704,50.5,656,450,0.015161,0.96661
704,57,656,450,0.13586,0.9699
704,63.5,656,450,0.25725,0.97263
704,70,656,450,0.4308,0.97653
704,76.5,656,450,0.67774,0.97923
704,83,656,450,0.9756,0.97724
704,89.5,656,450,1.3701,0.96685
704,96,656,450,1.8312,0.95097
704,102.5,656,450,2.4424,0.93978
704,109,656,450,2.9831,0.89621
704,115.5,656,450,-2.6183,0.90923
704,122,656,450,-2.1093,0.85489
704,128.5,656,450,-1.8768,0.53189
704,135,656,450,-1.4499,0.90667
704,141.5,656,450,-1.0614,0.91273
704,148,656,450,-0.70442,0.87193
704,154.5,656,450,-0.38862,0.59512
704,161,656,450,0.031142,0.79533
704,167.5,656,450,0.10523,0.116
704,174,656,450,-0.14018,0.58034
704,180.5,656,450,0.32238,0.68441
704,187,656,450,0.62874,0.55699
704,193.5,656,450,0.26687,0.47673
704,200,656,450,0.60624,0.8125
755,5,656,450,-0.25289,0.96027
755,11.5,656,450,-0.25289,0.96027
755,18,656,450,-0.23019,0.9608
755,24.5,656,450,-0.20489,0.96148
755,31,656,450,-0.16496,0.96269
755,37.5,656,450,-0.11715,0.96418
755,44,656,450,-0.05393,0.96616
755,50.5,656,450,0.032396,0.96902
755,57,656,450,0.16251,0.97242
755,63.5,656,450,0.29324,0.97462
755,70,656,450,0.48091,0.97649
755,76.5,656,450,0.74678,0.97471
755,83,656,450,1.0656,0.96749
755,89.5,656,450,1.4864,0.95607
755,96,656,450,1.9789,0.94543
755,102.5,656,450,2.6487,0.92715
755,109,656,450,3.0807,0.87026
755,115.5,656,450,-2.4375,0.85962
755,122,656,450,-1.9109,0.69795
755,128.5,656,450,-1.5989,0.94225
755,135,656,450,-1.0977,0.90687
755,141.5,656,450,-0.64914,0.81237
755,148,656,450,-0.21765,0.59729
755,154.5,656,450,-0.44221,0.28508
755,161,656,450,0.55739,0.50027
755,167.5,656,450,-0.14978,0.15237
755,174,656,450,0.38761,0.54757
755,180.5,656,450,0.98445,0.37681
755,187,656,450,0.56773,0.049348
755,193.5,656,450,0.66089,0.86747
755,200,656,450,1.1467,0.96206
806,5,656,450,-0.2562,0.95676
806,11.5,656,450,-0.2562,0.95676
806,18,656,450,-0.23196,0.95764
806,24.5,656,450,-0.20467,0.95874
806,31,656,450,-0.16199,0.96012
806,37.5,656,450,-0.11077,0.96182
806,44,656,450,-0.042767,0.96385
806,50.5,656,450,0.049686,0.96607
806,57,656,450,0.18883,0.96795
806,63.5,656,450,0.32826,0.96853
806,70,656,450,0.52833,0.96774
806,76.5,656,450,0.81039,0.96313
806,83,656,450,1.1486,0.95621
806,89.5,656,450,1.5971,0.94998
806,96,656,450,2.1279,0.94341
806,102.5,656,450,2.8574,0.9017
806,109,656,450,-3.071,0.85742
806,115.5,656,450,-2.2155,0.82273
806,122,656,450,-1.9655,0.75466
806,128.5,656,450,-1.2484,0.83956
806,135,656,450,-0.72533,0.73883
806,141.5,656,450,-0.23412,0.55066
806,148,656,450,0.18995,0.32037
806,154.5,656,450,-0.34891,0.25823
806,161,656,450,1.0075,0.19453
806,167.5,656,450,0.37686,0.44399
806,174,656,450,1.4776,0.17427
806,180.5,656,450,1.0612,0.12969
806,187,656,450,0.56728,0.48742
806,193.5,656,450,1.3513,0.83712
806,200,656,450,1.7965,0.83071
857,5,656,450,-0.26105,0.95419
857,11.5,656,450,-0.26105,0.95419
857,18,656,450,-0.23521,0.95516
857,24.5,656,450,-0.20586,0.956
857,31,656,450,-0.16047,0.957
857,37.5,656,450,-0.1059,0.95832
857,44,656,450,-0.033316,0.95967
857,50.5,656,450,0.064841,0.96082
857,57,656,450,0.21214,0.96119
857,63.5,656,450,0.35939,0.96068
857,70,656,450,0.57056,0.95932
857,76.5,656,450,0.86878,0.95705
857,83,656,450,1.2284,0.95693
857,89.5,656,450,1.7085,0.9558
857,96,656,450,2.2773,0.94522
857,102.5,656,450,3.0552,0.89283
857,109,656,450,-2.845,0.82041
857,115.5,656,450,-1.7639,0.61783
857,122,656,450,-1.6586,0.78105
857,128.5,656,450,-0.92654,0.68604
857,135,656,450,-0.35276,0.56148
857,141.5,656,450,0.19952,0.41208
857,148,656,450,0.79451,0.26585
857,154.5,656,450,1.2844,0.03614
857,161,656,450,0.84269,0.01783
857,167.5,656,450,0.47419,0.087375
857,174,656,450,1.1258,0.33054
857,180.5,656,450,1.6821,0.049872
857,187,656,450,1.4493,0.49985
857,193.5,656,450,2.0762,0.59612
857,200,656,450,2.535,0.48204
908,5,656,450,-0.26633,0.95494
908,11.5,656,450,-0.26633,0.95494
908,18,656,450,-0.23895,0.9555
908,24.5,656,450,-0.20777,0.95572
908,31,656,450,-0.15991,0.95617
908,37.5,656,450,-0.1023,0.95688
908,44,656,450,-0.025539,0.95752
908,50.5,656,450,0.077754,0.95809
908,57,656,450,0.23261,0.95848
908,63.5,656,450,0.38763,0.95862
908,70,656,450,0.61086,0.95977
908,76.5,656,450,0.9275,0.96273
908,83,656,450,1.3125,0.9672
908,89.5,656,450,1.8265,0.96557
908,96,656,450,2.4279,0.94902
908,102.5,656,450,-3.0324,0.91564
908,109,656,450,-2.5533,0.76795
908,115.5,656,450,-2.2731,0.10458
908,122,656,450,-1.3825,0.72599
908,128.5,656,450,-0.55956,0.60384
908,135,656,450,0.16648,0.51384
908,141.5,656,450,1.0169,0.40256
908,148,656,450,2.1638,0.24583
908,154.5,656,450,-1.7616,0.31215
908,161,656,450,0.082194,0.054235
908,167.5,656,450,1.1086,0.41631
908,174,656,450,1.9626,0.44021
908,180.5,656,450,1.5847,0.12165
908,187,656,450,2.3611,0.57115
908,193.5,656,450,2.9524,0.59785
908,200,656,450,-2.518,0.13895
959,5,656,450,-0.27866,0.95815
959,11.5,656,450,-0.27866,0.95815
959,18,656,450,-0.2498,0.95833
959,24.5,656,450,-0.2172,0.95824
959,31,656,450,-0.16714,0.95839
959,37.5,656,450,-0.10672,0.95883
959,44,656,450,-0.026004,0.95938
959,50.5,656,450,0.08242,0.96052
959,57,656,450,0.24517,0.9626
959,63.5,656,450,0.40898,0.96477
959,70,656,450,0.64599,0.96868
959,76.5,656,450,0.98359,0.97369
959,83,656,450,1.3945,0.97518
959,89.5,656,450,1.9397,0.96546
959,96,656,450,2.5726,0.94795
959,102.5,656,450,-2.8357,0.93635
959,109,656,450,-2.1857,0.70847
959,115.5,656,450,-2.1237,0.37336
959,122,656,450,-1.0311,0.68813
959,128.5,656,450,-0.025379,0.60719
959,135,656,450,0.99278,0.45678
959,141.5,656,450,2.1498,0.22339
959,148,656,450,-2.7316,0.064924
959,154.5,656,450,-0.66215,0.27468
959,161,656,450,1.0923,0.061955
959,167.5,656,450,1.9298,0.45498
959,174,656,450,2.6367,0.49847
959,180.5,656,450,2.8965,0.70814
959,187,656,450,-2.7944,0.73764
959,193.5,656,450,-1.9984,0.66761
959,200,656,450,-2.6448,0.0017378
1010,5,656,450,-0.28115,0.96094
1010,11.5,656,450,-0.28115,0.96094
1010,18,656,450,-0.25128,0.9611
1010,24.5,656,450,-0.21708,0.96133
1010,31,656,450,-0.16483,0.9617
1010,37.5,656,450,-0.10158,0.96242
1010,44,656,450,-0.016743,0.96358
1010,50.5,656,450,0.097326,0.96588
1010,57,656,450,0.26915,0.96961
1010,63.5,656,450,0.44248,0.97284
1010,70,656,450,0.69427,0.97676
1010,76.5,656,450,1.0525,0.97734
1010,83,656,450,1.4863,0.97029
1010,89.5,656,450,2.0571,0.95458
1010,96,656,450,2.7216,0.94271
1010,102.5,656,450,-2.6436,0.92748
1010,109,656,450,-1.8154,0.69677
1010,115.5,656,450,-1.6595,0.47241
1010,122,656,450,-0.53063,0.65252
1010,128.5,656,450,0.68342,0.53136
1010,135,656,450,1.842,0.27606
1010,141.5,656,450,3.0742,0.037897
1010,148,656,450,1.2372,0.03454
1010,154.5,656,450,1.1964,0.10761
1010,161,656,450,-3.0013,0.054629
1010,167.5,656,450,2.7299,0.41939
1010,174,656,450,-2.8582,0.55498
1010,180.5,656,450,-2.46,0.65759
1010,187,656,450,-1.9505,0.67417
1010,193.5,656,450,-0.58196,0.26088
1010,200,656,450,-3.0829,0.23741
1061,5,656,450,-0.28317,0.96097
1061,11.5,656,450,-0.28317,0.96097
1061,18,656,450,-0.25186,0.96161
1061,24.5,656,450,-0.21602,0.96215
1061,31,656,450,-0.16135,0.96311
1061,37.5,656,450,-0.095047,0.96438
1061,44,656,450,-0.0056965,0.96624
1061,50.5,656,450,0.11455,0.96911
1061,57,656,450,0.2959,0.9727
1061,63.5,656,450,0.47876,0.97475
1061,70,656,450,0.74434,0.97521
1061,76.5,656,450,1.1202,0.96933
1061,83,656,450,1.5723,0.95789
1061,89.5,656,450,2.1682,0.94682
1061,96,656,450,2.867,0.94083
1061,102.5,656,450,-2.4683,0.91197
1061,109,656,450,-1.4763,0.77542
1061,115.5,656,450,-1.1206,0.49859
1061,122,656,450,0.04259,0.5651
1061,128.5,656,450,1.2844,0.42552
1061,135,656,450,2.4435,0.11824
1061,141.5,656,450,1.4324,0.11819
1061,148,656,450,2.4088,0.46875
1061,154.5,656,450,2.6232,0.22733
1061,161,656,450,-1.9953,0.099393
1061,167.5,656,450,-2.7999,0.42062
1061,174,656,450,-2.7043,0.45233
1061,180.5,656,450,-1.9201,0.71559
1061,187,656,450,-1.2948,0.62481
1061,193.5,656,450,-2.7093,0.067122
1061,200,656,450,-1.681,0.67105
1112,5,656,450,-0.28637,0.95813
1112,11.5,656,450,-0.28637,0.95813
1112,18,656,450,-0.25318,0.95914
1112,24.5,656,450,-0.21553,0.96
1112,31,656,450,-0.15816,0.96136
1112,37.5,656,450,-0.088552,0.96293
1112,44,656,450,0.0055183,0.96487
1112,50.5,656,450,0.13191,0.96711
1112,57,656,450,0.32222,0.96878
1112,63.5,656,450,0.51341,0.96855
1112,70,656,450,0.79041,0.96578
1112,76.5,656,450,1.1812,0.95922
1112,83,656,450,1.6527,0.95363
1112,89.5,656,450,2.2789,0.95164
1112,96,656,450,3.0146,0.94451
1112,102.5,656,450,-2.2942,0.91823
1112,109,656,450,-1.1774,0.87494
1112,115.5,656,450,-0.60776,0.52212
1112,122,656,450,0.52601,0.52864
1112,128.5,656,450,1.7531,0.38702
1112,135,656,450,1.5688,0.094373
1112,141.5,656,450,2.3629,0.56563
1112,148,656,450,3.1393,0.63083
1112,154.5,656,450,3.049,0.50786
1112,161,656,450,-2.0481,0.073968
1112,167.5,656,450,-2.1568,0.51305
1112,174,656,450,-2.022,0.82297
1112,180.5,656,450,-1.3175,0.74792
1112,187,656,450,-1.5559,0.17215
1112,193.5,656,450,-1.2003,0.76613
1112,200,656,450,-0.69111,0.84529
1163,5,656,450,-0.2914,0.95785
1163,11.5,656,450,-0.2914,0.95785
1163,18,656,450,-0.25704,0.95869
1163,24.5,656,450,-0.21746,0.95962
1163,31,656,450,-0.15731,0.96077
1163,37.5,656,450,-0.084336,0.96208
1163,44,656,450,0.014296,0.96339
1163,50.5,656,450,0.14633,0.96437
1163,57,656,450,0.34452,0.9643
1163,63.5,656,450,0.54308,0.9631
1163,70,656,450,0.83102,0.96128
1163,76.5,656,450,1.2379,0.96004
1163,83,656,450,1.7333,0.96195
1163,89.5,656,450,2.3941,0.96221
1163,96,656,450,-3.1196,0.94668
1163,102.5,656,450,-2.1092,0.93247
1163,109,656,450,-0.94107,0.9339
1163,115.5,656,450,-0.1925,0.60646
1163,122,656,450,0.92293,0.62661
1163,128.5,656,450,2.0835,0.22711
1163,135,656,450,2.1354,0.51889
1163,141.5,656,450,2.8898,0.64652
1163,148,656,450,-2.8223,0.63272
1163,154.5,656,450,-2.7562,0.87761
1163,161,656,450,-2.3053,0.62755
1163,167.5,656,450,-1.5699,0.56507
1163,174,656,450,-1.2385,0.81797
1163,180.5,656,450,-1.3154,0.31229
1163,187,656,450,-1.0637,0.74124
1163,193.5,656,450,-0.58842,0.8061
1163,200,656,450,-0.081864,0.79993
1214,5,656,450,-0.29678,0.95695
1214,11.5,656,450,-0.29678,0.95695
1214,18,656,450,-0.26082,0.95767
1214,24.5,656,450,-0.21939,0.95837
1214,31,656,450,-0.15667,0.95898
1214,37.5,656,450,-0.08055,0.95986
1214,44,656,450,0.022293,0.96054
1214,50.5,656,450,0.15947,0.96102
1214,57,656,450,0.3651,0.96127
1214,63.5,656,450,0.57108,0.96153
1214,70,656,450,0.8715,0.96325
1214,76.5,656,450,1.2982,0.96765
1214,83,656,450,1.8202,0.97223
1214,89.5,656,450,2.5135,0.96606
1214,96,656,450,-2.9686,0.94729
1214,102.5,656,450,-1.9069,0.93813
1214,109,656,450,-0.77079,0.93179
1214,115.5,656,450,0.15837,0.77647
1214,122,656,450,1.3291,0.76884
1214,128.5,656,450,1.7799,0.3682
1214,135,656,450,2.5609,0.66893
1214,141.5,656,450,-3.1061,0.74067
1214,148,656,450,-2.5582,0.77833
1214,154.5,656,450,-2.2817,0.92356
1214,161,656,450,-1.6352,0.95044
1214,167.5,656,450,-1.2358,0.82666
1214,174,656,450,-1.0761,0.1481
1214,180.5,656,450,-0.88334,0.21538
1214,187,656,450,-0.63045,0.8875
1214,193.5,656,450,-0.18683,0.8945
1214,200,656,450,0.15999,0.51635
1265,5,656,450,-0.30158,0.95929
1265,11.5,656,450,-0.30158,0.95929
1265,18,656,450,-0.26416,0.95973
1265,24.5,656,450,-0.22099,0.96009
1265,31,656,450,-0.15601,0.96026
1265,37.5,656,450,-0.07699,0.9608
1265,44,656,450,0.029878,0.96139
1265,50.5,656,450,0.1722,0.96249
1265,57,656,450,0.38594,0.96473
1265,63.5,656,450,0.60083,0.9675
1265,70,656,450,0.91572,0.97216
1265,76.5,656,450,1.364,0.9767
1265,83,656,450,1.9118,0.97423
1265,89.5,656,450,2.6329,0.95898
1265,96,656,450,-2.8187,0.94485
1265,102.5,656,450,-1.706,0.91662
1265,109,656,450,-0.64682,0.9264
1265,115.5,656,450,0.48363,0.91664
1265,122,656,450,1.7345,0.69766
1265,128.5,656,450,2.0944,0.66926
1265,135,656,450,2.8557,0.82098
1265,141.5,656,450,-2.7807,0.89314
1265,148,656,450,-2.1302,0.7602
1265,154.5,656,450,-1.883,0.85514
1265,161,656,450,-1.5184,0.77733
1265,167.5,656,450,-0.76697,0.78504
1265,174,656,450,-0.78066,0.69435
1265,180.5,656,450,-0.84027,0.63358
1265,187,656,450,-0.15949,0.94736
1265,193.5,656,450,0.28982,0.94713
1265,200,656,450,0.72171,0.88309
1316,5,656,450,-0.31386,0.96277
1316,11.5,656,450,-0.31386,0.96277
1316,18,656,450,-0.27513,0.96293
1316,24.5,656,450,-0.23035,0.96319
1316,31,656,450,-0.1632,0.96348
1316,37.5,656,450,-0.081331,0.96408
1316,44,656,450,0.029693,0.96517
1316,50.5,656,450,0.17769,0.96744
1316,57,656,450,0.40067,0.97134
1316,63.5,656,450,0.62572,0.97491
1316,70,656,450,0.95528,0.97802
1316,76.5,656,450,1.4239,0.97674
1316,83,656,450,1.9918,0.9647
1316,89.5,656,450,2.7364,0.95051
1316,96,656,450,-2.6798,0.94245
1316,102.5,656,450,-1.5328,0.90077
1316,109,656,450,-0.51123,0.92677
1316,115.5,656,450,0.73782,0.9345
1316,122,656,450,1.6446,0.32832
1316,128.5,656,450,2.3873,0.86129
1316,135,656,450,-3.1005,0.91961
1316,141.5,656,450,-2.3787,0.76312
1316,148,656,450,-2.067,0.32654
1316,154.5,656,450,-1.4564,0.73949
1316,161,656,450,-1.208,0.97841
1316,167.5,656,450,-0.73252,0.66635
1316,174,656,450,-0.085497,0.8542
1316,180.5,656,450,-0.21067,0.62196
1316,187,656,450,0.39857,0.73419
1316,193.5,656,450,0.4348,0.62403
1316,200,656,450,1.0101,0.87511
1367,5,656,450,-0.31575,0.96419
1367,11.5,656,450,-0.31575,0.96419
1367,18,656,450,-0.27573,0.96439
1367,24.5,656,450,-0.22936,0.96478
1367,31,656,450,-0.15984,0.96568
1367,37.5,656,450,-0.074991,0.96671
1367,44,656,450,0.040522,0.96841
1367,50.5,656,450,0.19463,0.97117
1367,57,656,450,0.42747,0.9749
1367,63.5,656,450,0.66209,0.97623
1367,70,656,450,1.0049,0.97473
1367,76.5,656,450,1.4896,0.96691
1367,83,656,450,2.0747,0.95608
1367,89.5,656,450,2.8474,0.95179
1367,96,656,450,-2.5327,0.94621
1367,102.5,656,450,-1.3419,0.91638
1367,109,656,450,-0.12624,0.62209
1367,115.5,656,450,0.93066,0.88566
1367,122,656,450,1.7104,0.84849
1367,128.5,656,450,2.7127,0.92036
1367,135,656,450,-2.7451,0.77613
1367,141.5,656,450,-2.143,0.34936
1367,148,656,450,-2.0248,0.81605
1367,154.5,656,450,-1.1398,0.82701
1367,161,656,450,-0.85279,0.93492
1367,167.5,656,450,-0.27397,0.91955
1367,174,656,450,0.57622,0.6381
1367,180.5,656,450,0.35274,0.50932
1367,187,656,450,1.0357,0.31765
1367,193.5,656,450,0.76799,0.89802
1367,200,656,450,1.4213,0.94009
1418,5,656,450,-0.31787,0.96241
1418,11.5,656,450,-0.31787,0.96241
1418,18,656,450,-0.27655,0.96294
1418,24.5,656,450,-0.22841,0.96357
1418,31,656,450,-0.15619,0.96488
1418,37.5,656,450,-0.068148,0.9663
1418,44,656,450,0.052034,0.96808
1418,50.5,656,450,0.21237,0.97019
1418,57,656,450,0.45406,0.97161
1418,63.5,656,450,0.69693,0.97015
1418,70,656,450,1.0506,0.96548
1418,76.5,656,450,1.5492,0.95868
1418,83,656,450,2.1548,0.95797
1418,89.5,656,450,2.9625,0.96166
1418,96,656,450,-2.3817,0.94849
1418,102.5,656,450,-1.1463,0.94156
1418,109,656,450,-0.58822,0.37658
1418,115.5,656,450,1.1008,0.82752
1418,122,656,450,2.0193,0.92996
1418,128.5,656,450,3.0219,0.79467
1418,135,656,450,-2.4301,0.50034
1418,141.5,656,450,-2.4197,0.61183
1418,148,656,450,-1.3922,0.73543
1418,154.5,656,450,-0.63052,0.71867
1418,161,656,450,-0.30012,0.63806
1418,167.5,656,450,0.14732,0.83794
1418,174,656,450,1.1337,0.33491
1418,180.5,656,450,1.2587,0.40321
1418,187,656,450,1.0424,0.072255
1418,193.5,656,450,1.3915,0.90318
1418,200,656,450,2.055,0.85088
1469,5,656,450,-0.32169,0.95916
1469,11.5,656,450,-0.32169,0.95916
1469,18,656,450,-0.27889,0.95985
1469,24.5,656,450,-0.22888,0.96078
1469,31,656,450,-0.15382,0.96182
1469,37.5,656,450,-0.062446,0.96322
1469,44,656,450,0.062279,0.96451
1469,50.5,656,450,0.22821,0.96539
1469,57,656,450,0.47758,0.96491
1469,63.5,656,450,0.72754,0.96288
1469,70,656,450,1.0917,0.95974
1469,76.5,656,450,1.607,0.96116
1469,83,656,450,2.2392,0.96848
1469,89.5,656,450,3.082,0.9668
1469,96,656,450,-2.2308,0.94862
1469,102.5,656,450,-0.94561,0.92903
1469,109,656,450,-0.42632,0.53881
1469,115.5,656,450,1.3124,0.52599
1469,122,656,450,2.2595,0.86761
1469,128.5,656,450,-2.9707,0.64298
1469,135,656,450,-2.5427,0.15185
1469,141.5,656,450,-1.7658,0.66921
1469,148,656,450,-0.86709,0.4188
1469,154.5,656,450,-0.17381,0.55541
1469,161,656,450,0.40478,0.32987
1469,167.5,656,450,0.79593,0.55661
1469,174,656,450,1.5382,0.095286
1469,180.5,656,450,1.0284,0.18236
1469,187,656,450,0.98135,0.17113
1469,193.5,656,450,2.1223,0.62489
1469,200,656,450,2.1496,0.14991
