500,25,635,260,-0.143,0.9591
500,30,635,260,-0.075159,0.96171
500,35,635,260,-0.0025958,0.96422
500,40,635,260,0.1036,0.96625
500,45,635,260,0.19796,0.96657
500,50,635,260,0.33198,0.96672
500,55,635,260,0.4794,0.96576
500,60,635,260,0.67971,0.96205
500,65,635,260,0.86789,0.95847
500,70,635,260,1.1026,0.95656
500,75,635,260,1.3378,0.95401
500,80,635,260,1.6244,0.94989
500,85,635,260,1.9687,0.94832
500,90,635,260,2.3099,0.94741
500,95,635,260,2.6202,0.94752
500,100,635,260,2.9747,0.95034
500,105,635,260,-2.9458,0.95846
500,110,635,260,-2.5681,0.96856
500,115,635,260,-2.2091,0.96478
500,120,635,260,-1.8053,0.93504
500,125,635,260,-1.4234,0.87924
500,130,635,260,-0.96841,0.80407
500,135,635,260,-0.54526,0.75036
500,140,635,260,-0.38975,0.7428
500,145,635,260,-0.20506,0.7491
500,150,635,260,-0.090476,0.75932
510,25,635,260,-0.15327,0.95735
510,30,635,260,-0.084323,0.95967
510,35,635,260,-0.010209,0.96176
510,40,635,260,0.097762,0.96329
510,45,635,260,0.19352,0.96328
510,50,635,260,0.32975,0.96303
510,55,635,260,0.47988,0.96191
510,60,635,260,0.68324,0.95842
510,65,635,260,0.8744,0.95566
510,70,635,260,1.114,0.95532
510,75,635,260,1.354,0.95392
510,80,635,260,1.6461,0.95165
510,85,635,260,1.9979,0.95274
510,90,635,260,2.3466,0.95292
510,95,635,260,2.6654,0.9529
510,100,635,260,3.0286,0.95964
510,105,635,260,-2.8828,0.96462
510,110,635,260,-2.4949,0.96863
510,115,635,260,-2.1272,0.95213
510,120,635,260,-1.7227,0.90578
510,125,635,260,-1.3427,0.84595
510,130,635,260,-0.89287,0.78213
510,135,635,260,-0.46953,0.75298
510,140,635,260,-0.31003,0.75718
510,145,635,260,-0.1164,0.78084
510,150,635,260,0.0047621,0.79982
520,25,635,260,-0.1472,0.95745
520,30,635,260,-0.076928,0.95948
520,35,635,260,-0.0013899,0.96125
520,40,635,260,0.10854,0.96238
520,45,635,260,0.206,0.9621
520,50,635,260,0.34457,0.96161
520,55,635,260,0.49733,0.96059
520,60,635,260,0.70427,0.95748
520,65,635,260,0.89906,0.95566
520,70,635,260,1.1436,0.95699
520,75,635,260,1.3886,0.95688
520,80,635,260,1.6872,0.95596
520,85,635,260,2.0472,0.95899
520,90,635,260,2.4054,0.96129
520,95,635,260,2.7313,0.96173
520,100,635,260,3.1053,0.96925
520,105,635,260,-2.7947,0.97169
520,110,635,260,-2.3973,0.96188
520,115,635,260,-2.0252,0.93599
520,120,635,260,-1.6197,0.87842
520,125,635,260,-1.2442,0.81983
520,130,635,260,-0.79513,0.77607
520,135,635,260,-0.36287,0.77661
520,140,635,260,-0.19571,0.79361
520,145,635,260,0.013391,0.83261
520,150,635,260,0.14552,0.85895
530,25,635,260,-0.15632,0.95595
530,30,635,260,-0.085012,0.95767
530,35,635,260,-0.0080152,0.95906
530,40,635,260,0.10358,0.95981
530,45,635,260,0.20239,0.95936
530,50,635,260,0.34308,0.95874
530,55,635,260,0.49854,0.95795
530,60,635,260,0.70865,0.95555
530,65,635,260,0.9066,0.95486
530,70,635,260,1.1566,0.958
530,75,635,260,1.4067,0.95912
530,80,635,260,1.7112,0.95979
530,85,635,260,2.0796,0.96244
530,90,635,260,2.4459,0.96546
530,95,635,260,2.7793,0.96712
530,100,635,260,-3.1209,0.97165
530,105,635,260,-2.7286,0.97017
530,110,635,260,-2.3242,0.94991
530,115,635,260,-1.9489,0.91253
530,120,635,260,-1.5462,0.85092
530,125,635,260,-1.1732,0.8004
530,130,635,260,-0.72214,0.77783
530,135,635,260,-0.27633,0.80633
530,140,635,260,-0.098509,0.83404
530,145,635,260,0.12732,0.88172
530,150,635,260,0.27038,0.90863
540,25,635,260,-0.15115,0.95624
540,30,635,260,-0.078581,0.95766
540,35,635,260,-0.0002275,0.95876
540,40,635,260,0.11324,0.95926
540,45,635,260,0.21371,0.95872
540,50,635,260,0.35671,0.95811
540,55,635,260,0.51485,0.95778
540,60,635,260,0.72867,0.95623
540,65,635,260,0.9305,0.95678
540,70,635,260,1.1859,0.96158
540,75,635,260,1.4414,0.96387
540,80,635,260,1.7528,0.96594
540,85,635,260,2.1297,0.97051
540,90,635,260,2.5051,0.97376
540,95,635,260,2.8473,0.9727
540,100,635,260,-3.0431,0.97372
540,105,635,260,-2.6422,0.96505
540,110,635,260,-2.2329,0.93131
540,115,635,260,-1.8551,0.89169
540,120,635,260,-1.4564,0.83275
540,125,635,260,-1.0834,0.7941
540,130,635,260,-0.62309,0.79769
540,135,635,260,-0.15264,0.85302
540,140,635,260,0.038949,0.88626
540,145,635,260,0.28478,0.93153
540,150,635,260,0.43931,0.94832
550,25,635,260,-0.1389,0.95683
550,30,635,260,-0.065116,0.95796
550,35,635,260,0.014563,0.95881
550,40,635,260,0.12988,0.95912
550,45,635,260,0.232,0.95857
550,50,635,260,0.37731,0.95807
550,55,635,260,0.53819,0.95833
550,60,635,260,0.75585,0.95776
550,65,635,260,0.96173,0.95964
550,70,635,260,1.2228,0.96598
550,75,635,260,1.4839,0.96926
550,80,635,260,1.8022,0.97236
550,85,635,260,2.1881,0.97694
550,90,635,260,2.5729,0.97903
550,95,635,260,2.9224,0.97616
550,100,635,260,-2.9573,0.97238
550,105,635,260,-2.55,0.95359
550,110,635,260,-2.138,0.91397
550,115,635,260,-1.7604,0.87307
550,120,635,260,-1.3627,0.82171
550,125,635,260,-0.98607,0.80151
550,130,635,260,-0.51047,0.83026
550,135,635,260,-0.0097174,0.90208
550,140,635,260,0.19715,0.93226
550,145,635,260,0.4601,0.95773
550,150,635,260,0.6223,0.95766
560,25,635,260,-0.14887,0.95558
560,30,635,260,-0.074138,0.95646
560,35,635,260,0.0068943,0.95706
560,40,635,260,0.1238,0.95731
560,45,635,260,0.22725,0.9569
560,50,635,260,0.3747,0.9567
560,55,635,260,0.53845,0.9577
560,60,635,260,0.75962,0.95841
560,65,635,260,0.96926,0.96167
560,70,635,260,1.2363,0.96921
560,75,635,260,1.5029,0.97314
560,80,635,260,1.8278,0.97669
560,85,635,260,2.2215,0.97998
560,90,635,260,2.6152,0.97862
560,95,635,260,2.9719,0.97389
560,100,635,260,-2.9017,0.96535
560,105,635,260,-2.4876,0.94034
560,110,635,260,-2.0749,0.89466
560,115,635,260,-1.6969,0.85758
560,120,635,260,-1.3002,0.81746
560,125,635,260,-0.91749,0.81302
560,130,635,260,-0.42316,0.86234
560,135,635,260,0.10801,0.93667
560,140,635,260,0.32648,0.95461
560,145,635,260,0.5992,0.95132
560,150,635,260,0.76339,0.93249
570,25,635,260,-0.14397,0.95634
570,30,635,260,-0.068067,0.957
570,35,635,260,0.01425,0.95746
570,40,635,260,0.13299,0.95773
570,45,635,260,0.23811,0.95752
570,50,635,260,0.38793,0.95771
570,55,635,260,0.55457,0.95954
570,60,635,260,0.77974,0.96132
570,65,635,260,0.99386,0.9659
570,70,635,260,1.2669,0.97437
570,75,635,260,1.5393,0.97871
570,80,635,260,1.8715,0.98243
570,85,635,260,2.2738,0.98431
570,90,635,260,2.6761,0.98122
570,95,635,260,3.0397,0.97202
570,100,635,260,-2.826,0.95477
570,105,635,260,-2.4087,0.9274
570,110,635,260,-1.9937,0.88067
570,115,635,260,-1.614,0.8485
570,120,635,260,-1.2145,0.82442
570,125,635,260,-0.82083,0.84045
570,130,635,260,-0.30028,0.90471
570,135,635,260,0.26259,0.95854
570,140,635,260,0.48962,0.95414
570,145,635,260,0.76404,0.91812
570,150,635,260,0.9253,0.88381
580,25,635,260,-0.15273,0.95553
580,30,635,260,-0.075922,0.95601
580,35,635,260,0.0077038,0.95637
580,40,635,260,0.12804,0.95678
580,45,635,260,0.23455,0.95687
580,50,635,260,0.38662,0.95758
580,55,635,260,0.55634,0.96032
580,60,635,260,0.78536,0.96345
580,65,635,260,1.0036,0.96908
580,70,635,260,1.2829,0.97789
580,75,635,260,1.561,0.98213
580,80,635,260,1.8997,0.985
580,85,635,260,2.3101,0.98408
580,90,635,260,2.7197,0.97728
580,95,635,260,3.0892,0.96512
580,100,635,260,-2.7717,0.94286
580,105,635,260,-2.3495,0.91296
580,110,635,260,-1.9364,0.86954
580,115,635,260,-1.5527,0.84493
580,120,635,260,-1.1468,0.83811
580,125,635,260,-0.74167,0.86846
580,130,635,260,-0.19336,0.93547
580,135,635,260,0.39154,0.95386
580,140,635,260,0.62045,0.92705
580,145,635,260,0.88915,0.8688
580,150,635,260,1.0446,0.8285
590,25,635,260,-0.14746,0.95655
590,30,635,260,-0.069529,0.95691
590,35,635,260,0.015365,0.95727
590,40,635,260,0.13755,0.95791
590,45,635,260,0.24579,0.95835
590,50,635,260,0.40033,0.95961
590,55,635,260,0.57316,0.96326
590,60,635,260,0.80658,0.96749
590,65,635,260,1.0295,0.97393
590,70,635,260,1.3149,0.98276
590,75,635,260,1.5988,0.98657
590,80,635,260,1.9447,0.98847
590,85,635,260,2.363,0.98472
590,90,635,260,2.7806,0.97292
590,95,635,260,-3.1277,0.95894
590,100,635,260,-2.6996,0.93303
590,105,635,260,-2.2756,0.90071
590,110,635,260,-1.8593,0.86352
590,115,635,260,-1.472,0.85136
590,120,635,260,-1.0552,0.86291
590,125,635,260,-0.63023,0.9059
590,130,635,260,-0.05389,0.95812
590,135,635,260,0.54443,0.9269
590,140,635,260,0.76963,0.88256
590,145,635,260,1.0274,0.81509
590,150,635,260,1.1758,0.77657
600,25,635,260,-0.14268,0.95777
600,30,635,260,-0.063617,0.95804
600,35,635,260,0.022554,0.95845
600,40,635,260,0.14664,0.95939
600,45,635,260,0.25665,0.96022
600,50,635,260,0.41374,0.96208
600,55,635,260,0.58981,0.96659
600,60,635,260,0.82771,0.97184
600,65,635,260,1.0553,0.97879
600,70,635,260,1.3469,0.98711
600,75,635,260,1.6367,0.99007
600,80,635,260,1.9895,0.99039
600,85,635,260,2.4153,0.98368
600,90,635,260,2.8402,0.96816
600,95,635,260,-3.0623,0.95117
600,100,635,260,-2.6311,0.92118
600,105,635,260,-2.2023,0.89254
600,110,635,260,-1.7837,0.86572
600,115,635,260,-1.3887,0.86517
600,120,635,260,-0.95693,0.89262
600,125,635,260,-0.5113,0.93911
600,130,635,260,0.087994,0.96208
600,135,635,260,0.68706,0.88414
600,140,635,260,0.90494,0.83319
600,145,635,260,1.1511,0.7697
600,150,635,260,1.2936,0.73903
