500,5,608,450,-0.25869,0.95243
500,11.5,608,450,-0.25869,0.95243
500,18,608,450,-0.24143,0.95322
500,24.5,608,450,-0.2227,0.95407
500,31,608,450,-0.19126,0.95456
500,37.5,608,450,-0.15389,0.95508
500,44,608,450,-0.10524,0.95564
500,50.5,608,450,-0.036344,0.95446
500,57,608,450,0.070343,0.94967
500,63.5,608,450,0.17975,0.94151
500,70,608,450,0.33728,0.92961
500,76.5,608,450,0.57234,0.90746
500,83,608,450,0.87851,0.88146
500,89.5,608,450,1.3407,0.85598
500,96,608,450,2.0687,0.73001
500,102.5,608,450,2.5432,0.22497
500,109,608,450,3.0053,0.35204
500,115.5,608,450,-2.6899,0.43464
500,122,608,450,-2.2842,0.519
500,128.5,608,450,-1.8988,0.61288
500,135,608,450,-1.5823,0.65178
500,141.5,608,450,-1.3087,0.63495
500,148,608,450,-1.0955,0.51494
500,154.5,608,450,-1.0423,0.41145
500,161,608,450,-1.0273,0.42603
500,167.5,608,450,-1.0161,0.5019
500,174,608,450,-0.87443,0.63654
500,180.5,608,450,-0.6745,0.68341
500,187,608,450,-0.52255,0.68674
500,193.5,608,450,-0.34634,0.64991
500,200,608,450,-0.15523,0.55126
551,5,608,450,-0.26476,0.95477
551,11.5,608,450,-0.26476,0.95477
551,18,608,450,-0.24586,0.95514
551,24.5,608,450,-0.22521,0.95549
551,31,608,450,-0.1911,0.95531
551,37.5,608,450,-0.15026,0.95505
551,44,608,450,-0.096679,0.95465
551,50.5,608,450,-0.021466,0.95247
551,57,608,450,0.094983,0.94696
551,63.5,608,450,0.21457,0.93857
551,70,608,450,0.38827,0.92733
551,76.5,608,450,0.64766,0.90826
551,83,608,450,0.98627,0.88722
551,89.5,608,450,1.4826,0.86903
551,96,608,450,2.2097,0.77427
551,102.5,608,450,2.6408,0.47241
551,109,608,450,-2.9595,0.66276
551,115.5,608,450,-2.3306,0.73025
551,122,608,450,-1.8972,0.73693
551,128.5,608,450,-1.5482,0.71495
551,135,608,450,-1.2695,0.69892
551,141.5,608,450,-0.97232,0.64792
551,148,608,450,-0.86081,0.33233
551,154.5,608,450,-0.96158,0.39796
551,161,608,450,-0.94973,0.54481
551,167.5,608,450,-0.74914,0.80487
551,174,608,450,-0.52656,0.8691
551,180.5,608,450,-0.30303,0.87706
551,187,608,450,-0.13047,0.8631
551,193.5,608,450,0.046825,0.78699
551,200,608,450,0.16726,0.73008
602,5,608,450,-0.2773,0.95912
602,11.5,608,450,-0.2773,0.95912
602,18,608,450,-0.25704,0.95917
602,24.5,608,450,-0.23468,0.95933
602,31,608,450,-0.19814,0.95899
602,37.5,608,450,-0.15415,0.95842
602,44,608,450,-0.096001,0.95781
602,50.5,608,450,-0.014676,0.95596
602,57,608,450,0.11166,0.9516
602,63.5,608,450,0.24202,0.94472
602,70,608,450,0.43277,0.93632
602,76.5,608,450,0.71879,0.92082
602,83,608,450,1.0909,0.90149
602,89.5,608,450,1.6175,0.88292
602,96,608,450,2.2964,0.82296
602,102.5,608,450,2.9432,0.80084
602,109,608,450,-2.6468,0.83879
602,115.5,608,450,-2.0524,0.77179
602,122,608,450,-1.6865,0.70409
602,128.5,608,450,-1.4046,0.71791
602,135,608,450,-1.1251,0.74809
602,141.5,608,450,-0.80605,0.69159
602,148,608,450,-0.78191,0.52816
602,154.5,608,450,-0.63981,0.53894
602,161,608,450,-0.57095,0.72909
602,167.5,608,450,-0.31102,0.89987
602,174,608,450,-0.083732,0.91724
602,180.5,608,450,0.14704,0.89185
602,187,608,450,0.30883,0.88935
602,193.5,608,450,0.51639,0.91111
602,200,608,450,0.7325,0.85908
653,5,608,450,-0.27974,0.96114
653,11.5,608,450,-0.27974,0.96114
653,18,608,450,-0.25817,0.96121
653,24.5,608,450,-0.23408,0.9617
653,31,608,450,-0.19499,0.96185
653,37.5,608,450,-0.1478,0.96175
653,44,608,450,-0.084895,0.96185
653,50.5,608,450,0.0030668,0.9612
653,57,608,450,0.14038,0.95854
653,63.5,608,450,0.28248,0.95295
653,70,608,450,0.4919,0.94565
653,76.5,608,450,0.80597,0.92916
653,83,608,450,1.2111,0.90533
653,89.5,608,450,1.7687,0.88174
653,96,608,450,2.4081,0.86861
653,102.5,608,450,-3.1031,0.8671
653,109,608,450,-2.4497,0.84079
653,115.5,608,450,-1.9311,0.74033
653,122,608,450,-1.6012,0.76922
653,128.5,608,450,-1.2317,0.83491
653,135,608,450,-0.90361,0.82021
653,141.5,608,450,-0.57501,0.84224
653,148,608,450,-0.31812,0.52738
653,154.5,608,450,-0.24892,0.41832
653,161,608,450,-0.15839,0.59387
653,167.5,608,450,0.1212,0.62358
653,174,608,450,0.29739,0.54716
653,180.5,608,450,0.36294,0.62422
653,187,608,450,0.58331,0.8109
653,193.5,608,450,0.85927,0.89097
653,200,608,450,1.1165,0.85953
704,5,608,450,-0.28276,0.95879
704,11.5,608,450,-0.28276,0.95879
704,18,608,450,-0.25968,0.95929
704,24.5,608,450,-0.23365,0.96019
704,31,608,450,-0.19166,0.96095
704,37.5,608,450,-0.14089,0.96156
704,44,608,450,-0.072741,0.96248
704,50.5,608,450,0.022494,0.96251
704,57,608,450,0.17135,0.95988
704,63.5,608,450,0.32558,0.95355
704,70,608,450,0.55329,0.94391
704,76.5,608,450,0.8934,0.92194
704,83,608,450,1.3287,0.89314
704,89.5,608,450,1.9223,0.86594
704,96,608,450,2.5492,0.72273
704,102.5,608,450,-2.9625,0.85818
704,109,608,450,-2.3365,0.8264
704,115.5,608,450,-1.8069,0.8641
704,122,608,450,-1.3678,0.8427
704,128.5,608,450,-0.96541,0.73104
704,135,608,450,-0.66074,0.63605
704,141.5,608,450,-0.29358,0.71954
704,148,608,450,-0.081386,0.37433
704,154.5,608,450,-0.016644,0.34253
704,161,608,450,0.236,0.43357
704,167.5,608,450,0.45008,0.36427
704,174,608,450,0.45142,0.36875
704,180.5,608,450,0.66693,0.739
704,187,608,450,1.0121,0.8977
704,193.5,608,450,1.3305,0.94348
704,200,608,450,1.6009,0.94719
755,5,608,450,-0.28821,0.95458
755,11.5,608,450,-0.28821,0.95458
755,18,608,450,-0.26344,0.95544
755,24.5,608,450,-0.23526,0.95646
755,31,608,450,-0.19018,0.95729
755,37.5,608,450,-0.13556,0.95812
755,44,608,450,-0.061901,0.95908
755,50.5,608,450,0.040609,0.95848
755,57,608,450,0.20048,0.95413
755,63.5,608,450,0.36583,0.94576
755,70,608,450,0.60985,0.93296
755,76.5,608,450,0.97304,0.90885
755,83,608,450,1.4376,0.88249
755,89.5,608,450,2.0751,0.85773
755,96,608,450,2.5522,0.57184
755,102.5,608,450,-2.837,0.84161
755,109,608,450,-2.1891,0.87281
755,115.5,608,450,-1.5746,0.77519
755,122,608,450,-1.1586,0.67562
755,128.5,608,450,-0.76705,0.53486
755,135,608,450,-0.45476,0.45162
755,141.5,608,450,-0.042513,0.41272
755,148,608,450,0.091552,0.30271
755,154.5,608,450,0.37194,0.345
755,161,608,450,0.7707,0.19936
755,167.5,608,450,0.71002,0.15651
755,174,608,450,0.71778,0.3272
755,180.5,608,450,1.2363,0.61109
755,187,608,450,1.6137,0.63171
755,193.5,608,450,1.9131,0.5671
755,200,608,450,2.0607,0.61399
806,5,608,450,-0.29519,0.95289
806,11.5,608,450,-0.29519,0.95289
806,18,608,450,-0.26864,0.95367
806,24.5,608,450,-0.2384,0.9544
806,31,608,450,-0.19036,0.95472
806,37.5,608,450,-0.13198,0.95511
806,44,608,450,-0.053043,0.95536
806,50.5,608,450,0.056166,0.95356
806,57,608,450,0.22595,0.94781
806,63.5,608,450,0.40136,0.93889
806,70,608,450,0.66089,0.92732
806,76.5,608,450,1.0474,0.90834
806,83,608,450,1.546,0.88899
806,89.5,608,450,2.2355,0.86269
806,96,608,450,2.6165,0.55242
806,102.5,608,450,-2.6437,0.78223
806,109,608,450,-2.0168,0.70998
806,115.5,608,450,-1.4105,0.62126
806,122,608,450,-0.95804,0.53927
806,128.5,608,450,-0.47008,0.38028
806,135,608,450,0.0075369,0.20886
806,141.5,608,450,-0.26565,0.18182
806,148,608,450,0.22651,0.20427
806,154.5,608,450,0.74592,0.22164
806,161,608,450,1.1019,0.1256
806,167.5,608,450,1.0971,0.10603
806,174,608,450,1.33,0.25092
806,180.5,608,450,1.9047,0.33126
806,187,608,450,2.1924,0.27353
806,193.5,608,450,2.1971,0.34263
806,200,608,450,2.4632,0.48934
857,5,608,450,-0.30156,0.95532
857,11.5,608,450,-0.30156,0.95532
857,18,608,450,-0.27331,0.95566
857,24.5,608,450,-0.24125,0.95612
857,31,608,450,-0.19058,0.95593
857,37.5,608,450,-0.12877,0.9557
857,44,608,450,-0.044995,0.9553
857,50.5,608,450,0.070352,0.95321
857,57,608,450,0.24979,0.94816
857,63.5,608,450,0.43575,0.94065
857,70,608,450,0.71215,0.93249
857,76.5,608,450,1.1257,0.91911
857,83,608,450,1.6632,0.90111
857,89.5,608,450,2.403,0.86663
857,96,608,450,2.7989,0.52162
857,102.5,608,450,-2.4059,0.43992
857,109,608,450,-1.8745,0.60064
857,115.5,608,450,-1.1741,0.50926
857,122,608,450,-0.55379,0.37126
857,128.5,608,450,0.097429,0.084586
857,135,608,450,-0.60861,0.033265
857,141.5,608,450,-0.14369,0.22581
857,148,608,450,0.53662,0.20286
857,154.5,608,450,1.3033,0.2073
857,161,608,450,1.9094,0.12481
857,167.5,608,450,1.9596,0.11587
857,174,608,450,2.4397,0.2512
857,180.5,608,450,3.0859,0.21929
857,187,608,450,-3.0902,0.081034
857,193.5,608,450,2.8502,0.1425
857,200,608,450,2.8803,0.40673
908,5,608,450,-0.30553,0.95937
908,11.5,608,450,-0.30553,0.95937
908,18,608,450,-0.27589,0.95947
908,24.5,608,450,-0.24207,0.95991
908,31,608,450,-0.18896,0.95971
908,37.5,608,450,-0.12394,0.95932
908,44,608,450,-0.035501,0.959
908,50.5,608,450,0.086202,0.95775
908,57,608,450,0.2762,0.9547
908,63.5,608,450,0.47376,0.94949
908,70,608,450,0.7693,0.94335
908,76.5,608,450,1.2135,0.92877
908,83,608,450,1.7854,0.90185
908,89.5,608,450,2.5711,0.85925
908,96,608,450,3.0738,0.48581
908,102.5,608,450,-2.4904,0.30613
908,109,608,450,-1.62,0.51398
908,115.5,608,450,-0.67395,0.32176
908,122,608,450,0.015563,0.046104
908,128.5,608,450,-0.76994,0.037442
908,135,608,450,-0.08735,0.064787
908,141.5,608,450,0.6561,0.12001
908,148,608,450,1.5523,0.10088
908,154.5,608,450,2.174,0.17581
908,161,608,450,2.9032,0.22396
908,167.5,608,450,-2.9201,0.32873
908,174,608,450,-2.3465,0.34371
908,180.5,608,450,-1.5542,0.17494
908,187,608,450,-1.3037,0.0043337
908,193.5,608,450,3.0444,0.10163
908,200,608,450,-2.573,0.30053
959,5,608,450,-0.31819,0.96109
959,11.5,608,450,-0.31819,0.96109
959,18,608,450,-0.28733,0.9611
959,24.5,608,450,-0.25154,0.96185
959,31,608,450,-0.19577,0.96216
959,37.5,608,450,-0.12745,0.9622
959,44,608,450,-0.034088,0.96256
959,50.5,608,450,0.094615,0.96234
959,57,608,450,0.29618,0.96023
959,63.5,608,450,0.50625,0.95464
959,70,608,450,0.82097,0.94584
959,76.5,608,450,1.2914,0.92321
959,83,608,450,1.8939,0.89023
959,89.5,608,450,2.718,0.85668
959,96,608,450,-2.8756,0.50142
959,102.5,608,450,-2.3003,0.30779
959,109,608,450,-1.1604,0.38292
959,115.5,608,450,0.09297,0.047926
959,122,608,450,-0.92915,0.033508
959,128.5,608,450,0.18391,0.054499
959,135,608,450,1.4531,0.079932
959,141.5,608,450,2.5469,0.14626
959,148,608,450,-2.9289,0.089307
959,154.5,608,450,-3.0761,0.17503
959,161,608,450,-2.5682,0.29562
959,167.5,608,450,-2.0562,0.41498
959,174,608,450,-1.5516,0.36835
959,180.5,608,450,-0.77226,0.086275
959,187,608,450,-2.4105,0.035853
959,193.5,608,450,-1.9606,0.21095
959,200,608,450,-1.6788,0.16545
1010,5,608,450,-0.32118,0.95872
1010,11.5,608,450,-0.32118,0.95872
1010,18,608,450,-0.28859,0.95932
1010,24.5,608,450,-0.25094,0.95996
1010,31,608,450,-0.19222,0.96075
1010,37.5,608,450,-0.12029,0.96131
1010,44,608,450,-0.021625,0.96218
1010,50.5,608,450,0.11441,0.96194
1010,57,608,450,0.32743,0.95843
1010,63.5,608,450,0.54908,0.9504
1010,70,608,450,0.88031,0.93712
1010,76.5,608,450,1.373,0.91046
1010,83,608,450,2.0029,0.8817
1010,89.5,608,450,2.8688,0.85954
1010,96,608,450,-2.4975,0.58804
1010,102.5,608,450,-1.8756,0.27316
1010,109,608,450,-0.47188,0.21331
1010,115.5,608,450,-0.57978,0.0056761
1010,122,608,450,0.19722,0.051851
1010,128.5,608,450,1.7468,0.12245
1010,135,608,450,2.716,0.21313
1010,141.5,608,450,-2.748,0.35334
1010,148,608,450,-2.1344,0.1672
1010,154.5,608,450,-2.4096,0.22509
1010,161,608,450,-2.0858,0.48776
1010,167.5,608,450,-1.5724,0.52468
1010,174,608,450,-1.1795,0.34281
1010,180.5,608,450,-1.3889,0.245
1010,187,608,450,-1.0926,0.44557
1010,193.5,608,450,-0.58521,0.35416
1010,200,608,450,-0.64188,0.15062
1061,5,608,450,-0.32614,0.9549
1061,11.5,608,450,-0.32614,0.9549
1061,18,608,450,-0.29202,0.95541
1061,24.5,608,450,-0.25229,0.95632
1061,31,608,450,-0.19053,0.95699
1061,37.5,608,450,-0.11483,0.95765
1061,44,608,450,-0.010759,0.95831
1061,50.5,608,450,0.13226,0.95704
1061,57,608,450,0.35551,0.95152
1061,63.5,608,450,0.58736,0.94187
1061,70,608,450,0.93313,0.92778
1061,76.5,608,450,1.4479,0.90719
1061,83,608,450,2.112,0.89021
1061,89.5,608,450,3.0257,0.87152
1061,96,608,450,-2.1362,0.7082
1061,102.5,608,450,-1.3612,0.24537
1061,109,608,450,0.18866,0.13503
1061,115.5,608,450,0.47338,0.041651
1061,122,608,450,1.5713,0.13173
1061,128.5,608,450,2.6372,0.26278
1061,135,608,450,-3.0418,0.31252
1061,141.5,608,450,-2.4415,0.5056
1061,148,608,450,-2.0838,0.28374
1061,154.5,608,450,-1.9436,0.51501
1061,161,608,450,-1.4841,0.65511
1061,167.5,608,450,-1.1375,0.52208
1061,174,608,450,-1.046,0.49823
1061,180.5,608,450,-0.67701,0.63967
1061,187,608,450,-0.28378,0.61814
1061,193.5,608,450,0.096721,0.27546
1061,200,608,450,0.095273,0.18102
1112,5,608,450,-0.33286,0.95377
1112,11.5,608,450,-0.33286,0.95377
1112,18,608,450,-0.29739,0.95382
1112,24.5,608,450,-0.25554,0.95467
1112,31,608,450,-0.19092,0.95483
1112,37.5,608,450,-0.11156,0.95507
1112,44,608,450,-0.0023813,0.95513
1112,50.5,608,450,0.14701,0.953
1112,57,608,450,0.37968,0.9473
1112,63.5,608,450,0.62125,0.93861
1112,70,608,450,0.98301,0.92975
1112,76.5,608,450,1.5252,0.91745
1112,83,608,450,2.2297,0.90302
1112,89.5,608,450,-3.0956,0.87363
1112,96,608,450,-1.8745,0.78351
1112,102.5,608,450,-0.92413,0.30047
1112,109,608,450,0.60813,0.17875
1112,115.5,608,450,1.3836,0.15841
1112,122,608,450,2.2517,0.25012
1112,128.5,608,450,2.9713,0.39206
1112,135,608,450,-2.8141,0.52276
1112,141.5,608,450,-2.2494,0.76223
1112,148,608,450,-1.7855,0.78096
1112,154.5,608,450,-1.3501,0.74036
1112,161,608,450,-1.0006,0.46125
1112,167.5,608,450,-0.96415,0.41482
1112,174,608,450,-0.76338,0.72107
1112,180.5,608,450,-0.27788,0.78695
1112,187,608,450,0.11644,0.65124
1112,193.5,608,450,0.26882,0.50384
1112,200,608,450,0.47311,0.4116
1163,5,608,450,-0.3404,0.95927
1163,11.5,608,450,-0.3404,0.95927
1163,18,608,450,-0.30289,0.95968
1163,24.5,608,450,-0.25907,0.96011
1163,31,608,450,-0.19186,0.95989
1163,37.5,608,450,-0.10908,0.95966
1163,44,608,450,0.0048916,0.95934
1163,50.5,608,450,0.16053,0.95743
1163,57,608,450,0.4033,0.95343
1163,63.5,608,450,0.65619,0.9475
1163,70,608,450,1.0368,0.94187
1163,76.5,608,450,1.6102,0.92912
1163,83,608,450,2.3503,0.90271
1163,89.5,608,450,-2.9382,0.86469
1163,96,608,450,-1.7034,0.83303
1163,102.5,608,450,-0.54592,0.49672
1163,109,608,450,0.97206,0.29896
1163,115.5,608,450,1.8135,0.2764
1163,122,608,450,2.4971,0.40823
1163,128.5,608,450,-3.0819,0.67876
1163,135,608,450,-2.4453,0.82829
1163,141.5,608,450,-1.9299,0.83664
1163,148,608,450,-1.4744,0.87453
1163,154.5,608,450,-0.99157,0.72543
1163,161,608,450,-0.88517,0.45246
1163,167.5,608,450,-0.79702,0.59548
1163,174,608,450,-0.36634,0.92295
1163,180.5,608,450,0.10853,0.9527
1163,187,608,450,0.45987,0.93683
1163,193.5,608,450,0.86644,0.84769
1163,200,608,450,1.2711,0.68808
1214,5,608,450,-0.34461,0.96332
1214,11.5,608,450,-0.34461,0.96332
1214,18,608,450,-0.30568,0.9634
1214,24.5,608,450,-0.26003,0.96357
1214,31,608,450,-0.19028,0.96349
1214,37.5,608,450,-0.10422,0.96324
1214,44,608,450,0.014558,0.96317
1214,50.5,608,450,0.17686,0.96233
1214,57,608,450,0.43095,0.96016
1214,63.5,608,450,0.69629,0.95513
1214,70,608,450,1.0971,0.94841
1214,76.5,608,450,1.6986,0.92634
1214,83,608,450,2.4673,0.89086
1214,89.5,608,450,-2.7831,0.8575
1214,96,608,450,-1.5814,0.86239
1214,102.5,608,450,-0.16942,0.72762
1214,109,608,450,1.2169,0.35941
1214,115.5,608,450,1.9722,0.45431
1214,122,608,450,2.7581,0.73826
1214,128.5,608,450,-2.7347,0.86395
1214,135,608,450,-2.1501,0.83531
1214,141.5,608,450,-1.7572,0.69927
1214,148,608,450,-1.2749,0.93958
1214,154.5,608,450,-0.77671,0.76201
1214,161,608,450,-0.39955,0.54497
1214,167.5,608,450,-0.32522,0.63257
1214,174,608,450,0.13446,0.75643
1214,180.5,608,450,0.46443,0.73609
1214,187,608,450,0.84849,0.8764
1214,193.5,608,450,1.2953,0.84399
1214,200,608,450,1.7225,0.57883
1265,5,608,450,-0.34704,0.96473
1265,11.5,608,450,-0.34704,0.96473
1265,18,608,450,-0.30676,0.96474
1265,24.5,608,450,-0.25937,0.96502
1265,31,608,450,-0.18686,0.96541
1265,37.5,608,450,-0.097374,0.96552
1265,44,608,450,0.026478,0.96595
1265,50.5,608,450,0.19601,0.96568
1265,57,608,450,0.46191,0.96303
1265,63.5,608,450,0.73972,0.95607
1265,70,608,450,1.158,0.9432
1265,76.5,608,450,1.7809,0.9143
1265,83,608,450,2.5758,0.88513
1265,89.5,608,450,-2.6306,0.86149
1265,96,608,450,-1.4721,0.88345
1265,102.5,608,450,0.10497,0.81412
1265,109,608,450,1.2377,0.43661
1265,115.5,608,450,2.2215,0.78381
1265,122,608,450,3.0869,0.86828
1265,128.5,608,450,-2.5246,0.81366
1265,135,608,450,-1.9309,0.85963
1265,141.5,608,450,-1.5098,0.64952
1265,148,608,450,-0.99891,0.91156
1265,154.5,608,450,-0.44073,0.81511
1265,161,608,450,0.017684,0.33014
1265,167.5,608,450,0.1002,0.45699
1265,174,608,450,0.44814,0.40396
1265,180.5,608,450,0.69471,0.78736
1265,187,608,450,1.2158,0.94378
1265,193.5,608,450,1.6782,0.92021
1265,200,608,450,2.0518,0.8757
1316,5,608,450,-0.36133,0.96209
1316,11.5,608,450,-0.36133,0.96209
1316,18,608,450,-0.31958,0.96249
1316,24.5,608,450,-0.27034,0.96303
1316,31,608,450,-0.19488,0.96366
1316,37.5,608,450,-0.10175,0.9641
1316,44,608,450,0.027393,0.96469
1316,50.5,608,450,0.20414,0.96383
1316,57,608,450,0.48094,0.95869
1316,63.5,608,450,0.76925,0.94881
1316,70,608,450,1.2022,0.93327
1316,76.5,608,450,1.8457,0.90957
1316,83,608,450,2.6756,0.8933
1316,89.5,608,450,-2.4812,0.87426
1316,96,608,450,-1.3218,0.86978
1316,102.5,608,450,0.25472,0.82193
1316,109,608,450,1.3299,0.74476
1316,115.5,608,450,2.5005,0.86771
1316,122,608,450,-3.0204,0.81041
1316,128.5,608,450,-2.3466,0.87216
1316,135,608,450,-1.66,0.75681
1316,141.5,608,450,-1.2287,0.44935
1316,148,608,450,-0.72387,0.56787
1316,154.5,608,450,-0.1123,0.60829
1316,161,608,450,0.21828,0.23021
1316,167.5,608,450,0.6149,0.31486
1316,174,608,450,0.68004,0.23809
1316,180.5,608,450,1.1904,0.77459
1316,187,608,450,1.7516,0.78763
1316,193.5,608,450,2.1665,0.79165
1316,200,608,450,2.5649,0.78726
1367,5,608,450,-0.36616,0.95826
1367,11.5,608,450,-0.36616,0.95826
1367,18,608,450,-0.32281,0.959
1367,24.5,608,450,-0.2715,0.95982
1367,31,608,450,-0.1931,0.96015
1367,37.5,608,450,-0.096294,0.96052
1367,44,608,450,0.038095,0.96077
1367,50.5,608,450,0.22154,0.95881
1367,57,608,450,0.5078,0.95207
1367,63.5,608,450,0.80549,0.94228
1367,70,608,450,1.2531,0.93054
1367,76.5,608,450,1.9232,0.91797
1367,83,608,450,2.7941,0.90475
1367,89.5,608,450,-2.3173,0.86892
1367,96,608,450,-1.0753,0.67307
1367,102.5,608,450,0.35549,0.83224
1367,109,608,450,1.5859,0.87316
1367,115.5,608,450,2.6655,0.80326
1367,122,608,450,-2.8758,0.85768
1367,128.5,608,450,-2.0431,0.72024
1367,135,608,450,-1.4234,0.52577
1367,141.5,608,450,-0.93037,0.30737
1367,148,608,450,-0.41924,0.31741
1367,154.5,608,450,0.27831,0.26823
1367,161,608,450,0.65561,0.18292
1367,167.5,608,450,1.0148,0.11496
1367,174,608,450,1.0239,0.17949
1367,180.5,608,450,1.821,0.42098
1367,187,608,450,2.0978,0.34409
1367,193.5,608,450,2.5395,0.53808
1367,200,608,450,2.9274,0.83574
1418,5,608,450,-0.37273,0.95702
1418,11.5,608,450,-0.37273,0.95702
1418,18,608,450,-0.32757,0.95771
1418,24.5,608,450,-0.27421,0.95853
1418,31,608,450,-0.19308,0.95855
1418,37.5,608,450,-0.092723,0.95853
1418,44,608,450,0.046654,0.95841
1418,50.5,608,450,0.23624,0.95615
1418,57,608,450,0.53196,0.95066
1418,63.5,608,450,0.84001,0.94388
1418,70,608,450,1.3057,0.93836
1418,76.5,608,450,2.0078,0.92888
1418,83,608,450,2.9158,0.90176
1418,89.5,608,450,-2.1588,0.8612
1418,96,608,450,-0.89239,0.38457
1418,102.5,608,450,0.48438,0.87
1418,109,608,450,1.7526,0.81005
1418,115.5,608,450,2.7911,0.79368
1418,122,608,450,-2.5986,0.74679
1418,128.5,608,450,-1.8181,0.49441
1418,135,608,450,-1.1272,0.3594
1418,141.5,608,450,-0.40116,0.21411
1418,148,608,450,0.77647,0.022433
1418,154.5,608,450,-0.044842,0.070953
1418,161,608,450,0.85678,0.1401
1418,167.5,608,450,1.668,0.11942
1418,174,608,450,1.7725,0.14954
1418,180.5,608,450,2.6126,0.19536
1418,187,608,450,2.6167,0.22429
1418,193.5,608,450,2.839,0.45796
1418,200,608,450,-2.7672,0.80772
1469,5,608,450,-0.37896,0.95945
1469,11.5,608,450,-0.37896,0.95945
1469,18,608,450,-0.33211,0.95997
1469,24.5,608,450,-0.27678,0.96037
1469,31,608,450,-0.19315,0.96044
1469,37.5,608,450,-0.089425,0.96024
1469,44,608,450,0.054807,0.9601
1469,50.5,608,450,0.25076,0.95869
1469,57,608,450,0.55717,0.95592
1469,63.5,608,450,0.87759,0.95183
1469,70,608,450,1.3642,0.94719
1469,76.5,608,450,2.096,0.92757
1469,83,608,450,3.0307,0.88906
1469,89.5,608,450,-2.0065,0.85805
1469,96,608,450,-0.78051,0.24419
1469,102.5,608,450,0.61156,0.70879
1469,109,608,450,1.8984,0.74819
1469,115.5,608,450,3.0278,0.70915
1469,122,608,450,-2.4048,0.55095
1469,128.5,608,450,-1.4947,0.35302
1469,135,608,450,-0.35073,0.16762
1469,141.5,608,450,0.53062,0.052781
1469,148,608,450,-1.9953,0.05227
1469,154.5,608,450,0.25717,0.093318
1469,161,608,450,1.6313,0.17777
1469,167.5,608,450,2.5912,0.1873
1469,174,608,450,3.1413,0.30898
1469,180.5,608,450,-1.9314,0.10688
1469,187,608,450,2.9268,0.04038
1469,193.5,608,450,-2.6794,0.32949
1469,200,608,450,-2.302,0.49637
