500,25,636,260,-0.14256,0.95918
500,30,636,260,-0.074862,0.96181
500,35,636,260,-0.0024609,0.96434
500,40,636,260,0.10347,0.96641
500,45,636,260,0.19759,0.96675
500,50,636,260,0.33126,0.96694
500,55,636,260,0.47829,0.966
500,60,636,260,0.67799,0.96229
500,65,636,260,0.86557,0.95866
500,70,636,260,1.0994,0.95662
500,75,636,260,1.3338,0.95398
500,80,636,260,1.6194,0.94975
500,85,636,260,1.9626,0.94808
500,90,636,260,2.3025,0.94712
500,95,636,260,2.6119,0.94645
500,100,636,260,2.9656,0.94894
500,105,636,260,-2.9562,0.9574
500,110,636,260,-2.5789,0.9687
500,115,636,260,-2.22,0.96445
500,120,636,260,-1.8172,0.9368
500,125,636,260,-1.4334,0.88328
500,130,636,260,-0.97715,0.80635
500,135,636,260,-0.55394,0.75045
500,140,636,260,-0.39833,0.74203
500,145,636,260,-0.21361,0.74669
500,150,636,260,-0.099907,0.75591
510,25,636,260,-0.1528,0.95743
510,30,636,260,-0.083991,0.95977
510,35,636,260,-0.010038,0.96189
510,40,636,260,0.097666,0.96345
510,45,636,260,0.19319,0.96346
510,50,636,260,0.32906,0.96324
510,55,636,260,0.4788,0.96212
510,60,636,260,0.68154,0.9586
510,65,636,260,0.87207,0.95578
510,70,636,260,1.1108,0.95528
510,75,636,260,1.3499,0.95378
510,80,636,260,1.641,0.95139
510,85,636,260,1.9915,0.95238
510,90,636,260,2.339,0.95208
510,95,636,260,2.657,0.95251
510,100,636,260,3.0188,0.95864
510,105,636,260,-2.8929,0.96346
510,110,636,260,-2.5062,0.96822
510,115,636,260,-2.1385,0.95486
510,120,636,260,-1.7328,0.90924
510,125,636,260,-1.3526,0.84998
510,130,636,260,-0.90133,0.78391
510,135,636,260,-0.47805,0.75169
510,140,636,260,-0.31887,0.75505
510,145,636,260,-0.12641,0.77714
510,150,636,260,-0.0051002,0.79543
520,25,636,260,-0.14672,0.95752
520,30,636,260,-0.076594,0.95957
520,35,636,260,-0.0012184,0.96137
520,40,636,260,0.10844,0.96252
520,45,636,260,0.20567,0.96226
520,50,636,260,0.34387,0.96179
520,55,636,260,0.49623,0.96076
520,60,636,260,0.70254,0.9576
520,65,636,260,0.89668,0.95569
520,70,636,260,1.1403,0.95685
520,75,636,260,1.3844,0.95663
520,80,636,260,1.6819,0.9556
520,85,636,260,2.0406,0.95856
520,90,636,260,2.3975,0.96086
520,95,636,260,2.7226,0.96105
520,100,636,260,3.0951,0.9685
520,105,636,260,-2.8058,0.97192
520,110,636,260,-2.4084,0.96315
520,115,636,260,-2.0365,0.9368
520,120,636,260,-1.631,0.88044
520,125,636,260,-1.253,0.82261
520,130,636,260,-0.80453,0.77634
520,135,636,260,-0.37236,0.77427
520,140,636,260,-0.20518,0.79018
520,145,636,260,0.00214,0.82872
520,150,636,260,0.13385,0.85359
530,25,636,260,-0.15582,0.95602
530,30,636,260,-0.084651,0.95775
530,35,636,260,-0.0078161,0.95916
530,40,636,260,0.10351,0.95994
530,45,636,260,0.20208,0.95951
530,50,636,260,0.34241,0.95888
530,55,636,260,0.49745,0.95806
530,60,636,260,0.70691,0.9556
530,65,636,260,0.90418,0.95478
530,70,636,260,1.1532,0.95776
530,75,636,260,1.4024,0.95878
530,80,636,260,1.7058,0.95933
530,85,636,260,2.0728,0.96198
530,90,636,260,2.4379,0.96493
530,95,636,260,2.7703,0.9663
530,100,636,260,-3.1309,0.97073
530,105,636,260,-2.7399,0.96993
530,110,636,260,-2.3361,0.95146
530,115,636,260,-1.9595,0.91566
530,120,636,260,-1.5569,0.85474
530,125,636,260,-1.1828,0.8032
530,130,636,260,-0.73127,0.77798
530,135,636,260,-0.28649,0.80276
530,140,636,260,-0.10938,0.82999
530,145,636,260,0.11461,0.87749
530,150,636,260,0.25735,0.90366
540,25,636,260,-0.15064,0.95628
540,30,636,260,-0.078218,0.95772
540,35,636,260,-2.7488e-05,0.95885
540,40,636,260,0.11317,0.95936
540,45,636,260,0.2134,0.95883
540,50,636,260,0.35602,0.95821
540,55,636,260,0.51373,0.95783
540,60,636,260,0.72687,0.95619
540,65,636,260,0.92801,0.9566
540,70,636,260,1.1824,0.96126
540,75,636,260,1.4369,0.96344
540,80,636,260,1.7472,0.96545
540,85,636,260,2.1226,0.97005
540,90,636,260,2.4967,0.97306
540,95,636,260,2.838,0.97237
540,100,636,260,-3.0532,0.97335
540,105,636,260,-2.6535,0.96551
540,110,636,260,-2.2435,0.93378
540,115,636,260,-1.8667,0.89501
540,120,636,260,-1.4669,0.83317
540,125,636,260,-1.0929,0.79612
540,130,636,260,-0.63283,0.79671
540,135,636,260,-0.16439,0.84904
540,140,636,260,0.026598,0.88172
540,145,636,260,0.27086,0.92764
540,150,636,260,0.4251,0.94665
550,25,636,260,-0.13844,0.95685
550,30,636,260,-0.06479,0.95801
550,35,636,260,0.014725,0.95887
550,40,636,260,0.12977,0.95919
550,45,636,260,0.23164,0.95863
550,50,636,260,0.37657,0.95812
550,55,636,260,0.53701,0.95831
550,60,636,260,0.75396,0.95765
550,65,636,260,0.95911,0.95938
550,70,636,260,1.2192,0.96558
550,75,636,260,1.4792,0.96878
550,80,636,260,1.7963,0.97184
550,85,636,260,2.1807,0.97655
550,90,636,260,2.5642,0.97857
550,95,636,260,2.9129,0.97574
550,100,636,260,-2.9681,0.97336
550,105,636,260,-2.5608,0.95537
550,110,636,260,-2.1489,0.91521
550,115,636,260,-1.7712,0.8737
550,120,636,260,-1.3727,0.82117
550,125,636,260,-0.99649,0.79918
550,130,636,260,-0.52156,0.82648
550,135,636,260,-0.022683,0.89758
550,140,636,260,0.18342,0.92872
550,145,636,260,0.44535,0.95699
550,150,636,260,0.60716,0.95777
560,25,636,260,-0.14838,0.9556
560,30,636,260,-0.073782,0.95649
560,35,636,260,0.007085,0.95711
560,40,636,260,0.12371,0.95735
560,45,636,260,0.22691,0.95693
560,50,636,260,0.37397,0.9567
560,55,636,260,0.53726,0.95762
560,60,636,260,0.7577,0.95822
560,65,636,260,0.96658,0.96134
560,70,636,260,1.2325,0.96876
560,75,636,260,1.4981,0.97265
560,80,636,260,1.8217,0.97619
560,85,636,260,2.214,0.9796
560,90,636,260,2.6064,0.97848
560,95,636,260,2.9622,0.97407
560,100,636,260,-2.9126,0.9656
560,105,636,260,-2.4988,0.94286
560,110,636,260,-2.0855,0.89743
560,115,636,260,-1.7079,0.85787
560,120,636,260,-1.3096,0.81608
560,125,636,260,-0.92858,0.81168
560,130,636,260,-0.43485,0.85951
560,135,636,260,0.09407,0.93366
560,140,636,260,0.31173,0.95291
560,145,636,260,0.58414,0.95339
560,150,636,260,0.74861,0.93597
570,25,636,260,-0.14348,0.95634
570,30,636,260,-0.067716,0.95701
570,35,636,260,0.014434,0.95748
570,40,636,260,0.13289,0.95775
570,45,636,260,0.23775,0.95751
570,50,636,260,0.38717,0.95765
570,55,636,260,0.55333,0.9594
570,60,636,260,0.77774,0.96104
570,65,636,260,0.99107,0.9655
570,70,636,260,1.263,0.9739
570,75,636,260,1.5343,0.97822
570,80,636,260,1.8652,0.98202
570,85,636,260,2.266,0.98406
570,90,636,260,2.6669,0.98118
570,95,636,260,3.0298,0.97227
570,100,636,260,-2.8365,0.95638
570,105,636,260,-2.4199,0.92826
570,110,636,260,-2.005,0.88321
570,115,636,260,-1.6251,0.85033
570,120,636,260,-1.224,0.82436
570,125,636,260,-0.83279,0.83681
570,130,636,260,-0.31291,0.90132
570,135,636,260,0.24788,0.95804
570,140,636,260,0.47442,0.95545
570,145,636,260,0.74987,0.92211
570,150,636,260,0.91153,0.88907
580,25,636,260,-0.15222,0.95552
580,30,636,260,-0.075554,0.956
580,35,636,260,0.0079034,0.95637
580,40,636,260,0.12795,0.95676
580,45,636,260,0.23419,0.95681
580,50,636,260,0.38585,0.95747
580,55,636,260,0.55507,0.96011
580,60,636,260,0.78331,0.96311
580,65,636,260,1.0007,0.96865
580,70,636,260,1.2788,0.97744
580,75,636,260,1.5558,0.98171
580,80,636,260,1.8933,0.9847
580,85,636,260,2.3022,0.98408
580,90,636,260,2.7104,0.97751
580,95,636,260,3.0793,0.96572
580,100,636,260,-2.7821,0.94408
580,105,636,260,-2.361,0.91487
580,110,636,260,-1.947,0.8695
580,115,636,260,-1.5638,0.84633
580,120,636,260,-1.1584,0.83748
580,125,636,260,-0.75272,0.86615
580,130,636,260,-0.20745,0.93218
580,135,636,260,0.37683,0.95542
580,140,636,260,0.60596,0.93079
580,145,636,260,0.87586,0.87417
580,150,636,260,1.0319,0.83377
590,25,636,260,-0.14697,0.95651
590,30,636,260,-0.069173,0.95688
590,35,636,260,0.01555,0.95724
590,40,636,260,0.13744,0.95785
590,45,636,260,0.2454,0.95825
590,50,636,260,0.39951,0.95945
590,55,636,260,0.57182,0.963
590,60,636,260,0.80443,0.96711
590,65,636,260,1.0264,0.97348
590,70,636,260,1.3107,0.98234
590,75,636,260,1.5935,0.98623
590,80,636,260,1.9381,0.98831
590,85,636,260,2.3549,0.98487
590,90,636,260,2.7714,0.97364
590,95,636,260,-3.1377,0.95947
590,100,636,260,-2.7106,0.93458
590,105,636,260,-2.2863,0.90131
590,110,636,260,-1.8696,0.86452
590,115,636,260,-1.4821,0.85068
590,120,636,260,-1.0659,0.86047
590,125,636,260,-0.64256,0.90241
590,130,636,260,-0.068601,0.95663
590,135,636,260,0.52996,0.92993
590,140,636,260,0.75588,0.88731
590,145,636,260,1.0153,0.81982
590,150,636,260,1.1645,0.78082
600,25,636,260,-0.14219,0.95772
600,30,636,260,-0.063273,0.958
600,35,636,260,0.022723,0.95839
600,40,636,260,0.1465,0.95929
600,45,636,260,0.25623,0.96009
600,50,636,260,0.41288,0.96188
600,55,636,260,0.5884,0.9663
600,60,636,260,0.82546,0.97144
600,65,636,260,1.0522,0.97835
600,70,636,260,1.3426,0.98675
600,75,636,260,1.6312,0.98984
600,80,636,260,1.9827,0.99041
600,85,636,260,2.4072,0.98402
600,90,636,260,2.8308,0.96921
600,95,636,260,-3.0724,0.95258
600,100,636,260,-2.6414,0.92251
600,105,636,260,-2.2135,0.89423
600,110,636,260,-1.7943,0.86511
600,115,636,260,-1.3992,0.86376
600,120,636,260,-0.96865,0.89021
600,125,636,260,-0.5248,0.93673
600,130,636,260,0.073142,0.96285
600,135,636,260,0.67323,0.88867
600,140,636,260,0.89251,0.83789
600,145,636,260,1.14,0.77373
600,150,636,260,1.2832,0.74196
