500,5,678,450,-0.21664,0.95705
500,11.5,678,450,-0.21664,0.95705
500,18,678,450,-0.2015,0.95802
500,24.5,678,450,-0.18543,0.9592
500,31,678,450,-0.1589,0.96074
500,37.5,678,450,-0.12809,0.96266
500,44,678,450,-0.088865,0.96502
500,50.5,678,450,-0.034801,0.96778
500,57,678,450,0.045076,0.97113
500,63.5,678,450,0.12351,0.97351
500,70,678,450,0.23209,0.97638
500,76.5,678,450,0.38125,0.97872
500,83,678,450,0.55248,0.9784
500,89.5,678,450,0.77814,0.97558
500,96,678,450,1.0457,0.97367
500,102.5,678,450,1.4315,0.97218
500,109,678,450,1.8974,0.97486
500,115.5,678,450,2.7057,0.90386
500,122,678,450,-1.7443,4.5768e-06
500,128.5,678,450,2.6114,0.4906
500,135,678,450,-3.1198,0.62495
500,141.5,678,450,-2.7321,0.67734
500,148,678,450,-2.4177,0.71754
500,154.5,678,450,-2.1415,0.75862
500,161,678,450,-1.8428,0.77527
500,167.5,678,450,-1.8674,0.90946
500,174,678,450,-1.5476,0.88544
500,180.5,678,450,-1.2734,0.88355
500,187,678,450,-0.9364,0.81769
500,193.5,678,450,0.42935,0.32824
500,200,678,450,-1.853,0.50429
551,5,678,450,-0.22049,0.95466
551,11.5,678,450,-0.22049,0.95466
551,18,678,450,-0.20375,0.95554
551,24.5,678,450,-0.18578,0.95667
551,31,678,450,-0.15664,0.9578
551,37.5,678,450,-0.1226,0.9593
551,44,678,450,-0.078935,0.961
551,50.5,678,450,-0.019369,0.96267
551,57,678,450,0.068379,0.96439
551,63.5,678,450,0.15454,0.9655
551,70,678,450,0.27389,0.96681
551,76.5,678,450,0.43767,0.96696
551,83,678,450,0.62653,0.96681
551,89.5,678,450,0.87574,0.9656
551,96,678,450,1.1721,0.96988
551,102.5,678,450,1.5956,0.97455
551,109,678,450,2.0912,0.98557
551,115.5,678,450,2.9398,0.9551
551,122,678,450,2.3529,0.39912
551,128.5,678,450,-3.0718,0.76186
551,135,678,450,-2.6117,0.82669
551,141.5,678,450,-2.2546,0.87051
551,148,678,450,-1.949,0.908
551,154.5,678,450,-1.6739,0.93642
551,161,678,450,-1.3741,0.95424
551,167.5,678,450,-1.1749,0.95955
551,174,678,450,-0.80298,0.91722
551,180.5,678,450,0.21488,0.25467
551,187,678,450,-1.3123,0.33607
551,193.5,678,450,-1.1629,0.67858
551,200,678,450,-0.88637,0.74987
602,5,678,450,-0.23121,0.95502
602,11.5,678,450,-0.23121,0.95502
602,18,678,450,-0.21296,0.95556
602,24.5,678,450,-0.19318,0.95629
602,31,678,450,-0.16174,0.95679
602,37.5,678,450,-0.12477,0.95759
602,44,678,450,-0.077104,0.9584
602,50.5,678,450,-0.01262,0.95911
602,57,678,450,0.082204,0.95997
602,63.5,678,450,0.17543,0.96059
602,70,678,450,0.30519,0.96175
602,76.5,678,450,0.4834,0.96406
602,83,678,450,0.69069,0.96751
602,89.5,678,450,0.96517,0.97178
602,96,678,450,1.2923,0.98007
602,102.5,678,450,1.7501,0.98098
602,109,678,450,2.2592,0.97626
602,115.5,678,450,3.1312,0.96045
602,122,678,450,3.0936,0.86513
602,128.5,678,450,-2.6394,0.93117
602,135,678,450,-2.2186,0.95954
602,141.5,678,450,-1.8612,0.97871
602,148,678,450,-1.5464,0.98717
602,154.5,678,450,-1.2316,0.99206
602,161,678,450,-1.2017,0.92811
602,167.5,678,450,-0.42908,0.87464
602,174,678,450,-1.5486,0.25657
602,180.5,678,450,-0.69819,0.51807
602,187,678,450,-0.97282,0.94114
602,193.5,678,450,-0.61239,0.88658
602,200,678,450,-0.40615,0.88588
653,5,678,450,-0.23537,0.95792
653,11.5,678,450,-0.23537,0.95792
653,18,678,450,-0.21585,0.95813
653,24.5,678,450,-0.19445,0.95841
653,31,678,450,-0.16093,0.95862
653,37.5,678,450,-0.12134,0.95903
653,44,678,450,-0.069998,0.95951
653,50.5,678,450,-0.00085303,0.96028
653,57,678,450,0.10104,0.96178
653,63.5,678,450,0.20141,0.96351
653,70,678,450,0.34219,0.96688
653,76.5,678,450,0.5366,0.97301
653,83,678,450,0.76474,0.98021
653,89.5,678,450,1.0672,0.98722
653,96,678,450,1.4255,0.99131
653,102.5,678,450,1.9137,0.98308
653,109,678,450,2.4295,0.9672
653,115.5,678,450,2.8281,0.90224
653,122,678,450,-2.8197,0.96991
653,128.5,678,450,-2.3315,0.98269
653,135,678,450,-1.9182,0.9865
653,141.5,678,450,-1.5445,0.97682
653,148,678,450,-1.1336,0.96096
653,154.5,678,450,-1.3952,0.80149
653,161,678,450,-0.81031,0.9436
653,167.5,678,450,-1.1403,0.59169
653,174,678,450,-0.52706,0.83067
653,180.5,678,450,-1.583,0.27302
653,187,678,450,-0.39274,0.95908
653,193.5,678,450,-0.11214,0.95952
653,200,678,450,0.082469,0.96675
704,5,678,450,-0.23816,0.96104
704,11.5,678,450,-0.23816,0.96104
704,18,678,450,-0.21749,0.96113
704,24.5,678,450,-0.19466,0.96129
704,31,678,450,-0.15906,0.96177
704,37.5,678,450,-0.11687,0.96244
704,44,678,450,-0.06181,0.9634
704,50.5,678,450,0.012301,0.96517
704,57,678,450,0.1219,0.96841
704,63.5,678,450,0.23024,0.97158
704,70,678,450,0.38334,0.97701
704,76.5,678,450,0.59583,0.98486
704,83,678,450,0.84598,0.9911
704,89.5,678,450,1.1761,0.99363
704,96,678,450,1.5617,0.98856
704,102.5,678,450,2.0788,0.97669
704,109,678,450,2.6166,0.96934
704,115.5,678,450,-3.1144,0.98468
704,122,678,450,-2.5998,0.98342
704,128.5,678,450,-2.1048,0.97653
704,135,678,450,-1.6824,0.9636
704,141.5,678,450,-1.1198,0.88836
704,148,678,450,-1.1978,0.94889
704,154.5,678,450,-0.86155,0.96169
704,161,678,450,-0.5367,0.97008
704,167.5,678,450,-0.29831,0.98915
704,174,678,450,0.11236,0.97138
704,180.5,678,450,-0.38253,0.62285
704,187,678,450,0.10277,0.82308
704,193.5,678,450,0.39971,0.82471
704,200,678,450,0.70257,0.74901
755,5,678,450,-0.2401,0.96171
755,11.5,678,450,-0.2401,0.96171
755,18,678,450,-0.21819,0.96207
755,24.5,678,450,-0.1939,0.96256
755,31,678,450,-0.15599,0.96361
755,37.5,678,450,-0.11096,0.96492
755,44,678,450,-0.051794,0.96673
755,50.5,678,450,0.027861,0.96952
755,57,678,450,0.14598,0.97374
755,63.5,678,450,0.26286,0.97727
755,70,678,450,0.42877,0.98261
755,76.5,678,450,0.65889,0.98656
755,83,678,450,0.92952,0.98748
755,89.5,678,450,1.283,0.98325
755,96,678,450,1.6929,0.97415
755,102.5,678,450,2.2424,0.97005
755,109,678,450,2.8384,0.96599
755,115.5,678,450,-2.9943,0.98421
755,122,678,450,-2.4242,0.98064
755,128.5,678,450,-1.8948,0.95813
755,135,678,450,-1.276,0.86156
755,141.5,678,450,-1.2177,0.98293
755,148,678,450,-0.84792,0.99321
755,154.5,678,450,-0.51123,0.99001
755,161,678,450,-0.092428,0.96657
755,167.5,678,450,0.14593,0.97134
755,174,678,450,0.78945,0.8289
755,180.5,678,450,0.15324,0.62193
755,187,678,450,0.5849,0.71556
755,193.5,678,450,0.97537,0.63754
755,200,678,450,0.41129,0.95302
806,5,678,450,-0.24221,0.95935
806,11.5,678,450,-0.24221,0.95935
806,18,678,450,-0.21889,0.96012
806,24.5,678,450,-0.1929,0.96117
806,31,678,450,-0.15243,0.96258
806,37.5,678,450,-0.10425,0.96436
806,44,678,450,-0.040625,0.96661
806,50.5,678,450,0.044856,0.96959
806,57,678,450,0.17158,0.97292
806,63.5,678,450,0.29681,0.97523
806,70,678,450,0.47467,0.97759
806,76.5,678,450,0.72022,0.97714
806,83,678,450,1.0077,0.97443
806,89.5,678,450,1.3821,0.96909
806,96,678,450,1.8185,0.96842
806,102.5,678,450,2.4089,0.97093
806,109,678,450,3.0713,0.94485
806,115.5,678,450,-2.8546,0.99325
806,122,678,450,-2.2217,0.9739
806,128.5,678,450,-1.5241,0.91397
806,135,678,450,-1.4297,0.99681
806,141.5,678,450,-0.92894,0.9922
806,148,678,450,-0.51823,0.97278
806,154.5,678,450,-0.11572,0.93174
806,161,678,450,0.61201,0.58718
806,167.5,678,450,0.58719,0.88226
806,174,678,450,1.52,0.39918
806,180.5,678,450,0.8101,0.79259
806,187,678,450,1.4108,0.76357
806,193.5,678,450,-2.2033,0.053702
806,200,678,450,1.0423,0.9734
857,5,678,450,-0.24565,0.95609
857,11.5,678,450,-0.24565,0.95609
857,18,678,450,-0.22084,0.95702
857,24.5,678,450,-0.19285,0.95828
857,31,678,450,-0.14976,0.95961
857,37.5,678,450,-0.09834,0.96129
857,44,678,450,-0.030244,0.96317
857,50.5,678,450,0.060852,0.96507
857,57,678,450,0.19563,0.9667
857,63.5,678,450,0.32807,0.96757
857,70,678,450,0.51627,0.96762
857,76.5,678,450,0.77553,0.96565
857,83,678,450,1.0793,0.96566
857,89.5,678,450,1.4768,0.96712
857,96,678,450,1.945,0.97703
857,102.5,678,450,2.5796,0.97736
857,109,678,450,-2.9838,0.93898
857,115.5,678,450,-2.6432,0.95522
857,122,678,450,-1.9054,0.93152
857,128.5,678,450,-2.21,0.64016
857,135,678,450,-1.1484,0.98151
857,141.5,678,450,-0.61085,0.95943
857,148,678,450,-0.13441,0.90859
857,154.5,678,450,0.34558,0.83676
857,161,678,450,1.4033,0.40384
857,167.5,678,450,1.2236,0.63619
857,174,678,450,-0.5871,0.0002857
857,180.5,678,450,2.5807,0.15144
857,187,678,450,1.0035,0.28826
857,193.5,678,450,0.71434,0.53782
857,200,678,450,1.7525,0.81303
908,5,678,450,-0.25032,0.95468
908,11.5,678,450,-0.25032,0.95468
908,18,678,450,-0.22392,0.95539
908,24.5,678,450,-0.19396,0.95634
908,31,678,450,-0.14841,0.95725
908,37.5,678,450,-0.093941,0.95837
908,44,678,450,-0.021697,0.95948
908,50.5,678,450,0.074415,0.96034
908,57,678,450,0.21625,0.96091
908,63.5,678,450,0.35536,0.96152
908,70,678,450,0.55379,0.962
908,76.5,678,450,0.82708,0.96445
908,83,678,450,1.1495,0.97109
908,89.5,678,450,1.5758,0.98109
908,96,678,450,2.0795,0.98977
908,102.5,678,450,2.7535,0.98156
908,109,678,450,-2.7656,0.94413
908,115.5,678,450,-2.3456,0.88896
908,122,678,450,-1.253,0.58774
908,128.5,678,450,-1.6381,0.87619
908,135,678,450,-0.81337,0.94294
908,141.5,678,450,-0.20363,0.89587
908,148,678,450,0.38109,0.82927
908,154.5,678,450,1.0011,0.74205
908,161,678,450,2.5909,0.87105
908,167.5,678,450,2.2404,0.1152
908,174,678,450,-0.1912,0.027216
908,180.5,678,450,1.1592,0.46535
908,187,678,450,2.3083,0.50291
908,193.5,678,450,1.768,0.64214
908,200,678,450,2.4164,0.71372
959,5,678,450,-0.26229,0.9563
959,11.5,678,450,-0.26229,0.9563
959,18,678,450,-0.2344,0.95683
959,24.5,678,450,-0.20287,0.95705
959,31,678,450,-0.15509,0.95751
959,37.5,678,450,-0.097846,0.95814
959,44,678,450,-0.021815,0.95876
959,50.5,678,450,0.078971,0.95945
959,57,678,450,0.22759,0.96082
959,63.5,678,450,0.37397,0.96263
959,70,678,450,0.58319,0.96675
959,76.5,678,450,0.87366,0.97446
959,83,678,450,1.2191,0.98545
959,89.5,678,450,1.676,0.99295
959,96,678,450,2.2103,0.99051
959,102.5,678,450,2.9181,0.97465
959,109,678,450,-2.5528,0.97024
959,115.5,678,450,-1.9869,0.79419
959,122,678,450,-0.2874,0.02931
959,128.5,678,450,-1.2379,0.85284
959,135,678,450,-0.37465,0.84323
959,141.5,678,450,0.36152,0.75768
959,148,678,450,1.1064,0.59279
959,154.5,678,450,1.8569,0.41287
959,161,678,450,-2.5821,0.96978
959,167.5,678,450,0.33538,0.054271
959,174,678,450,1.055,0.4632
959,180.5,678,450,2.1344,0.67403
959,187,678,450,-2.7835,0.11648
959,193.5,678,450,2.7364,0.87172
959,200,678,450,-2.9787,0.90333
1010,5,678,450,-0.26561,0.9597
1010,11.5,678,450,-0.26561,0.9597
1010,18,678,450,-0.2366,0.95962
1010,24.5,678,450,-0.20369,0.95984
1010,31,678,450,-0.15378,0.96019
1010,37.5,678,450,-0.093902,0.96079
1010,44,678,450,-0.01415,0.96164
1010,50.5,678,450,0.091518,0.96321
1010,57,678,450,0.24781,0.96646
1010,63.5,678,450,0.40228,0.97023
1010,70,678,450,0.6243,0.97673
1010,76.5,678,450,0.93383,0.98536
1010,83,678,450,1.3022,0.99172
1010,89.5,678,450,1.7857,0.98891
1010,96,678,450,2.3445,0.97783
1010,102.5,678,450,3.0863,0.97073
1010,109,678,450,-2.3444,0.98334
1010,115.5,678,450,-1.5814,0.73572
1010,122,678,450,-2.64,0.04359
1010,128.5,678,450,-0.75307,0.73771
1010,135,678,450,0.19864,0.66909
1010,141.5,678,450,1.0426,0.50695
1010,148,678,450,1.8386,0.32183
1010,154.5,678,450,2.6568,0.16721
1010,161,678,450,-1.5793,0.58261
1010,167.5,678,450,2.1652,0.55105
1010,174,678,450,2.0184,0.48567
1010,180.5,678,450,2.8544,0.66876
1010,187,678,450,-3.0749,0.80707
1010,193.5,678,450,-2.5533,0.79331
1010,200,678,450,-1.8634,0.87821
1061,5,678,450,-0.26772,0.96172
1061,11.5,678,450,-0.26772,0.96172
1061,18,678,450,-0.23756,0.96206
1061,24.5,678,450,-0.20316,0.96238
1061,31,678,450,-0.15109,0.96306
1061,37.5,678,450,-0.088457,0.9641
1061,44,678,450,-0.0047267,0.96566
1061,50.5,678,450,0.10639,0.96833
1061,57,678,450,0.27127,0.97286
1061,63.5,678,450,0.43455,0.97702
1061,70,678,450,0.67001,0.98254
1061,76.5,678,450,0.99749,0.98632
1061,83,678,450,1.3846,0.98365
1061,89.5,678,450,1.8889,0.97405
1061,96,678,450,2.4702,0.96862
1061,102.5,678,450,-3.032,0.97299
1061,109,678,450,-2.1538,0.96568
1061,115.5,678,450,-1.1979,0.76982
1061,122,678,450,-1.9281,0.10877
1061,128.5,678,450,-0.20607,0.61306
1061,135,678,450,0.79016,0.53095
1061,141.5,678,450,1.6538,0.3918
1061,148,678,450,2.5443,0.22887
1061,154.5,678,450,-2.606,0.0033327
1061,161,678,450,0.30559,0.024743
1061,167.5,678,450,-2.7383,0.906
1061,174,678,450,2.823,0.37905
1061,180.5,678,450,-2.6547,0.63054
1061,187,678,450,-2.3954,0.67148
1061,193.5,678,450,-1.9014,0.71131
1061,200,678,450,-0.32871,0.68138
1112,5,678,450,-0.26976,0.96046
1112,11.5,678,450,-0.26976,0.96046
1112,18,678,450,-0.23811,0.96186
1112,24.5,678,450,-0.20207,0.96254
1112,31,678,450,-0.14764,0.96369
1112,37.5,678,450,-0.081997,0.96522
1112,44,678,450,0.0060861,0.96732
1112,50.5,678,450,0.12303,0.97028
1112,57,678,450,0.2967,0.97406
1112,63.5,678,450,0.46851,0.97671
1112,70,678,450,0.71574,0.97808
1112,76.5,678,450,1.058,0.97585
1112,83,678,450,1.4602,0.97032
1112,89.5,678,450,1.9844,0.96617
1112,96,678,450,2.5954,0.97473
1112,102.5,678,450,-2.8638,0.97987
1112,109,678,450,-1.9717,0.95617
1112,115.5,678,450,-0.85913,0.87332
1112,122,678,450,-1.2328,0.18968
1112,128.5,678,450,0.32928,0.59686
1112,135,678,450,1.3228,0.56026
1112,141.5,678,450,2.278,0.44136
1112,148,678,450,-2.7223,0.056591
1112,154.5,678,450,2.0039,0.39002
1112,161,678,450,2.7309,0.47139
1112,167.5,678,450,-2.0079,0.82231
1112,174,678,450,-2.7758,0.44137
1112,180.5,678,450,-2.6613,0.86543
1112,187,678,450,-1.8816,0.80163
1112,193.5,678,450,-1.2563,0.77136
1112,200,678,450,-2.5092,0.52633
1163,5,678,450,-0.27344,0.96075
1163,11.5,678,450,-0.27344,0.96075
1163,18,678,450,-0.24037,0.96151
1163,24.5,678,450,-0.20255,0.96243
1163,31,678,450,-0.14552,0.96381
1163,37.5,678,450,-0.076681,0.96545
1163,44,678,450,0.015865,0.96735
1163,50.5,678,450,0.13849,0.96936
1163,57,678,450,0.32017,0.97097
1163,63.5,678,450,0.49943,0.97143
1163,70,678,450,0.75667,0.9702
1163,76.5,678,450,1.1115,0.96736
1163,83,678,450,1.5294,0.96823
1163,89.5,678,450,2.0799,0.97634
1163,96,678,450,2.7277,0.98733
1163,102.5,678,450,-2.6944,0.97925
1163,109,678,450,-1.7829,0.96596
1163,115.5,678,450,-0.58046,0.9675
1163,122,678,450,-0.53615,0.423
1163,128.5,678,450,0.81288,0.71131
1163,135,678,450,1.8309,0.72395
1163,141.5,678,450,3.0963,0.36118
1163,148,678,450,1.9278,0.3061
1163,154.5,678,450,2.9457,0.71467
1163,161,678,450,-2.8863,0.83536
1163,167.5,678,450,-1.6294,0.72858
1163,174,678,450,-2.0993,0.72454
1163,180.5,678,450,-1.8416,0.9761
1163,187,678,450,-1.2447,0.94707
1163,193.5,678,450,-2.2217,0.096282
1163,200,678,450,-1.005,0.80376
1214,5,678,450,-0.27747,0.95787
1214,11.5,678,450,-0.27747,0.95787
1214,18,678,450,-0.24287,0.95875
1214,24.5,678,450,-0.20321,0.95962
1214,31,678,450,-0.1436,0.96082
1214,37.5,678,450,-0.071681,0.96216
1214,44,678,450,0.025101,0.96345
1214,50.5,678,450,0.15284,0.96433
1214,57,678,450,0.34154,0.96464
1214,63.5,678,450,0.52734,0.9644
1214,70,678,450,0.79434,0.96469
1214,76.5,678,450,1.1629,0.96746
1214,83,678,450,1.6018,0.97671
1214,89.5,678,450,2.1833,0.98931
1214,96,678,450,2.8646,0.99126
1214,102.5,678,450,-2.5245,0.97658
1214,109,678,450,-1.5726,0.97819
1214,115.5,678,450,-0.37824,0.99333
1214,122,678,450,0.088025,0.74695
1214,128.5,678,450,1.2421,0.88426
1214,135,678,450,2.3383,0.84403
1214,141.5,678,450,1.5146,0.11719
1214,148,678,450,2.8148,0.72054
1214,154.5,678,450,-2.8389,0.82988
1214,161,678,450,-2.4476,0.96704
1214,167.5,678,450,2.8458,0.003459
1214,174,678,450,-1.4416,0.97534
1214,180.5,678,450,-1.1553,0.96043
1214,187,678,450,0.87233,0.010984
1214,193.5,678,450,-0.99352,0.80555
1214,200,678,450,-0.47595,0.80786
1265,5,678,450,-0.28228,0.95752
1265,11.5,678,450,-0.28228,0.95752
1265,18,678,450,-0.2462,0.9582
1265,24.5,678,450,-0.20475,0.95882
1265,31,678,450,-0.14273,0.95952
1265,37.5,678,450,-0.067908,0.96042
1265,44,678,450,0.032766,0.96117
1265,50.5,678,450,0.16521,0.96172
1265,57,678,450,0.36069,0.96265
1265,63.5,678,450,0.55347,0.96427
1265,70,678,450,0.83134,0.96841
1265,76.5,678,450,1.2178,0.97777
1265,83,678,450,1.6807,0.98927
1265,89.5,678,450,2.2927,0.99392
1265,96,678,450,2.9992,0.98057
1265,102.5,678,450,-2.3572,0.97187
1265,109,678,450,-1.3438,0.95883
1265,115.5,678,450,-0.24311,0.98443
1265,122,678,450,0.53496,0.92829
1265,128.5,678,450,1.5895,0.97761
1265,135,678,450,3.0996,0.57382
1265,141.5,678,450,2.5824,0.77046
1265,148,678,450,-2.9926,0.89715
1265,154.5,678,450,-2.4426,0.95364
1265,161,678,450,-2.062,0.93309
1265,167.5,678,450,-1.5331,0.96462
1265,174,678,450,-0.82574,0.91935
1265,180.5,678,450,0.87311,0.026427
1265,187,678,450,-0.52297,0.55651
1265,193.5,678,450,-0.48471,0.93173
1265,200,678,450,-0.033139,0.9281
1316,5,678,450,-0.29478,0.95995
1316,11.5,678,450,-0.29478,0.95995
1316,18,678,450,-0.25729,0.96031
1316,24.5,678,450,-0.21424,0.96067
1316,31,678,450,-0.15007,0.961
1316,37.5,678,450,-0.07249,0.9617
1316,44,678,450,0.031939,0.96249
1316,50.5,678,450,0.16919,0.96378
1316,57,678,450,0.37218,0.96672
1316,63.5,678,450,0.57297,0.97075
1316,70,678,450,0.86405,0.97808
1316,76.5,678,450,1.2705,0.98766
1316,83,678,450,1.7561,0.99169
1316,89.5,678,450,2.3912,0.98246
1316,96,678,450,3.12,0.97101
1316,102.5,678,450,-2.1996,0.97522
1316,109,678,450,-1.1408,0.9453
1316,115.5,678,450,-0.14571,0.97997
1316,122,678,450,0.81663,0.98133
1316,128.5,678,450,1.8375,0.99353
1316,135,678,450,2.1946,0.78912
1316,141.5,678,450,3.0359,0.94306
1316,148,678,450,-2.6244,0.97964
1316,154.5,678,450,-2.0688,0.97363
1316,161,678,450,-1.6967,0.87098
1316,167.5,678,450,-1.2566,0.9528
1316,174,678,450,-0.81946,0.98722
1316,180.5,678,450,-0.56107,0.84854
1316,187,678,450,0.91582,0.097714
1316,193.5,678,450,0.035945,0.94064
1316,200,678,450,0.50812,0.92658
1367,5,678,450,-0.29755,0.96313
1367,11.5,678,450,-0.29755,0.96313
1367,18,678,450,-0.2588,0.96336
1367,24.5,678,450,-0.21422,0.96359
1367,31,678,450,-0.14801,0.96408
1367,37.5,678,450,-0.067683,0.96492
1367,44,678,450,0.040666,0.96627
1367,50.5,678,450,0.18329,0.9689
1367,57,678,450,0.39498,0.97336
1367,63.5,678,450,0.60463,0.97809
1367,70,678,450,0.90945,0.98399
1367,76.5,678,450,1.3339,0.98687
1367,83,678,450,1.837,0.98041
1367,89.5,678,450,2.4902,0.96936
1367,96,678,450,-3.0375,0.97391
1367,102.5,678,450,-2.0306,0.97905
1367,109,678,450,-0.92622,0.94336
1367,115.5,678,450,-0.20307,0.99077
1367,122,678,450,1.0175,0.98442
1367,128.5,678,450,2.0637,0.98787
1367,135,678,450,2.6675,0.96352
1367,141.5,678,450,-2.9185,0.97979
1367,148,678,450,-2.2941,0.94986
1367,154.5,678,450,-1.6993,0.87982
1367,161,678,450,-1.2639,0.79957
1367,167.5,678,450,-1.1455,0.99235
1367,174,678,450,-0.48687,0.98703
1367,180.5,678,450,0.072769,0.99095
1367,187,678,450,-0.39688,0.35076
1367,193.5,678,450,0.5774,0.74549
1367,200,678,450,-0.12939,0.62087
1418,5,678,450,-0.29927,0.96438
1418,11.5,678,450,-0.29927,0.96438
1418,18,678,450,-0.25933,0.9646
1418,24.5,678,450,-0.21316,0.9651
1418,31,678,450,-0.14468,0.96616
1418,37.5,678,450,-0.061484,0.96734
1418,44,678,450,0.051123,0.96925
1418,50.5,678,450,0.19954,0.97225
1418,57,678,450,0.42019,0.9763
1418,63.5,678,450,0.63854,0.97913
1418,70,678,450,0.95551,0.98027
1418,76.5,678,450,1.3938,0.97603
1418,83,678,450,1.9103,0.96939
1418,89.5,678,450,2.5854,0.97076
1418,96,678,450,-2.9068,0.9855
1418,102.5,678,450,-1.859,0.97742
1418,109,678,450,-0.72118,0.97854
1418,115.5,678,450,-0.014399,0.96255
1418,122,678,450,1.1899,0.97473
1418,128.5,678,450,2.0875,0.99166
1418,135,678,450,2.936,0.98277
1418,141.5,678,450,-2.6328,0.94752
1418,148,678,450,-1.9597,0.88643
1418,154.5,678,450,-0.90948,0.49722
1418,161,678,450,-1.1518,0.89735
1418,167.5,678,450,-0.77943,0.97187
1418,174,678,450,-0.40849,0.92899
1418,180.5,678,450,0.65618,0.92799
1418,187,678,450,0.32275,0.50324
1418,193.5,678,450,1.1817,0.60635
1418,200,678,450,0.9379,0.99304
1469,5,678,450,-0.30137,0.9625
1469,11.5,678,450,-0.30137,0.9625
1469,18,678,450,-0.26006,0.96291
1469,24.5,678,450,-0.21226,0.96374
1469,31,678,450,-0.14112,0.96538
1469,37.5,678,450,-0.054893,0.96686
1469,44,678,450,0.062137,0.96879
1469,50.5,678,450,0.21634,0.97109
1469,57,678,450,0.44516,0.97289
1469,63.5,678,450,0.671,0.9731
1469,70,678,450,0.99758,0.97087
1469,76.5,678,450,1.4476,0.9668
1469,83,678,450,1.9806,0.97004
1469,89.5,678,450,2.6852,0.98429
1469,96,678,450,-2.7706,0.99159
1469,102.5,678,450,-1.6901,0.97662
1469,109,678,450,-0.51217,0.98583
1469,115.5,678,450,0.14738,0.96574
1469,122,678,450,1.4139,0.96167
1469,128.5,678,450,2.2951,0.98689
1469,135,678,450,-3.097,0.96384
1469,141.5,678,450,-2.3104,0.91396
1469,148,678,450,-1.1782,0.59303
1469,154.5,678,450,-1.6034,0.81285
1469,161,678,450,-0.62643,0.89246
1469,167.5,678,450,-0.30616,0.8839
1469,174,678,450,0.091739,0.9876
1469,180.5,678,450,1.2464,0.74409
1469,187,678,450,1.23,0.8118
1469,193.5,678,450,1.4044,0.21333
1469,200,678,450,1.6152,0.92079
