500,25,655,260,-0.13481,0.96083
500,30,655,260,-0.069687,0.96375
500,35,655,260,-0.00025924,0.96671
500,40,655,260,0.10083,0.96942
500,45,655,260,0.1907,0.97036
500,50,655,260,0.31801,0.97123
500,55,655,260,0.45799,0.97081
500,60,655,260,0.64699,0.96749
500,65,655,260,0.82399,0.96341
500,70,655,260,1.0433,0.9595
500,75,655,260,1.2632,0.95547
500,80,655,260,1.5317,0.94931
500,85,655,260,1.8535,0.94576
500,90,655,260,2.1727,0.93992
500,95,655,260,2.4659,0.93655
500,100,655,260,2.8034,0.9319
500,105,655,260,-3.1331,0.93696
500,110,655,260,-2.7743,0.95265
500,115,655,260,-2.426,0.96311
500,120,655,260,-2.0279,0.96723
500,125,655,260,-1.6345,0.93736
500,130,655,260,-1.1536,0.8599
500,135,655,260,-0.71092,0.77281
500,140,655,260,-0.55166,0.74563
500,145,655,260,-0.36789,0.72321
500,150,655,260,-0.25654,0.71692
510,25,655,260,-0.1444,0.9591
510,30,655,260,-0.078165,0.9618
510,35,655,260,-0.0071898,0.96439
510,40,655,260,0.095665,0.9666
510,45,655,260,0.18693,0.96714
510,50,655,260,0.31642,0.96749
510,55,655,260,0.45901,0.96662
510,60,655,260,0.65087,0.96305
510,65,655,260,0.83053,0.95929
510,70,655,260,1.0541,0.95641
510,75,655,260,1.2781,0.95328
510,80,655,260,1.5514,0.94839
510,85,655,260,1.8794,0.94578
510,90,655,260,2.2055,0.94328
510,95,655,260,2.505,0.94177
510,100,655,260,2.8507,0.94179
510,105,655,260,-3.0766,0.94799
510,110,655,260,-2.7066,0.96244
510,115,655,260,-2.3483,0.96767
510,120,655,260,-1.9407,0.95347
510,125,655,260,-1.5445,0.907
510,130,655,260,-1.0696,0.82488
510,135,655,260,-0.63406,0.75213
510,140,655,260,-0.47586,0.7351
510,145,655,260,-0.29087,0.72873
510,150,655,260,-0.17722,0.73215
520,25,655,260,-0.13827,0.95903
520,30,655,260,-0.070725,0.96148
520,35,655,260,0.0016663,0.96377
520,40,655,260,0.10645,0.96553
520,45,655,260,0.19939,0.96572
520,50,655,260,0.33114,0.96568
520,55,655,260,0.47622,0.96462
520,60,655,260,0.67138,0.96101
520,65,655,260,0.85427,0.95773
520,70,655,260,1.0822,0.95614
520,75,655,260,1.3106,0.95393
520,80,655,260,1.5895,0.95071
520,85,655,260,1.9245,0.95003
520,90,655,260,2.2589,0.95008
520,95,655,260,2.5655,0.95092
520,100,655,260,2.9198,0.95364
520,105,655,260,-2.9972,0.9591
520,110,655,260,-2.6145,0.96978
520,115,655,260,-2.2464,0.96388
520,120,655,260,-1.833,0.93119
520,125,655,260,-1.4376,0.87475
520,130,655,260,-0.96859,0.79742
520,135,655,260,-0.53561,0.74888
520,140,655,260,-0.37476,0.74455
520,145,655,260,-0.18339,0.75608
520,150,655,260,-0.063165,0.77035
530,25,655,260,-0.14685,0.95744
530,30,655,260,-0.078251,0.9596
530,35,655,260,-0.0044023,0.9615
530,40,655,260,0.10204,0.9628
530,45,655,260,0.1963,0.96268
530,50,655,260,0.33011,0.96228
530,55,655,260,0.47773,0.9611
530,60,655,260,0.67576,0.95775
530,65,655,260,0.86148,0.9551
530,70,655,260,1.0939,0.95515
530,75,655,260,1.3267,0.9542
530,80,655,260,1.6109,0.95229
530,85,655,260,1.9539,0.95419
530,90,655,260,2.2948,0.95451
530,95,655,260,2.609,0.95638
530,100,655,260,2.9715,0.96059
530,105,655,260,-2.9351,0.96637
530,110,655,260,-2.544,0.96897
530,115,655,260,-2.1681,0.95341
530,120,655,260,-1.753,0.90536
530,125,655,260,-1.3597,0.84291
530,130,655,260,-0.89493,0.77996
530,135,655,260,-0.4605,0.75528
530,140,655,260,-0.29493,0.76328
530,145,655,260,-0.093359,0.79152
530,150,655,260,0.034906,0.81438
540,25,655,260,-0.14161,0.95745
540,30,655,260,-0.071754,0.95933
540,35,655,260,0.0034429,0.96092
540,40,655,260,0.11172,0.96185
540,45,655,260,0.20757,0.9615
540,50,655,260,0.34357,0.96091
540,55,655,260,0.49365,0.95987
540,60,655,260,0.695,0.95695
540,65,655,260,0.8841,0.95521
540,70,655,260,1.1212,0.95689
540,75,655,260,1.3587,0.95703
540,80,655,260,1.6487,0.95701
540,85,655,260,1.9989,0.95952
540,90,655,260,2.3487,0.96336
540,95,655,260,2.6701,0.96523
540,100,655,260,3.0432,0.96919
540,105,655,260,-2.8535,0.97183
540,110,655,260,-2.4522,0.96414
540,115,655,260,-2.0718,0.93608
540,120,655,260,-1.6563,0.87711
540,125,655,260,-1.2669,0.81987
540,130,655,260,-0.80317,0.77608
540,135,655,260,-0.35775,0.78147
540,140,655,260,-0.18314,0.80172
540,145,655,260,0.034419,0.84476
540,150,655,260,0.174,0.87219
550,25,655,260,-0.13004,0.95767
550,30,655,260,-0.058958,0.95925
550,35,655,260,0.017555,0.96054
550,40,655,260,0.12763,0.96115
550,45,655,260,0.22507,0.96064
550,50,655,260,0.36325,0.95996
550,55,655,260,0.51582,0.95923
550,60,655,260,0.72057,0.95693
550,65,655,260,0.91315,0.95626
550,70,655,260,1.1551,0.95957
550,75,655,260,1.3975,0.96089
550,80,655,260,1.6936,0.96233
550,85,655,260,2.0518,0.96622
550,90,655,260,2.4105,0.97012
550,95,655,260,2.7401,0.97233
550,100,655,260,3.1231,0.97629
550,105,655,260,-2.7657,0.97214
550,110,655,260,-2.3562,0.95163
550,115,655,260,-1.9717,0.91651
550,120,655,260,-1.5586,0.85415
550,125,655,260,-1.1713,0.80384
550,130,655,260,-0.70337,0.78463
550,135,655,260,-0.24016,0.81988
550,140,655,260,-0.053231,0.85033
550,145,655,260,0.18353,0.89931
550,150,655,260,0.33536,0.92502
560,25,655,260,-0.13941,0.95626
560,30,655,260,-0.067374,0.95754
560,35,655,260,0.01048,0.9585
560,40,655,260,0.12209,0.95887
560,45,655,260,0.22078,0.9583
560,50,655,260,0.36094,0.95765
560,55,655,260,0.51609,0.95735
560,60,655,260,0.72389,0.956
560,65,655,260,0.91964,0.95662
560,70,655,260,1.1667,0.96145
560,75,655,260,1.414,0.96397
560,80,655,260,1.7161,0.96636
560,85,655,260,2.0824,0.97027
560,90,655,260,2.4488,0.97405
560,95,655,260,2.7848,0.97507
560,100,655,260,-3.1067,0.97597
560,105,655,260,-2.7033,0.9649
560,110,655,260,-2.2904,0.93557
560,115,655,260,-1.9041,0.8941
560,120,655,260,-1.4942,0.83563
560,125,655,260,-1.1069,0.79716
560,130,655,260,-0.63042,0.8009
560,135,655,260,-0.14535,0.85925
560,140,655,260,0.054611,0.89404
560,145,655,260,0.30905,0.9375
560,150,655,260,0.47063,0.95279
570,25,655,260,-0.13454,0.95666
570,30,655,260,-0.061343,0.95768
570,35,655,260,0.01777,0.95841
570,40,655,260,0.13112,0.95864
570,45,655,260,0.23136,0.9581
570,50,655,260,0.3737,0.95761
570,55,655,260,0.53142,0.95791
570,60,655,260,0.74281,0.95729
570,65,655,260,0.94231,0.95939
570,70,655,260,1.1946,0.96569
570,75,655,260,1.4471,0.96909
570,80,655,260,1.7557,0.97276
570,85,655,260,2.1302,0.97624
570,90,655,260,2.5055,0.98035
570,95,655,260,2.8494,0.9785
570,100,655,260,-3.033,0.97444
570,105,655,260,-2.6233,0.95817
570,110,655,260,-2.207,0.91783
570,115,655,260,-1.8198,0.87612
570,120,655,260,-1.4119,0.82387
570,125,655,260,-1.022,0.80304
570,130,655,260,-0.52884,0.83203
570,135,655,260,-0.013056,0.90612
570,140,655,260,0.20162,0.93615
570,145,655,260,0.47244,0.95884
570,150,655,260,0.64057,0.95494
580,25,655,260,-0.14292,0.95557
580,30,655,260,-0.068807,0.95633
580,35,655,260,0.011589,0.95684
580,40,655,260,0.12645,0.95701
580,45,655,260,0.22797,0.9566
580,50,655,260,0.37234,0.95641
580,55,655,260,0.53278,0.95744
580,60,655,260,0.74746,0.95804
580,65,655,260,0.95048,0.96143
580,70,655,260,1.2084,0.96886
580,75,655,260,1.466,0.97296
580,80,655,260,1.7809,0.97691
580,85,655,260,2.1631,0.97998
580,90,655,260,2.5464,0.98056
580,95,655,260,2.8962,0.9762
580,100,655,260,-2.9782,0.967
580,105,655,260,-2.5626,0.94456
580,110,655,260,-2.1457,0.90142
580,115,655,260,-1.7578,0.86178
580,120,655,260,-1.3497,0.82087
580,125,655,260,-0.95419,0.81454
580,130,655,260,-0.44218,0.86498
580,135,655,260,0.1037,0.93918
580,140,655,260,0.3296,0.95559
580,145,655,260,0.60916,0.94878
580,150,655,260,0.77856,0.92653
590,25,655,260,-0.13782,0.95624
590,30,655,260,-0.062597,0.9568
590,35,655,260,0.019018,0.9572
590,40,655,260,0.13561,0.95742
590,45,655,260,0.23869,0.9572
590,50,655,260,0.38529,0.9574
590,55,655,260,0.54846,0.95924
590,60,655,260,0.76698,0.96099
590,65,655,260,0.97406,0.96551
590,70,655,260,1.2375,0.97386
590,75,655,260,1.5005,0.97834
590,80,655,260,1.8221,0.9824
590,85,655,260,2.2126,0.98369
590,90,655,260,2.6043,0.98117
590,95,655,260,2.9607,0.97525
590,100,655,260,-2.9076,0.95879
590,105,655,260,-2.4868,0.93149
590,110,655,260,-2.0677,0.88645
590,115,655,260,-1.6791,0.85336
590,120,655,260,-1.2681,0.82763
590,125,655,260,-0.86203,0.84057
590,130,655,260,-0.32344,0.90518
590,135,655,260,0.25367,0.95908
590,140,655,260,0.4871,0.95267
590,145,655,260,0.76779,0.91354
590,150,655,260,0.9335,0.87713
600,25,655,260,-0.1332,0.9571
600,30,655,260,-0.056873,0.9575
600,35,655,260,0.025963,0.95784
600,40,655,260,0.1443,0.95821
600,45,655,260,0.24899,0.95828
600,50,655,260,0.39787,0.95896
600,55,655,260,0.56388,0.96168
600,60,655,260,0.78632,0.96449
600,65,655,260,0.99761,0.97002
600,70,655,260,1.2667,0.97889
600,75,655,260,1.5352,0.98338
600,80,655,260,1.8635,0.98707
600,85,655,260,2.2619,0.986
600,90,655,260,2.6615,0.98136
600,95,655,260,3.0243,0.96968
600,100,655,260,-2.8379,0.9502
600,105,655,260,-2.4144,0.91895
600,110,655,260,-1.994,0.87554
600,115,655,260,-1.6027,0.85122
600,120,655,260,-1.1845,0.84188
600,125,655,260,-0.76311,0.87215
600,130,655,260,-0.19645,0.93928
600,135,655,260,0.40471,0.95413
600,140,655,260,0.6397,0.92459
600,145,655,260,0.9138,0.86309
600,150,655,260,1.0731,0.82156
