500,5,623,450,-0.24825,0.95293
500,11.5,623,450,-0.24825,0.95293
500,18,623,450,-0.23147,0.95382
500,24.5,623,450,-0.21334,0.95472
500,31,623,450,-0.18302,0.95545
500,37.5,623,450,-0.1472,0.95631
500,44,623,450,-0.10082,0.95729
500,50.5,623,450,-0.035388,0.95704
500,57,623,450,0.064716,0.95399
500,63.5,623,450,0.16622,0.94801
500,70,623,450,0.31062,0.93923
500,76.5,623,450,0.52153,0.92135
500,83,623,450,0.78544,0.89931
500,89.5,623,450,1.1626,0.87537
500,96,623,450,1.6827,0.84997
500,102.5,623,450,2.6084,0.4436
500,109,623,450,2.6929,0.29542
500,115.5,623,450,-3.0329,0.39692
500,122,623,450,-2.6105,0.46575
500,128.5,623,450,-2.1984,0.56125
500,135,623,450,-1.8676,0.62668
500,141.5,623,450,-1.5887,0.66014
500,148,623,450,-1.336,0.63043
500,154.5,623,450,-1.1437,0.51732
500,161,623,450,-1.0874,0.42703
500,167.5,623,450,-1.069,0.41177
500,174,623,450,-1.0786,0.5041
500,180.5,623,450,-0.90152,0.63532
500,187,623,450,-0.75127,0.66949
500,193.5,623,450,-0.58491,0.6687
500,200,623,450,-0.40733,0.63857
551,5,623,450,-0.25419,0.95387
551,11.5,623,450,-0.25419,0.95387
551,18,623,450,-0.23578,0.95438
551,24.5,623,450,-0.2157,0.95473
551,31,623,450,-0.18272,0.95478
551,37.5,623,450,-0.14348,0.95487
551,44,623,450,-0.092306,0.95488
551,50.5,623,450,-0.020816,0.95352
551,57,623,450,0.088455,0.94936
551,63.5,623,450,0.19934,0.94294
551,70,623,450,0.35836,0.93384
551,76.5,623,450,0.59049,0.91786
551,83,623,450,0.88279,0.89973
551,89.5,623,450,1.2953,0.88053
551,96,623,450,1.8387,0.86438
551,102.5,623,450,2.6868,0.43376
551,109,623,450,2.9394,0.56966
551,115.5,623,450,-2.7132,0.69345
551,122,623,450,-2.24,0.75888
551,128.5,623,450,-1.8147,0.78089
551,135,623,450,-1.4879,0.74133
551,141.5,623,450,-1.2233,0.70394
551,148,623,450,-0.91707,0.59132
551,154.5,623,450,-0.92509,0.31529
551,161,623,450,-0.97715,0.41107
551,167.5,623,450,-1.0032,0.55975
551,174,623,450,-0.77976,0.78233
551,180.5,623,450,-0.5269,0.83197
551,187,623,450,-0.35339,0.83508
551,193.5,623,450,-0.16359,0.80327
551,200,623,450,0.012798,0.68092
602,5,623,450,-0.2667,0.95782
602,11.5,623,450,-0.2667,0.95782
602,18,623,450,-0.24691,0.95789
602,24.5,623,450,-0.22517,0.95788
602,31,623,450,-0.18982,0.95759
602,37.5,623,450,-0.14752,0.95723
602,44,623,450,-0.091984,0.95682
602,50.5,623,450,-0.014769,0.95545
602,57,623,450,0.10353,0.95209
602,63.5,623,450,0.22399,0.94668
602,70,623,450,0.398,0.94012
602,76.5,623,450,0.65335,0.92766
602,83,623,450,0.97592,0.91241
602,89.5,623,450,1.4227,0.89434
602,96,623,450,1.9744,0.8743
602,102.5,623,450,2.624,0.628
602,109,623,450,-3.0269,0.83084
602,115.5,623,450,-2.387,0.84706
602,122,623,450,-1.9338,0.79444
602,128.5,623,450,-1.5931,0.72578
602,135,623,450,-1.324,0.7239
602,141.5,623,450,-1.0564,0.72792
602,148,623,450,-0.73764,0.54276
602,154.5,623,450,-0.80717,0.50493
602,161,623,450,-0.73481,0.5279
602,167.5,623,450,-0.60774,0.81583
602,174,623,450,-0.35698,0.93246
602,180.5,623,450,-0.10148,0.95375
602,187,623,450,0.084718,0.94581
602,193.5,623,450,0.27358,0.93836
602,200,623,450,0.47949,0.93073
653,5,623,450,-0.26943,0.96099
653,11.5,623,450,-0.26943,0.96099
653,18,623,450,-0.24833,0.96097
653,24.5,623,450,-0.22503,0.96111
653,31,623,450,-0.1873,0.96118
653,37.5,623,450,-0.142,0.96109
653,44,623,450,-0.082033,0.9612
653,50.5,623,450,0.0012665,0.96092
653,57,623,450,0.12943,0.95923
653,63.5,623,450,0.26041,0.95544
653,70,623,450,0.45107,0.95072
653,76.5,623,450,0.7315,0.93905
653,83,623,450,1.0847,0.9212
653,89.5,623,450,1.5659,0.89908
653,96,623,450,2.1295,0.87609
653,102.5,623,450,2.8414,0.86866
653,109,623,450,-2.7865,0.87265
653,115.5,623,450,-2.1817,0.80422
653,122,623,450,-1.7955,0.73128
653,128.5,623,450,-1.4754,0.79109
653,135,623,450,-1.1454,0.82693
653,141.5,623,450,-0.84838,0.81338
653,148,623,450,-0.51114,0.79066
653,154.5,623,450,-0.28878,0.53115
653,161,623,450,-0.35147,0.47333
653,167.5,623,450,-0.14912,0.70179
653,174,623,450,0.11845,0.7139
653,180.5,623,450,0.33929,0.61447
653,187,623,450,0.3928,0.66294
653,193.5,623,450,0.62446,0.81675
653,200,623,450,0.86768,0.87164
704,5,623,450,-0.27177,0.96026
704,11.5,623,450,-0.27177,0.96026
704,18,623,450,-0.24928,0.96064
704,24.5,623,450,-0.22418,0.96129
704,31,623,450,-0.18377,0.96201
704,37.5,623,450,-0.13515,0.96261
704,44,623,450,-0.070319,0.96362
704,50.5,623,450,0.01972,0.96428
704,57,623,450,0.15861,0.96335
704,63.5,623,450,0.30071,0.95946
704,70,623,450,0.50835,0.95348
704,76.5,623,450,0.81308,0.93769
704,83,623,450,1.194,0.91462
704,89.5,623,450,1.7092,0.88736
704,96,623,450,2.3077,0.85977
704,102.5,623,450,2.9866,0.84828
704,109,623,450,-2.6347,0.84257
704,115.5,623,450,-2.0832,0.78859
704,122,623,450,-1.6642,0.86352
704,128.5,623,450,-1.2152,0.83781
704,135,623,450,-0.85193,0.7454
704,141.5,623,450,-0.57946,0.6443
704,148,623,450,-0.13508,0.669
704,154.5,623,450,0.023737,0.34505
704,161,623,450,-0.049333,0.40166
704,167.5,623,450,0.26644,0.48668
704,174,623,450,0.46235,0.39363
704,180.5,623,450,0.39733,0.45576
704,187,623,450,0.65493,0.78854
704,193.5,623,450,1.0079,0.93302
704,200,623,450,1.2967,0.9462
755,5,623,450,-0.27584,0.9565
755,11.5,623,450,-0.27584,0.9565
755,18,623,450,-0.25178,0.95729
755,24.5,623,450,-0.22459,0.95829
755,31,623,450,-0.18123,0.9593
755,37.5,623,450,-0.12895,0.96031
755,44,623,450,-0.058897,0.96162
755,50.5,623,450,0.038102,0.96204
755,57,623,450,0.18752,0.95984
755,63.5,623,450,0.34019,0.95416
755,70,623,450,0.56339,0.94469
755,76.5,623,450,0.88918,0.92599
755,83,623,450,1.2954,0.90092
755,89.5,623,450,1.8456,0.87608
755,96,623,450,2.5056,0.82982
755,102.5,623,450,3.0988,0.82668
755,109,623,450,-2.5002,0.8136
755,115.5,623,450,-1.8924,0.87212
755,122,623,450,-1.4047,0.78258
755,128.5,623,450,-0.96121,0.63503
755,135,623,450,-0.61516,0.51719
755,141.5,623,450,-0.3866,0.44222
755,148,623,450,0.11785,0.41745
755,154.5,623,450,0.18277,0.26521
755,161,623,450,0.44142,0.39388
755,167.5,623,450,0.80694,0.25351
755,174,623,450,0.73257,0.19124
755,180.5,623,450,0.76757,0.55385
755,187,623,450,1.2092,0.75932
755,193.5,623,450,1.5952,0.80128
755,200,623,450,1.8987,0.74047
806,5,623,450,-0.28175,0.95346
806,11.5,623,450,-0.28175,0.95346
806,18,623,450,-0.25596,0.95432
806,24.5,623,450,-0.22666,0.95513
806,31,623,450,-0.18033,0.95582
806,37.5,623,450,-0.12439,0.95655
806,44,623,450,-0.049196,0.95732
806,50.5,623,450,0.054264,0.95663
806,57,623,450,0.21321,0.9527
806,63.5,623,450,0.37537,0.94568
806,70,623,450,0.61226,0.93532
806,76.5,623,450,0.95857,0.91752
806,83,623,450,1.3927,0.89991
806,89.5,623,450,1.9823,0.8795
806,96,623,450,2.7127,0.80838
806,102.5,623,450,-3.0291,0.79622
806,109,623,450,-2.2947,0.69857
806,115.5,623,450,-1.6865,0.69634
806,122,623,450,-1.211,0.61822
806,128.5,623,450,-0.7313,0.46801
806,135,623,450,-0.31727,0.36079
806,141.5,623,450,0.058629,0.24712
806,148,623,450,0.18931,0.18068
806,154.5,623,450,0.39322,0.19267
806,161,623,450,0.88418,0.16138
806,167.5,623,450,1.078,0.13336
806,174,623,450,1.0165,0.1406
806,180.5,623,450,1.4175,0.42325
806,187,623,450,1.8606,0.45081
806,193.5,623,450,2.1665,0.35648
806,200,623,450,2.1732,0.44495
857,5,623,450,-0.28807,0.95404
857,11.5,623,450,-0.28807,0.95404
857,18,623,450,-0.26056,0.95467
857,24.5,623,450,-0.2294,0.95498
857,31,623,450,-0.18044,0.95504
857,37.5,623,450,-0.1211,0.95515
857,44,623,450,-0.041183,0.95516
857,50.5,623,450,0.068233,0.95372
857,57,623,450,0.23597,0.94961
857,63.5,623,450,0.40755,0.94322
857,70,623,450,0.65867,0.93601
857,76.5,623,450,1.0272,0.92465
857,83,623,450,1.4943,0.91147
857,89.5,623,450,2.1286,0.89161
857,96,623,450,2.9214,0.81241
857,102.5,623,450,-2.7811,0.72646
857,109,623,450,-2.2356,0.47072
857,115.5,623,450,-1.5077,0.57304
857,122,623,450,-0.95105,0.50792
857,128.5,623,450,-0.28385,0.32329
857,135,623,450,0.41855,0.12011
857,141.5,623,450,-0.52996,0.0050815
857,148,623,450,0.052918,0.15821
857,154.5,623,450,0.52533,0.21045
857,161,623,450,1.3539,0.19055
857,167.5,623,450,1.7831,0.12192
857,174,623,450,1.6915,0.14636
857,180.5,623,450,2.2838,0.32165
857,187,623,450,2.7328,0.27094
857,193.5,623,450,2.6443,0.16633
857,200,623,450,2.7017,0.2874
908,5,623,450,-0.29279,0.95771
908,11.5,623,450,-0.29279,0.95771
908,18,623,450,-0.26386,0.95798
908,24.5,623,450,-0.23105,0.95803
908,31,623,450,-0.17971,0.95777
908,37.5,623,450,-0.11726,0.95752
908,44,623,450,-0.03291,0.95733
908,50.5,623,450,0.082318,0.95634
908,57,623,450,0.25938,0.95391
908,63.5,623,450,0.44099,0.94966
908,70,623,450,0.70891,0.94558
908,76.5,623,450,1.1036,0.93718
908,83,623,450,1.6041,0.92027
908,89.5,623,450,2.2781,0.8926
908,96,623,450,3.1254,0.82579
908,102.5,623,450,-2.4246,0.58541
908,109,623,450,-2.1021,0.45046
908,115.5,623,450,-1.202,0.48833
908,122,623,450,-0.41499,0.35508
908,128.5,623,450,0.69303,0.064819
908,135,623,450,-0.96234,0.005503
908,141.5,623,450,-0.42199,0.054718
908,148,623,450,0.66631,0.13358
908,154.5,623,450,1.2811,0.17695
908,161,623,450,2.1538,0.22507
908,167.5,623,450,2.6159,0.19952
908,174,623,450,2.9566,0.36366
908,180.5,623,450,-2.6204,0.37439
908,187,623,450,-1.9425,0.1556
908,193.5,623,450,-3.0305,0.024624
908,200,623,450,3.0605,0.28182
959,5,623,450,-0.30514,0.96087
959,11.5,623,450,-0.30514,0.96087
959,18,623,450,-0.27493,0.96077
959,24.5,623,450,-0.24039,0.96122
959,31,623,450,-0.18664,0.96133
959,37.5,623,450,-0.1211,0.96134
959,44,623,450,-0.032194,0.96167
959,50.5,623,450,0.089353,0.96183
959,57,623,450,0.27695,0.961
959,63.5,623,450,0.46973,0.95799
959,70,623,450,0.75542,0.95372
959,76.5,623,450,1.1761,0.94011
959,83,623,450,1.7052,0.91425
959,89.5,623,450,2.414,0.881
959,96,623,450,-2.9772,0.83439
959,102.5,623,450,-2.0169,0.43288
959,109,623,450,-1.7928,0.41237
959,115.5,623,450,-0.63794,0.35261
959,122,623,450,0.53367,0.088486
959,128.5,623,450,-1.2509,0.0011528
959,135,623,450,0.077299,0.03022
959,141.5,623,450,1.185,0.065826
959,148,623,450,2.2536,0.13012
959,154.5,623,450,2.5862,0.083691
959,161,623,450,3.0816,0.29958
959,167.5,623,450,-2.751,0.36798
959,174,623,450,-2.2457,0.44129
959,180.5,623,450,-1.558,0.35046
959,187,623,450,-0.80514,0.049534
959,193.5,623,450,-2.9208,0.075346
959,200,623,450,-2.2049,0.28063
1010,5,623,450,-0.30742,0.96034
1010,11.5,623,450,-0.30742,0.96034
1010,18,623,450,-0.27577,0.96097
1010,24.5,623,450,-0.23932,0.96145
1010,31,623,450,-0.18289,0.9622
1010,37.5,623,450,-0.11401,0.96277
1010,44,623,450,-0.020166,0.96377
1010,50.5,623,450,0.10826,0.96447
1010,57,623,450,0.30678,0.9633
1010,63.5,623,450,0.51078,0.95876
1010,70,623,450,0.81281,0.95009
1010,76.5,623,450,1.255,0.92911
1010,83,623,450,1.808,0.90093
1010,89.5,623,450,2.551,0.87473
1010,96,623,450,-2.8028,0.84559
1010,102.5,623,450,-1.5965,0.36361
1010,109,623,450,-1.295,0.35033
1010,115.5,623,450,0.17891,0.17314
1010,122,623,450,1.1664,0.0043586
1010,128.5,623,450,0.59825,0.025485
1010,135,623,450,1.7306,0.11237
1010,141.5,623,450,2.5996,0.20578
1010,148,623,450,-2.8025,0.3019
1010,154.5,623,450,-2.5687,0.086852
1010,161,623,450,-2.4953,0.27374
1010,167.5,623,450,-2.1787,0.48846
1010,174,623,450,-1.6799,0.49031
1010,180.5,623,450,-1.0198,0.22921
1010,187,623,450,-1.8701,0.10048
1010,193.5,623,450,-1.5128,0.38194
1010,200,623,450,-0.97248,0.29135
1061,5,623,450,-0.31099,0.9571
1061,11.5,623,450,-0.31099,0.9571
1061,18,623,450,-0.27772,0.9577
1061,24.5,623,450,-0.23933,0.95855
1061,31,623,450,-0.17993,0.95954
1061,37.5,623,450,-0.10745,0.96037
1061,44,623,450,-0.0084493,0.96147
1061,50.5,623,450,0.12682,0.96151
1061,57,623,450,0.33551,0.95826
1061,63.5,623,450,0.54925,0.95129
1061,70,623,450,0.8653,0.93944
1061,76.5,623,450,1.326,0.9188
1061,83,623,450,1.9052,0.89904
1061,89.5,623,450,2.6888,0.88359
1061,96,623,450,-2.6449,0.85205
1061,102.5,623,450,-1.2061,0.38283
1061,109,623,450,-0.72238,0.30379
1061,115.5,623,450,0.83095,0.09499
1061,122,623,450,0.87503,0.030569
1061,128.5,623,450,1.8286,0.16539
1061,135,623,450,2.6869,0.28878
1061,141.5,623,450,-3.049,0.28958
1061,148,623,450,-2.381,0.43434
1061,154.5,623,450,-2.3358,0.19186
1061,161,623,450,-2.1278,0.45851
1061,167.5,623,450,-1.635,0.65853
1061,174,623,450,-1.2534,0.4787
1061,180.5,623,450,-1.2084,0.42539
1061,187,623,450,-0.90953,0.60587
1061,193.5,623,450,-0.42562,0.57385
1061,200,623,450,-0.15153,0.19389
1112,5,623,450,-0.31672,0.95455
1112,11.5,623,450,-0.31672,0.95455
1112,18,623,450,-0.28185,0.95447
1112,24.5,623,450,-0.24141,0.95541
1112,31,623,450,-0.17909,0.95603
1112,37.5,623,450,-0.10299,0.95663
1112,44,623,450,0.0010098,0.95718
1112,50.5,623,450,0.1425,0.95613
1112,57,623,450,0.36018,0.95142
1112,63.5,623,450,0.58291,0.94377
1112,70,623,450,0.91195,0.93411
1112,76.5,623,450,1.3941,0.92108
1112,83,623,450,2.0057,0.91082
1112,89.5,623,450,2.8339,0.89469
1112,96,623,450,-2.4752,0.85854
1112,102.5,623,450,-0.89151,0.41788
1112,109,623,450,-0.25444,0.35168
1112,115.5,623,450,1.0776,0.13094
1112,122,623,450,1.5884,0.16008
1112,128.5,623,450,2.4618,0.32376
1112,135,623,450,3.0902,0.40843
1112,141.5,623,450,-2.8261,0.43327
1112,148,623,450,-2.2192,0.63786
1112,154.5,623,450,-1.9236,0.67241
1112,161,623,450,-1.4641,0.71104
1112,167.5,623,450,-1.085,0.52644
1112,174,623,450,-1.0411,0.4254
1112,180.5,623,450,-0.7345,0.70298
1112,187,623,450,-0.35806,0.73077
1112,193.5,623,450,0.12342,0.48226
1112,200,623,450,0.16678,0.31901
1163,5,623,450,-0.32403,0.95723
1163,11.5,623,450,-0.32403,0.95723
1163,18,623,450,-0.28753,0.95788
1163,24.5,623,450,-0.24509,0.95851
1163,31,623,450,-0.18012,0.95849
1163,37.5,623,450,-0.10065,0.95853
1163,44,623,450,0.0079976,0.95849
1163,50.5,623,450,0.1553,0.95705
1163,57,623,450,0.38179,0.95307
1163,63.5,623,450,0.614,0.94767
1163,70,623,450,0.95886,0.94252
1163,76.5,623,450,1.4672,0.93474
1163,83,623,450,2.1135,0.92078
1163,89.5,623,450,2.9805,0.8923
1163,96,623,450,-2.2944,0.85628
1163,102.5,623,450,-0.72079,0.41705
1163,109,623,450,0.12872,0.52823
1163,115.5,623,450,1.3781,0.25294
1163,122,623,450,2.0131,0.29081
1163,128.5,623,450,2.7285,0.4711
1163,135,623,450,-2.9658,0.63716
1163,141.5,623,450,-2.4677,0.76733
1163,148,623,450,-1.9301,0.88999
1163,154.5,623,450,-1.4572,0.83368
1163,161,623,450,-0.95296,0.58078
1163,167.5,623,450,-0.93256,0.40919
1163,174,623,450,-0.9251,0.57916
1163,180.5,623,450,-0.37034,0.87561
1163,187,623,450,0.012785,0.86765
1163,193.5,623,450,0.30822,0.74526
1163,200,623,450,0.63789,0.65614
1214,5,623,450,-0.32924,0.96069
1214,11.5,623,450,-0.32924,0.96069
1214,18,623,450,-0.29123,0.96094
1214,24.5,623,450,-0.24695,0.96127
1214,31,623,450,-0.17959,0.96104
1214,37.5,623,450,-0.096971,0.96084
1214,44,623,450,0.016205,0.96079
1214,50.5,623,450,0.1695,0.96013
1214,57,623,450,0.40575,0.95833
1214,63.5,623,450,0.64867,0.95524
1214,70,623,450,1.0116,0.95258
1214,76.5,623,450,1.5474,0.94137
1214,83,623,450,2.2236,0.91644
1214,89.5,623,450,3.1242,0.88162
1214,96,623,450,-2.0986,0.83725
1214,102.5,623,450,-0.76379,0.4626
1214,109,623,450,0.49296,0.71934
1214,115.5,623,450,1.5832,0.33406
1214,122,623,450,2.1965,0.47013
1214,128.5,623,450,2.9717,0.74753
1214,135,623,450,-2.6269,0.85547
1214,141.5,623,450,-2.0989,0.81934
1214,148,623,450,-1.7184,0.74829
1214,154.5,623,450,-1.2149,0.88866
1214,161,623,450,-0.82305,0.50749
1214,167.5,623,450,-0.55895,0.4998
1214,174,623,450,-0.45846,0.77723
1214,180.5,623,450,0.092717,0.92634
1214,187,623,450,0.44352,0.89621
1214,193.5,623,450,0.85049,0.88036
1214,200,623,450,1.2469,0.79851
1265,5,623,450,-0.33228,0.96399
1265,11.5,623,450,-0.33228,0.96399
1265,18,623,450,-0.29289,0.96402
1265,24.5,623,450,-0.24692,0.96424
1265,31,623,450,-0.17711,0.9644
1265,37.5,623,450,-0.091334,0.96445
1265,44,623,450,0.026537,0.9649
1265,50.5,623,450,0.18639,0.96527
1265,57,623,450,0.43353,0.9646
1265,63.5,623,450,0.68836,0.96154
1265,70,623,450,1.069,0.95497
1265,76.5,623,450,1.6279,0.93485
1265,83,623,450,2.3275,0.90362
1265,89.5,623,450,-3.0237,0.87791
1265,96,623,450,-1.9071,0.82149
1265,102.5,623,450,-0.66914,0.8068
1265,109,623,450,0.76164,0.76875
1265,115.5,623,450,1.6435,0.49311
1265,122,623,450,2.4561,0.78138
1265,128.5,623,450,-2.985,0.85428
1265,135,623,450,-2.3845,0.77988
1265,141.5,623,450,-1.8476,0.85259
1265,148,623,450,-1.5625,0.71823
1265,154.5,623,450,-0.9653,0.93268
1265,161,623,450,-0.37805,0.75358
1265,167.5,623,450,-0.1078,0.34428
1265,174,623,450,0.051711,0.59867
1265,180.5,623,450,0.47113,0.49497
1265,187,623,450,0.69835,0.7968
1265,193.5,623,450,1.1991,0.89414
1265,200,623,450,1.6518,0.79395
1316,5,623,450,-0.34498,0.96397
1316,11.5,623,450,-0.34498,0.96397
1316,18,623,450,-0.30426,0.96419
1316,24.5,623,450,-0.25655,0.96457
1316,31,623,450,-0.18401,0.96523
1316,37.5,623,450,-0.094862,0.96576
1316,44,623,450,0.027997,0.96664
1316,50.5,623,450,0.19479,0.96708
1316,57,623,450,0.45276,0.96505
1316,63.5,623,450,0.71829,0.95887
1316,70,623,450,1.1138,0.94728
1316,76.5,623,450,1.691,0.92328
1316,83,623,450,2.4152,0.90057
1316,89.5,623,450,-2.8953,0.88567
1316,96,623,450,-1.7278,0.83059
1316,102.5,623,450,-0.47217,0.86956
1316,109,623,450,0.89615,0.73463
1316,115.5,623,450,1.8423,0.80066
1316,122,623,450,2.7542,0.86323
1316,128.5,623,450,-2.8043,0.74861
1316,135,623,450,-2.2313,0.83158
1316,141.5,623,450,-1.5692,0.81587
1316,148,623,450,-1.31,0.57767
1316,154.5,623,450,-0.64589,0.70415
1316,161,623,450,0.070593,0.53937
1316,167.5,623,450,0.10573,0.24877
1316,174,623,450,0.47958,0.38715
1316,180.5,623,450,0.50159,0.44297
1316,187,623,450,1.094,0.90543
1316,193.5,623,450,1.6278,0.9551
1316,200,623,450,2.0709,0.94702
1367,5,623,450,-0.34811,0.96076
1367,11.5,623,450,-0.34811,0.96076
1367,18,623,450,-0.30594,0.96128
1367,24.5,623,450,-0.25633,0.96203
1367,31,623,450,-0.18084,0.96276
1367,37.5,623,450,-0.088106,0.96343
1367,44,623,450,0.039818,0.96422
1367,50.5,623,450,0.21321,0.96368
1367,57,623,450,0.4808,0.95918
1367,63.5,623,450,0.75552,0.95087
1367,70,623,450,1.1636,0.9384
1367,76.5,623,450,1.7597,0.92122
1367,83,623,450,2.5157,0.91144
1367,89.5,623,450,-2.7478,0.89437
1367,96,623,450,-1.538,0.84541
1367,102.5,623,450,-0.35068,0.83965
1367,109,623,450,0.94893,0.78356
1367,115.5,623,450,2.1162,0.85284
1367,122,623,450,2.9436,0.77077
1367,128.5,623,450,-2.6698,0.78312
1367,135,623,450,-1.8904,0.7628
1367,141.5,623,450,-1.316,0.5998
1367,148,623,450,-1.0103,0.4067
1367,154.5,623,450,-0.43668,0.4193
1367,161,623,450,0.44608,0.31616
1367,167.5,623,450,0.57415,0.29447
1367,174,623,450,1.0032,0.19389
1367,180.5,623,450,0.97889,0.51453
1367,187,623,450,1.7061,0.68761
1367,193.5,623,450,2.098,0.5648
1367,200,623,450,2.5226,0.68723
1418,5,623,450,-0.35333,0.95746
1418,11.5,623,450,-0.35333,0.95746
1418,18,623,450,-0.30945,0.95827
1418,24.5,623,450,-0.25787,0.9591
1418,31,623,450,-0.17958,0.95946
1418,37.5,623,450,-0.083284,0.95986
1418,44,623,450,0.049506,0.96016
1418,50.5,623,450,0.22897,0.95867
1418,57,623,450,0.50509,0.95344
1418,63.5,623,450,0.78838,0.94616
1418,70,623,450,1.2103,0.93849
1418,76.5,623,450,1.8314,0.93149
1418,83,623,450,2.6241,0.92028
1418,89.5,623,450,-2.5994,0.89041
1418,96,623,450,-1.3481,0.83588
1418,102.5,623,450,-0.22411,0.81881
1418,109,623,450,1.1348,0.86257
1418,115.5,623,450,2.2914,0.75704
1418,122,623,450,3.0771,0.71846
1418,128.5,623,450,-2.343,0.70999
1418,135,623,450,-1.6111,0.50317
1418,141.5,623,450,-1.0771,0.42547
1418,148,623,450,-0.51217,0.30835
1418,154.5,623,450,0.17585,0.1697
1418,161,623,450,0.81288,0.096041
1418,167.5,623,450,0.99532,0.11229
1418,174,623,450,1.5286,0.14792
1418,180.5,623,450,1.689,0.34901
1418,187,623,450,2.3262,0.28947
1418,193.5,623,450,2.4671,0.45138
1418,200,623,450,2.7893,0.73415
1469,5,623,450,-0.3596,0.95738
1469,11.5,623,450,-0.3596,0.95738
1469,18,623,450,-0.31408,0.95821
1469,24.5,623,450,-0.26045,0.95879
1469,31,623,450,-0.17971,0.95866
1469,37.5,623,450,-0.080093,0.95862
1469,44,623,450,0.057309,0.95862
1469,50.5,623,450,0.24253,0.9573
1469,57,623,450,0.52755,0.95395
1469,63.5,623,450,0.8208,0.94993
1469,70,623,450,1.2599,0.94781
1469,76.5,623,450,1.9098,0.94109
1469,83,623,450,2.7343,0.91633
1469,89.5,623,450,-2.4593,0.87906
1469,96,623,450,-1.1712,0.84121
1469,102.5,623,450,-0.031081,0.78284
1469,109,623,450,1.2785,0.74718
1469,115.5,623,450,2.4518,0.67987
1469,122,623,450,-2.9903,0.65896
1469,128.5,623,450,-2.0897,0.48537
1469,135,623,450,-1.2915,0.3484
1469,141.5,623,450,-0.49824,0.24535
1469,148,623,450,0.70038,0.24703
1469,154.5,623,450,-2.3242,0.017985
1469,161,623,450,0.29143,0.059838
1469,167.5,623,450,1.4601,0.19774
1469,174,623,450,2.3135,0.14591
1469,180.5,623,450,2.6642,0.30882
1469,187,623,450,-3.0023,0.10522
1469,193.5,623,450,2.8381,0.20924
1469,200,623,450,-2.7884,0.71927
