500,5,669,450,-0.22111,0.95628
500,11.5,669,450,-0.22111,0.95628
500,18,669,450,-0.20572,0.95727
500,24.5,669,450,-0.18933,0.95844
500,31,669,450,-0.16221,0.95996
500,37.5,669,450,-0.1306,0.96192
500,44,669,450,-0.090299,0.96426
500,50.5,669,450,-0.034604,0.96721
500,57,669,450,0.048198,0.97074
500,63.5,669,450,0.12983,0.97338
500,70,669,450,0.24301,0.97596
500,76.5,669,450,0.40024,0.97678
500,83,669,450,0.58332,0.97613
500,89.5,669,450,0.82576,0.97433
500,96,669,450,1.1167,0.97359
500,102.5,669,450,1.5424,0.9741
500,109,669,450,2.0807,0.97907
500,115.5,669,450,-2.8939,0.48824
500,122,669,450,2.1144,0.30202
500,128.5,669,450,2.9456,0.62505
500,135,669,450,-2.866,0.68947
500,141.5,669,450,-2.5124,0.72335
500,148,669,450,-2.2161,0.75465
500,154.5,669,450,-1.9447,0.78403
500,161,669,450,-1.2622,0.46438
500,167.5,669,450,-1.5719,0.88836
500,174,669,450,-1.3125,0.87642
500,180.5,669,450,-0.94722,0.80642
500,187,669,450,-0.21405,0.35223
500,193.5,669,450,-2.0044,0.35725
500,200,669,450,-1.4063,0.73169
551,5,669,450,-0.22535,0.95419
551,11.5,669,450,-0.22535,0.95419
551,18,669,450,-0.20834,0.95502
551,24.5,669,450,-0.18999,0.95609
551,31,669,450,-0.16025,0.9571
551,37.5,669,450,-0.12538,0.95857
551,44,669,450,-0.080583,0.96017
551,50.5,669,450,-0.01931,0.96197
551,57,669,450,0.071491,0.96384
551,63.5,669,450,0.16085,0.96483
551,70,669,450,0.28542,0.96552
551,76.5,669,450,0.45799,0.96555
551,83,669,450,0.65973,0.96604
551,89.5,669,450,0.92778,0.96732
551,96,669,450,1.2502,0.97365
551,102.5,669,450,1.7144,0.9801
551,109,669,450,2.2737,0.98948
551,115.5,669,450,-2.0947,0.083096
551,122,669,450,2.8355,0.68244
551,128.5,669,450,-2.8361,0.80963
551,135,669,450,-2.4105,0.85904
551,141.5,669,450,-2.0668,0.89744
551,148,669,450,-1.7676,0.93078
551,154.5,669,450,-1.488,0.95407
551,161,669,450,-1.2235,0.95884
551,167.5,669,450,-0.8528,0.91872
551,174,669,450,0.0035291,0.38576
551,180.5,669,450,-1.407,0.40444
551,187,669,450,-1.2909,0.69885
551,193.5,669,450,-0.93796,0.76667
551,200,669,450,-0.72535,0.79014
602,5,669,450,-0.23653,0.95516
602,11.5,669,450,-0.23653,0.95516
602,18,669,450,-0.21802,0.9556
602,24.5,669,450,-0.19787,0.95617
602,31,669,450,-0.16582,0.95658
602,37.5,669,450,-0.12802,0.95735
602,44,669,450,-0.079181,0.95808
602,50.5,669,450,-0.012911,0.95903
602,57,669,450,0.085222,0.96027
602,63.5,669,450,0.18182,0.96108
602,70,669,450,0.31724,0.96273
602,76.5,669,450,0.50541,0.96495
602,83,669,450,0.72748,0.96978
602,89.5,669,450,1.023,0.97606
602,96,669,450,1.378,0.98395
602,102.5,669,450,1.8742,0.9814
602,109,669,450,2.427,0.97272
602,115.5,669,450,2.6206,0.76144
602,122,669,450,-2.9524,0.90527
602,128.5,669,450,-2.4514,0.94573
602,135,669,450,-2.0371,0.97185
602,141.5,669,450,-1.6733,0.98681
602,148,669,450,-1.3242,0.98585
602,154.5,669,450,-0.13402,0.0048949
602,161,669,450,-0.75067,0.94825
602,167.5,669,450,-1.9649,0.042633
602,174,669,450,-0.94367,0.59938
602,180.5,669,450,-1.4147,0.92121
602,187,669,450,-0.70062,0.92906
602,193.5,669,450,-0.45789,0.91156
602,200,669,450,-0.26384,0.91374
653,5,669,450,-0.24057,0.95844
653,11.5,669,450,-0.24057,0.95844
653,18,669,450,-0.22079,0.95858
653,24.5,669,450,-0.19906,0.95868
653,31,669,450,-0.16491,0.95888
653,37.5,669,450,-0.12445,0.95935
653,44,669,450,-0.071869,0.95988
653,50.5,669,450,-0.00077298,0.96108
653,57,669,450,0.10471,0.96329
653,63.5,669,450,0.20896,0.96541
653,70,669,450,0.35615,0.96946
653,76.5,669,450,0.56182,0.97551
653,83,669,450,0.80647,0.98323
653,89.5,669,450,1.1317,0.9903
653,96,669,450,1.5179,0.99079
653,102.5,669,450,2.0399,0.97802
653,109,669,450,2.5826,0.96453
653,115.5,669,450,-3.14,0.96461
653,122,669,450,-2.6377,0.97756
653,128.5,669,450,-2.1519,0.98606
653,135,669,450,-1.7314,0.98093
653,141.5,669,450,-1.2523,0.95464
653,148,669,450,-1.5435,0.77562
653,154.5,669,450,-1.0143,0.9153
653,161,669,450,-0.39397,0.88521
653,167.5,669,450,-0.63135,0.85087
653,174,669,450,-0.14145,0.75149
653,180.5,669,450,-0.53882,0.91664
653,187,669,450,-0.20195,0.95007
653,193.5,669,450,0.041582,0.94967
653,200,669,450,0.289,0.989
704,5,669,450,-0.24315,0.96129
704,11.5,669,450,-0.24315,0.96129
704,18,669,450,-0.22221,0.96141
704,24.5,669,450,-0.19906,0.96151
704,31,669,450,-0.16275,0.96205
704,37.5,669,450,-0.11961,0.96288
704,44,669,450,-0.063162,0.96402
704,50.5,669,450,0.013152,0.96632
704,57,669,450,0.12686,0.97025
704,63.5,669,450,0.23953,0.97383
704,70,669,450,0.39982,0.97952
704,76.5,669,450,0.62447,0.98628
704,83,669,450,0.89201,0.99142
704,89.5,669,450,1.2457,0.99241
704,96,669,450,1.6585,0.98475
704,102.5,669,450,2.2082,0.97343
704,109,669,450,2.7832,0.96902
704,115.5,669,450,-2.9244,0.98174
704,122,669,450,-2.419,0.98475
704,128.5,669,450,-1.9183,0.9671
704,135,669,450,-1.3978,0.92481
704,141.5,669,450,-1.3867,0.94042
704,148,669,450,-0.99985,0.9598
704,154.5,669,450,-0.6886,0.97023
704,161,669,450,-0.56482,0.98892
704,167.5,669,450,-0.028153,0.98818
704,174,669,450,1.1102,0.34326
704,180.5,669,450,-0.025888,0.76102
704,187,669,450,0.29614,0.80073
704,193.5,669,450,0.60314,0.75791
704,200,669,450,-0.3287,0.60679
755,5,669,450,-0.24513,0.96124
755,11.5,669,450,-0.24513,0.96124
755,18,669,450,-0.22291,0.96167
755,24.5,669,450,-0.19823,0.96223
755,31,669,450,-0.15952,0.96337
755,37.5,669,450,-0.11341,0.96485
755,44,669,450,-0.052674,0.96684
755,50.5,669,450,0.029441,0.97003
755,57,669,450,0.15206,0.97464
755,63.5,669,450,0.27367,0.97827
755,70,669,450,0.44733,0.98233
755,76.5,669,450,0.69058,0.98548
755,83,669,450,0.97824,0.98518
755,89.5,669,450,1.3556,0.97995
755,96,669,450,1.7936,0.97388
755,102.5,669,450,2.3846,0.97145
755,109,669,450,3.0682,0.94461
755,115.5,669,450,-2.7678,0.98813
755,122,669,450,-2.2361,0.97311
755,128.5,669,450,-1.6643,0.92572
755,135,669,450,-1.4569,0.98901
755,141.5,669,450,-1.0154,0.98999
755,148,669,450,-0.6474,0.9927
755,154.5,669,450,-0.2721,0.97801
755,161,669,450,-0.10517,0.97562
755,167.5,669,450,0.5231,0.88373
755,174,669,450,-0.7854,0.038134
755,180.5,669,450,0.47334,0.68847
755,187,669,450,0.86519,0.66241
755,193.5,669,450,1.7066,0.16965
755,200,669,450,0.68823,0.98943
806,5,669,450,-0.24766,0.95832
806,11.5,669,450,-0.24766,0.95832
806,18,669,450,-0.22397,0.95915
806,24.5,669,450,-0.19747,0.96025
806,31,669,450,-0.15613,0.96169
806,37.5,669,450,-0.10676,0.96356
806,44,669,450,-0.041419,0.96583
806,50.5,669,450,0.046765,0.96884
806,57,669,450,0.17811,0.97238
806,63.5,669,450,0.3082,0.97429
806,70,669,450,0.494,0.97551
806,76.5,669,450,0.75267,0.97417
806,83,669,450,1.0579,0.97207
806,89.5,669,450,1.4581,0.96919
806,96,669,450,1.9266,0.97171
806,102.5,669,450,2.5653,0.97145
806,109,669,450,-2.8932,0.85157
806,115.5,669,450,-2.5945,0.9814
806,122,669,450,-2.0003,0.96235
806,128.5,669,450,-1.8592,0.95723
806,135,669,450,-1.1576,0.99572
806,141.5,669,450,-0.68905,0.9724
806,148,669,450,-0.25501,0.91959
806,154.5,669,450,0.21633,0.80912
806,161,669,450,0.28554,0.95794
806,167.5,669,450,1.1089,0.60199
806,174,669,450,0.14503,0.51867
806,180.5,669,450,1.3973,0.75771
806,187,669,450,3.1266,0.016333
806,193.5,669,450,0.5332,0.85285
806,200,669,450,1.3871,0.95803
857,5,669,450,-0.25168,0.9552
857,11.5,669,450,-0.25168,0.9552
857,18,669,450,-0.22646,0.95616
857,24.5,669,450,-0.1979,0.95729
857,31,669,450,-0.15389,0.95854
857,37.5,669,450,-0.10123,0.96018
857,44,669,450,-0.03137,0.96194
857,50.5,669,450,0.062366,0.96383
857,57,669,450,0.20155,0.96535
857,63.5,669,450,0.33935,0.96571
857,70,669,450,0.53576,0.96546
857,76.5,669,450,0.80869,0.96477
857,83,669,450,1.1319,0.96694
857,89.5,669,450,1.558,0.97286
857,96,669,450,2.0627,0.98115
857,102.5,669,450,2.7484,0.97175
857,109,669,450,-2.5712,0.79399
857,115.5,669,450,-2.3462,0.95732
857,122,669,450,-1.3447,0.66321
857,128.5,669,450,-1.4762,0.96546
857,135,669,450,-0.84894,0.95938
857,141.5,669,450,-0.3164,0.89389
857,148,669,450,0.19199,0.81216
857,154.5,669,450,0.7622,0.68807
857,161,669,450,0.97272,0.55263
857,167.5,669,450,1.9613,0.1897
857,174,669,450,2.3567,0.17095
857,180.5,669,450,0.77505,0.24297
857,187,669,450,2.3462,0.10717
857,193.5,669,450,1.4737,0.75795
857,200,669,450,2.0532,0.75129
908,5,669,450,-0.25668,0.95461
908,11.5,669,450,-0.25668,0.95461
908,18,669,450,-0.22988,0.95527
908,24.5,669,450,-0.19939,0.95591
908,31,669,450,-0.15291,0.95668
908,37.5,669,450,-0.0972,0.95773
908,44,669,450,-0.02318,0.9587
908,50.5,669,450,0.075593,0.9597
908,57,669,450,0.22195,0.96058
908,63.5,669,450,0.36687,0.96082
908,70,669,450,0.57412,0.96282
908,76.5,669,450,0.86238,0.96719
908,83,669,450,1.2069,0.97655
908,89.5,669,450,1.6652,0.98679
908,96,669,450,2.205,0.98875
908,102.5,669,450,2.9298,0.96951
908,109,669,450,-2.3066,0.82877
908,115.5,669,450,-1.979,0.86077
908,122,669,450,-2.5952,0.40689
908,128.5,669,450,-1.1617,0.94089
908,135,669,450,-0.46669,0.89061
908,141.5,669,450,0.16682,0.82165
908,148,669,450,0.83535,0.72981
908,154.5,669,450,1.6144,0.61766
908,161,669,450,2.0243,0.016505
908,167.5,669,450,0.49696,0.00037503
908,174,669,450,0.82724,0.41159
908,180.5,669,450,1.9563,0.57901
908,187,669,450,0.92289,0.13881
908,193.5,669,450,2.2519,0.71357
908,200,669,450,2.7754,0.70256
959,5,669,450,-0.26886,0.95697
959,11.5,669,450,-0.26886,0.95697
959,18,669,450,-0.24056,0.95736
959,24.5,669,450,-0.20859,0.9574
959,31,669,450,-0.15989,0.95775
959,37.5,669,450,-0.1014,0.95837
959,44,669,450,-0.023536,0.95901
959,50.5,669,450,0.080052,0.96016
959,57,669,450,0.23388,0.96237
959,63.5,669,450,0.38636,0.96435
959,70,669,450,0.60541,0.97004
959,76.5,669,450,0.91261,0.97865
959,83,669,450,1.2817,0.98849
959,89.5,669,450,1.7715,0.99379
959,96,669,450,2.3415,0.98431
959,102.5,669,450,3.1008,0.97192
959,109,669,450,-2.0677,0.92982
959,115.5,669,450,-1.4879,0.65268
959,122,669,450,-1.9815,0.68918
959,128.5,669,450,-0.77177,0.86814
959,135,669,450,0.04618,0.7778
959,141.5,669,450,0.85736,0.6335
959,148,669,450,1.701,0.40043
959,154.5,669,450,2.6067,0.23923
959,161,669,450,0.046303,0.15865
959,167.5,669,450,0.19573,0.12914
959,174,669,450,1.7934,0.63225
959,180.5,669,450,2.7418,0.55069
959,187,669,450,2.532,0.87286
959,193.5,669,450,-3.0505,0.89604
959,200,669,450,-2.3009,0.97342
1010,5,669,450,-0.27182,0.9603
1010,11.5,669,450,-0.27182,0.9603
1010,18,669,450,-0.24248,0.96029
1010,24.5,669,450,-0.20906,0.9605
1010,31,669,450,-0.15821,0.96083
1010,37.5,669,450,-0.097029,0.96156
1010,44,669,450,-0.015305,0.9626
1010,50.5,669,450,0.093457,0.96481
1010,57,669,450,0.25552,0.96894
1010,63.5,669,450,0.41665,0.97266
1010,70,669,450,0.64947,0.97994
1010,76.5,669,450,0.97691,0.98779
1010,83,669,450,1.3693,0.99123
1010,89.5,669,450,1.8846,0.98423
1010,96,669,450,2.4799,0.97448
1010,102.5,669,450,-3.0061,0.97459
1010,109,669,450,-1.8667,1.0015
1010,115.5,669,450,-0.97589,0.48012
1010,122,669,450,-1.4887,0.66158
1010,128.5,669,450,-0.25885,0.74632
1010,135,669,450,0.69967,0.58256
1010,141.5,669,450,1.6015,0.35638
1010,148,669,450,2.5072,0.14867
1010,154.5,669,450,-2.69,0.0030047
1010,161,669,450,1.6347,0.58407
1010,167.5,669,450,1.3674,0.060352
1010,174,669,450,2.5932,0.57595
1010,180.5,669,450,-2.2054,0.16218
1010,187,669,450,-2.6392,0.73636
1010,193.5,669,450,-2.1026,0.78815
1010,200,669,450,-0.16214,0.39817
1061,5,669,450,-0.27382,0.96161
1061,11.5,669,450,-0.27382,0.96161
1061,18,669,450,-0.24321,0.96209
1061,24.5,669,450,-0.20825,0.9625
1061,31,669,450,-0.15516,0.96328
1061,37.5,669,450,-0.091095,0.9645
1061,44,669,450,-0.0051854,0.9663
1061,50.5,669,450,0.10934,0.96948
1061,57,669,450,0.28046,0.97431
1061,63.5,669,450,0.45074,0.97788
1061,70,669,450,0.6973,0.9827
1061,76.5,669,450,1.0425,0.98401
1061,83,669,450,1.4531,0.97935
1061,89.5,669,450,1.9897,0.97041
1061,96,669,450,2.6124,0.97178
1061,102.5,669,450,-2.8285,0.97575
1061,109,669,450,-1.7263,0.95874
1061,115.5,669,450,-0.49023,0.45657
1061,122,669,450,-0.95295,0.56825
1061,128.5,669,450,0.31039,0.6161
1061,135,669,450,1.3089,0.45358
1061,141.5,669,450,2.2892,0.24379
1061,148,669,450,-2.7167,0.0013075
1061,154.5,669,450,1.7936,0.39453
1061,161,669,450,2.92,0.93748
1061,167.5,669,450,2.2463,0.018866
1061,174,669,450,-2.9439,0.50992
1061,180.5,669,450,-2.539,0.66737
1061,187,669,450,-2.0479,0.71371
1061,193.5,669,450,-1.3543,0.77961
1061,200,669,450,2.7409,0.24739
1112,5,669,450,-0.27624,0.95959
1112,11.5,669,450,-0.27624,0.95959
1112,18,669,450,-0.24394,0.96093
1112,24.5,669,450,-0.20727,0.9617
1112,31,669,450,-0.1517,0.96297
1112,37.5,669,450,-0.084499,0.96463
1112,44,669,450,0.0059307,0.9668
1112,50.5,669,450,0.12649,0.96989
1112,57,669,450,0.30649,0.9734
1112,63.5,669,450,0.4852,0.97485
1112,70,669,450,0.74362,0.97502
1112,76.5,669,450,1.1032,0.97224
1112,83,669,450,1.5293,0.96755
1112,89.5,669,450,2.0895,0.96954
1112,96,669,450,2.7474,0.98112
1112,102.5,669,450,-2.6528,0.97478
1112,109,669,450,-1.6444,0.95724
1112,115.5,669,450,-0.0026855,0.49694
1112,122,669,450,-0.40061,0.54672
1112,128.5,669,450,0.8257,0.60105
1112,135,669,450,1.8784,0.49351
1112,141.5,669,450,-3.061,0.081199
1112,148,669,450,1.7913,0.40416
1112,154.5,669,450,2.8501,0.81021
1112,161,669,450,-2.6747,0.905
1112,167.5,669,450,2.9948,0.1296
1112,174,669,450,-2.2496,0.54148
1112,180.5,669,450,-1.9957,0.85017
1112,187,669,450,-1.4728,0.8389
1112,193.5,669,450,0.65576,0.085478
1112,200,669,450,-1.4486,0.87048
1163,5,669,450,-0.28039,0.95949
1163,11.5,669,450,-0.28039,0.95949
1163,18,669,450,-0.24681,0.9603
1163,24.5,669,450,-0.2083,0.96125
1163,31,669,450,-0.15002,0.96261
1163,37.5,669,450,-0.079545,0.96423
1163,44,669,450,0.015407,0.966
1163,50.5,669,450,0.14164,0.96794
1163,57,669,450,0.32952,0.96929
1163,63.5,669,450,0.51553,0.96899
1163,70,669,450,0.78403,0.96777
1163,76.5,669,450,1.1572,0.96688
1163,83,669,450,1.6025,0.97107
1163,89.5,669,450,2.1931,0.98329
1163,96,669,450,2.8883,0.98828
1163,102.5,669,450,-2.4793,0.97336
1163,109,669,450,-1.4989,0.97056
1163,115.5,669,450,0.54072,0.40363
1163,122,669,450,0.12435,0.65361
1163,128.5,669,450,1.2877,0.72909
1163,135,669,450,2.5342,0.52381
1163,141.5,669,450,1.5687,0.26089
1163,148,669,450,2.7398,0.71623
1163,154.5,669,450,-2.8718,0.79584
1163,161,669,450,-2.3295,0.88416
1163,167.5,669,450,-2.3441,0.70284
1163,174,669,450,-1.4851,0.68486
1163,180.5,669,450,-1.3544,0.9705
1163,187,669,450,-0.15712,0.42902
1163,193.5,669,450,-1.1566,0.73363
1163,200,669,450,-0.65055,0.82223
1214,5,669,450,-0.28506,0.9572
1214,11.5,669,450,-0.28506,0.9572
1214,18,669,450,-0.24991,0.95803
1214,24.5,669,450,-0.20953,0.95885
1214,31,669,450,-0.14866,0.95988
1214,37.5,669,450,-0.075074,0.96115
1214,44,669,450,0.02411,0.96223
1214,50.5,669,450,0.1554,0.96322
1214,57,669,450,0.35036,0.96383
1214,63.5,669,450,0.54328,0.96418
1214,70,669,450,0.82226,0.96561
1214,76.5,669,450,1.2114,0.97135
1214,83,669,450,1.6803,0.98326
1214,89.5,669,450,2.305,0.99363
1214,96,669,450,3.0309,0.98615
1214,102.5,669,450,-2.3023,0.97681
1214,109,669,450,-0.65016,0.015231
1214,115.5,669,450,-1.4826,0.017521
1214,122,669,450,0.57887,0.83114
1214,128.5,669,450,1.7275,0.88382
1214,135,669,450,-2.4767,0.013947
1214,141.5,669,450,2.524,0.70957
1214,148,669,450,-3.0556,0.81942
1214,154.5,669,450,-2.5032,0.86743
1214,161,669,450,-2.0409,0.95011
1214,167.5,669,450,-1.6088,0.98898
1214,174,669,450,-1.7915,0.59553
1214,180.5,669,450,0.12383,0.45702
1214,187,669,450,-0.56551,0.31783
1214,193.5,669,450,-0.61862,0.83953
1214,200,669,450,-0.18964,0.86094
1265,5,669,450,-0.29001,0.95797
1265,11.5,669,450,-0.29001,0.95797
1265,18,669,450,-0.25338,0.95857
1265,24.5,669,450,-0.21123,0.95907
1265,31,669,450,-0.14801,0.95956
1265,37.5,669,450,-0.07152,0.9604
1265,44,669,450,0.031585,0.9611
1265,50.5,669,450,0.16769,0.96216
1265,57,669,450,0.36986,0.96409
1265,63.5,669,450,0.57036,0.96646
1265,70,669,450,0.86154,0.97221
1265,76.5,669,450,1.2708,0.98296
1265,83,669,450,1.7659,0.99252
1265,89.5,669,450,2.4184,0.98973
1265,96,669,450,-3.1143,0.97565
1265,102.5,669,450,-2.1231,0.97517
1265,109,669,450,-1.8552,0.7363
1265,115.5,669,450,-0.20524,0.86542
1265,122,669,450,0.94048,0.95611
1265,128.5,669,450,2.1466,0.93231
1265,135,669,450,2.1712,0.7105
1265,141.5,669,450,3,0.87802
1265,148,669,450,-2.6726,0.94767
1265,154.5,669,450,-2.109,0.98691
1265,161,669,450,-1.6151,0.95663
1265,167.5,669,450,-1.1324,0.92305
1265,174,669,450,-0.6423,0.96436
1265,180.5,669,450,-0.74985,0.66877
1265,187,669,450,-0.939,0.96345
1265,193.5,669,450,-0.15992,0.95326
1265,200,669,450,0.26453,0.95727
1316,5,669,450,-0.30248,0.9611
1316,11.5,669,450,-0.30248,0.9611
1316,18,669,450,-0.26449,0.96137
1316,24.5,669,450,-0.22075,0.96167
1316,31,669,450,-0.15539,0.96194
1316,37.5,669,450,-0.076119,0.96265
1316,44,669,450,0.030874,0.96362
1316,50.5,669,450,0.1721,0.9657
1316,57,669,450,0.3825,0.96989
1316,63.5,669,450,0.59202,0.97405
1316,70,669,450,0.89729,0.98178
1316,76.5,669,450,1.3271,0.98952
1316,83,669,450,1.8434,0.98842
1316,89.5,669,450,2.5184,0.97649
1316,96,669,450,-2.9885,0.97222
1316,102.5,669,450,-1.9531,0.97195
1316,109,669,450,-1.5827,0.81831
1316,115.5,669,450,0.16876,0.97151
1316,122,669,450,1.1936,0.99135
1316,128.5,669,450,-2.5754,0.0093626
1316,135,669,450,2.6679,0.92189
1316,141.5,669,450,-2.9245,0.97596
1316,148,669,450,-2.3026,0.97826
1316,154.5,669,450,-1.6595,0.89768
1316,161,669,450,-0.58549,0.23135
1316,167.5,669,450,-1.105,0.98236
1316,174,669,450,-1.4503,0.34772
1316,180.5,669,450,-0.00084914,0.85782
1316,187,669,450,-0.22281,0.83769
1316,193.5,669,450,0.37755,0.88686
1316,200,669,450,0.61337,0.9243
1367,5,669,450,-0.3048,0.96384
1367,11.5,669,450,-0.3048,0.96384
1367,18,669,450,-0.26554,0.96405
1367,24.5,669,450,-0.22026,0.96432
1367,31,669,450,-0.15277,0.96498
1367,37.5,669,450,-0.070679,0.96594
1367,44,669,450,0.04045,0.96757
1367,50.5,669,450,0.18749,0.97063
1367,57,669,450,0.4069,0.97554
1367,63.5,669,450,0.62586,0.97981
1367,70,669,450,0.9451,0.98405
1367,76.5,669,450,1.3922,0.98342
1367,83,669,450,1.9245,0.97583
1367,89.5,669,450,2.6199,0.97052
1367,96,669,450,-2.8533,0.98121
1367,102.5,669,450,-1.7782,0.97091
1367,109,669,450,-1.283,0.77927
1367,115.5,669,450,0.36262,0.98691
1367,122,669,450,1.3788,0.98295
1367,128.5,669,450,2.1631,0.94069
1367,135,669,450,2.9907,0.98231
1367,141.5,669,450,-2.5929,0.96141
1367,148,669,450,-1.9306,0.8739
1367,154.5,669,450,-0.63484,0.16652
1367,161,669,450,-0.94841,0.83791
1367,167.5,669,450,-0.74862,0.99077
1367,174,669,450,-0.21832,0.99483
1367,180.5,669,450,1.05,0.63154
1367,187,669,450,0.33403,0.66216
1367,193.5,669,450,1.0432,0.55489
1367,200,669,450,0.9142,0.95448
1418,5,669,450,-0.30651,0.9639
1418,11.5,669,450,-0.30651,0.9639
1418,18,669,450,-0.26603,0.96424
1418,24.5,669,450,-0.21908,0.96479
1418,31,669,450,-0.14914,0.96604
1418,37.5,669,450,-0.064063,0.96739
1418,44,669,450,0.051513,0.96942
1418,50.5,669,450,0.20454,0.97254
1418,57,669,450,0.43305,0.97604
1418,63.5,669,450,0.66055,0.97771
1418,70,669,450,0.99134,0.97717
1418,76.5,669,450,1.4515,0.97178
1418,83,669,450,1.9994,0.96928
1418,89.5,669,450,2.7217,0.97862
1418,96,669,450,-2.7116,0.98812
1418,102.5,669,450,-1.6014,0.97274
1418,109,669,450,-0.91933,0.70513
1418,115.5,669,450,0.51999,0.98898
1418,122,669,450,1.55,0.96949
1418,128.5,669,450,2.4502,0.98855
1418,135,669,450,-3.0099,0.96441
1418,141.5,669,450,-2.2658,0.88707
1418,148,669,450,-1.1545,0.46426
1418,154.5,669,450,-1.4847,0.9229
1418,161,669,450,0.26548,0.17504
1418,167.5,669,450,-0.24409,0.91697
1418,174,669,450,0.22258,0.94367
1418,180.5,669,450,2.3404,0.0034054
1418,187,669,450,0.96144,0.65833
1418,193.5,669,450,-0.78501,0.11526
1418,200,669,450,1.4411,0.97945
1469,5,669,450,-0.3092,0.96118
1469,11.5,669,450,-0.3092,0.96118
1469,18,669,450,-0.26731,0.96169
1469,24.5,669,450,-0.21864,0.9626
1469,31,669,450,-0.1459,0.96412
1469,37.5,669,450,-0.057658,0.96569
1469,44,669,450,0.062419,0.96751
1469,50.5,669,450,0.22119,0.96955
1469,57,669,450,0.45765,0.97068
1469,63.5,669,450,0.6924,0.97001
1469,70,669,450,1.0326,0.96774
1469,76.5,669,450,1.5057,0.96677
1469,83,669,450,2.0741,0.97609
1469,89.5,669,450,2.8309,0.99106
1469,96,669,450,-2.5695,0.98622
1469,102.5,669,450,-1.4225,0.97786
1469,109,669,450,-0.55164,0.67936
1469,115.5,669,450,0.70492,0.97983
1469,122,669,450,1.4889,0.99285
1469,128.5,669,450,2.6882,0.97764
1469,135,669,450,-2.7109,0.91795
1469,141.5,669,450,-1.6477,0.69049
1469,148,669,450,-1.8652,0.81268
1469,154.5,669,450,-0.90444,0.88098
1469,161,669,450,1.0058,0.015762
1469,167.5,669,450,0.61776,0.47265
1469,174,669,450,0.72377,0.86237
1469,180.5,669,450,0.77847,0.78676
1469,187,669,450,-3.064,0.0012892
1469,193.5,669,450,1.0308,0.72567
1469,200,669,450,2.095,0.82237
