500,5,612,450,-0.25584,0.95252
500,11.5,612,450,-0.25584,0.95252
500,18,612,450,-0.2387,0.95334
500,24.5,612,450,-0.22014,0.9542
500,31,612,450,-0.18901,0.95475
500,37.5,612,450,-0.15206,0.95538
500,44,612,450,-0.10404,0.95606
500,50.5,612,450,-0.036126,0.95505
500,57,612,450,0.06869,0.95075
500,63.5,612,450,0.17588,0.94328
500,70,612,450,0.32975,0.93196
500,76.5,612,450,0.55778,0.9111
500,83,612,450,0.85119,0.88608
500,89.5,612,450,1.2866,0.86127
500,96,612,450,1.945,0.78751
500,102.5,612,450,2.5784,0.2258
500,109,612,450,2.9125,0.33877
500,115.5,612,450,-2.783,0.42168
500,122,612,450,-2.3726,0.50262
500,128.5,612,450,-1.9805,0.60029
500,135,612,450,-1.6582,0.64929
500,141.5,612,450,-1.3816,0.64683
500,148,612,450,-1.1508,0.55251
500,154.5,612,450,-1.0568,0.42841
500,161,612,450,-1.0428,0.42494
500,167.5,612,450,-1.0397,0.46275
500,174,612,450,-0.93419,0.60751
500,180.5,612,450,-0.73393,0.67313
500,187,612,450,-0.58259,0.68329
500,193.5,612,450,-0.40984,0.65657
500,200,612,450,-0.21955,0.58071
551,5,612,450,-0.2619,0.95448
551,11.5,612,450,-0.2619,0.95448
551,18,612,450,-0.24313,0.9549
551,24.5,612,450,-0.22265,0.95523
551,31,612,450,-0.18885,0.9551
551,37.5,612,450,-0.14844,0.95495
551,44,612,450,-0.095532,0.95466
551,50.5,612,450,-0.02137,0.95264
551,57,612,450,0.093023,0.9475
551,63.5,612,450,0.21024,0.93948
551,70,612,450,0.3797,0.92903
551,76.5,612,450,0.6312,0.91055
551,83,612,450,0.95585,0.89032
551,89.5,612,450,1.4265,0.8719
551,96,612,450,2.0911,0.82348
551,102.5,612,450,2.5821,0.41516
551,109,612,450,-3.0669,0.64195
551,115.5,612,450,-2.4334,0.7266
551,122,612,450,-1.9848,0.74955
551,128.5,612,450,-1.6124,0.73141
551,135,612,450,-1.3268,0.70411
551,141.5,612,450,-1.0453,0.67129
551,148,612,450,-0.80887,0.37858
551,154.5,612,450,-0.97552,0.37439
551,161,612,450,-0.96751,0.48377
551,167.5,612,450,-0.8237,0.75701
551,174,612,450,-0.59153,0.84984
551,180.5,612,450,-0.36269,0.86613
551,187,612,450,-0.1906,0.85679
551,193.5,612,450,-0.0050551,0.79032
551,200,612,450,0.11417,0.69849
602,5,612,450,-0.27444,0.95878
602,11.5,612,450,-0.27444,0.95878
602,18,612,450,-0.25431,0.95883
602,24.5,612,450,-0.23213,0.95894
602,31,612,450,-0.19592,0.9586
602,37.5,612,450,-0.1524,0.9581
602,44,612,450,-0.094975,0.95755
602,50.5,612,450,-0.014813,0.95575
602,57,612,450,0.10924,0.95161
602,63.5,612,450,0.23686,0.9451
602,70,612,450,0.42274,0.93704
602,76.5,612,450,0.7,0.92245
602,83,612,450,1.0575,0.90428
602,89.5,612,450,1.5605,0.88585
602,96,612,450,2.1981,0.854
602,102.5,612,450,2.838,0.77886
602,109,612,450,-2.7495,0.84232
602,115.5,612,450,-2.1369,0.79581
602,122,612,450,-1.745,0.7241
602,128.5,612,450,-1.4541,0.71495
602,135,612,450,-1.1801,0.7397
602,141.5,612,450,-0.88098,0.71742
602,148,612,450,-0.81013,0.47934
602,154.5,612,450,-0.67722,0.53618
602,161,612,450,-0.63433,0.67599
602,167.5,612,450,-0.38862,0.89201
602,174,612,450,-0.15559,0.93088
602,180.5,612,450,0.084062,0.91803
602,187,612,450,0.25405,0.90282
602,193.5,612,450,0.45223,0.92316
602,200,612,450,0.66823,0.88079
653,5,612,450,-0.27692,0.96116
653,11.5,612,450,-0.27692,0.96116
653,18,612,450,-0.25549,0.9612
653,24.5,612,450,-0.23163,0.96161
653,31,612,450,-0.19292,0.96173
653,37.5,612,450,-0.14625,0.96165
653,44,612,450,-0.084163,0.96177
653,50.5,612,450,0.0024827,0.96113
653,57,612,450,0.13719,0.95878
653,63.5,612,450,0.27624,0.95359
653,70,612,450,0.48018,0.94687
653,76.5,612,450,0.78473,0.93182
653,83,612,450,1.1747,0.90959
653,89.5,612,450,1.7102,0.88586
653,96,612,450,2.3293,0.86895
653,102.5,612,450,3.0861,0.86851
653,109,612,450,-2.5395,0.85373
653,115.5,612,450,-1.9908,0.75171
653,122,612,450,-1.6574,0.74913
653,128.5,612,450,-1.2991,0.82796
653,135,612,450,-0.96815,0.827
653,141.5,612,450,-0.66996,0.8276
653,148,612,450,-0.34716,0.57576
653,154.5,612,450,-0.25089,0.42953
653,161,612,450,-0.22701,0.57513
653,167.5,612,450,0.056875,0.6588
653,174,612,450,0.26799,0.58933
653,180.5,612,450,0.34545,0.58053
653,187,612,450,0.52323,0.77536
653,193.5,612,450,0.79154,0.87452
653,200,612,450,1.0557,0.86646
704,5,612,450,-0.27971,0.95924
704,11.5,612,450,-0.27971,0.95924
704,18,612,450,-0.2568,0.95971
704,24.5,612,450,-0.23103,0.96056
704,31,612,450,-0.18948,0.96131
704,37.5,612,450,-0.1393,0.96194
704,44,612,450,-0.072073,0.9629
704,50.5,612,450,0.021702,0.96302
704,57,612,450,0.16775,0.96084
704,63.5,612,450,0.31866,0.95518
704,70,612,450,0.54052,0.94629
704,76.5,612,450,0.87062,0.92645
704,83,612,450,1.2898,0.89942
704,89.5,612,450,1.8602,0.87201
704,96,612,450,2.5312,0.78328
704,102.5,612,450,-3.0532,0.85631
704,109,612,450,-2.4133,0.83075
704,115.5,612,450,-1.889,0.84744
704,122,612,450,-1.4439,0.85907
704,128.5,612,450,-1.0268,0.76167
704,135,612,450,-0.70581,0.65884
704,141.5,612,450,-0.44377,0.70955
704,148,612,450,-0.074491,0.40248
704,154.5,612,450,-0.026235,0.32567
704,161,612,450,0.15712,0.44772
704,167.5,612,450,0.4177,0.39427
704,174,612,450,0.4589,0.35393
704,180.5,612,450,0.57183,0.67885
704,187,612,450,0.91658,0.88609
704,193.5,612,450,1.2433,0.94911
704,200,612,450,1.5168,0.95455
755,5,612,450,-0.28477,0.95508
755,11.5,612,450,-0.28477,0.95508
755,18,612,450,-0.2602,0.95593
755,24.5,612,450,-0.23229,0.95695
755,31,612,450,-0.18768,0.95783
755,37.5,612,450,-0.13371,0.95873
755,44,612,450,-0.061042,0.9598
755,50.5,612,450,0.039926,0.9594
755,57,612,450,0.19687,0.95561
755,63.5,612,450,0.35878,0.94799
755,70,612,450,0.59689,0.93617
755,76.5,612,450,0.94914,0.91395
755,83,612,450,1.3965,0.88839
755,89.5,612,450,2.0089,0.86147
755,96,612,450,2.7506,0.52431
755,102.5,612,450,-2.9278,0.83928
755,109,612,450,-2.2855,0.85188
755,115.5,612,450,-1.6511,0.80342
755,122,612,450,-1.2212,0.70169
755,128.5,612,450,-0.8176,0.5552
755,135,612,450,-0.50139,0.46379
755,141.5,612,450,-0.18221,0.50969
755,148,612,450,0.081741,0.29894
755,154.5,612,450,0.26888,0.32864
755,161,612,450,0.74555,0.25051
755,167.5,612,450,0.75937,0.16265
755,174,612,450,0.65484,0.27268
755,180.5,612,450,1.1149,0.62279
755,187,612,450,1.5112,0.67951
755,193.5,612,450,1.847,0.63733
755,200,612,450,2.0195,0.60648
806,5,612,450,-0.2915,0.95296
806,11.5,612,450,-0.2915,0.95296
806,18,612,450,-0.26516,0.95376
806,24.5,612,450,-0.23517,0.95451
806,31,612,450,-0.1876,0.95492
806,37.5,612,450,-0.12989,0.95542
806,44,612,450,-0.051984,0.95582
806,50.5,612,450,0.055647,0.95428
806,57,612,450,0.22239,0.94897
806,63.5,612,450,0.39417,0.94041
806,70,612,450,0.64689,0.92873
806,76.5,612,450,1.0217,0.90938
806,83,612,450,1.5011,0.89057
806,89.5,612,450,2.1616,0.86594
806,96,612,450,2.8962,0.32098
806,102.5,612,450,-2.7441,0.79676
806,109,612,450,-2.1032,0.70848
806,115.5,612,450,-1.4828,0.63829
806,122,612,450,-1.0263,0.55929
806,128.5,612,450,-0.54994,0.40634
806,135,612,450,-0.088481,0.267
806,141.5,612,450,-0.22435,0.10311
806,148,612,450,0.192,0.1896
806,154.5,612,450,0.62014,0.23011
806,161,612,450,1.0325,0.13832
806,167.5,612,450,1.1086,0.10448
806,174,612,450,1.1953,0.22867
806,180.5,612,450,1.7807,0.36365
806,187,612,450,2.1251,0.31885
806,193.5,612,450,2.1532,0.31005
806,200,612,450,2.3923,0.49137
857,5,612,450,-0.2979,0.9549
857,11.5,612,450,-0.2979,0.9549
857,18,612,450,-0.26985,0.95533
857,24.5,612,450,-0.23805,0.95572
857,31,612,450,-0.18785,0.95558
857,37.5,612,450,-0.12672,0.95546
857,44,612,450,-0.044012,0.95518
857,50.5,612,450,0.069663,0.95315
857,57,612,450,0.24583,0.9483
857,63.5,612,450,0.42771,0.94147
857,70,612,450,0.69658,0.93343
857,76.5,612,450,1.0979,0.92035
857,83,612,450,1.6133,0.90358
857,89.5,612,450,2.323,0.87631
857,96,612,450,3.0725,0.23304
857,102.5,612,450,-2.4304,0.56778
857,109,612,450,-1.977,0.59602
857,115.5,612,450,-1.2676,0.53058
857,122,612,450,-0.67475,0.42231
857,128.5,612,450,0.060578,0.1514
857,135,612,450,-0.21947,0.017695
857,141.5,612,450,-0.51631,0.20016
857,148,612,450,0.37197,0.18885
857,154.5,612,450,1.1023,0.23176
857,161,612,450,1.7619,0.13872
857,167.5,612,450,1.8916,0.097096
857,174,612,450,2.1959,0.2378
857,180.5,612,450,2.8464,0.258
857,187,612,450,3.1353,0.12109
857,193.5,612,450,2.8081,0.15923
857,200,612,450,2.7852,0.35215
908,5,612,450,-0.30209,0.95894
908,11.5,612,450,-0.30209,0.95894
908,18,612,450,-0.27264,0.95908
908,24.5,612,450,-0.23912,0.95941
908,31,612,450,-0.1865,0.95918
908,37.5,612,450,-0.1222,0.95885
908,44,612,450,-0.034894,0.95857
908,50.5,612,450,0.084978,0.95728
908,57,612,450,0.27134,0.95437
908,63.5,612,450,0.4644,0.9494
908,70,612,450,0.75183,0.94391
908,76.5,612,450,1.1817,0.93072
908,83,612,450,1.7337,0.90799
908,89.5,612,450,2.4843,0.87126
908,96,612,450,-2.954,0.19818
908,102.5,612,450,-2.3307,0.22542
908,109,612,450,-1.7462,0.52083
908,115.5,612,450,-0.83175,0.38821
908,122,612,450,0.044597,0.11578
908,128.5,612,450,-0.79186,0.013626
908,135,612,450,-0.33818,0.055554
908,141.5,612,450,0.25733,0.12565
908,148,612,450,1.2917,0.11271
908,154.5,612,450,1.9388,0.17438
908,161,612,450,2.7032,0.21965
908,167.5,612,450,3.0994,0.29991
908,174,612,450,-2.5995,0.36283
908,180.5,612,450,-1.8469,0.23301
908,187,612,450,-1.3585,0.01814
908,193.5,612,450,2.9249,0.06686
908,200,612,450,-2.7316,0.32706
959,5,612,450,-0.31462,0.96113
959,11.5,612,450,-0.31462,0.96113
959,18,612,450,-0.28394,0.9611
959,24.5,612,450,-0.24851,0.96179
959,31,612,450,-0.19331,0.96205
959,37.5,612,450,-0.12576,0.96211
959,44,612,450,-0.033633,0.96247
959,50.5,612,450,0.093059,0.96228
959,57,612,450,0.29065,0.96053
959,63.5,612,450,0.49591,0.95585
959,70,612,450,0.80223,0.94806
959,76.5,612,450,1.2588,0.92834
959,83,612,450,1.8402,0.89583
959,89.5,612,450,2.6295,0.86262
959,96,612,450,-2.7468,0.21104
959,102.5,612,450,-2.3417,0.1932
959,109,612,450,-1.341,0.41762
959,115.5,612,450,-0.046685,0.12506
959,122,612,450,-0.94969,0.0092357
959,128.5,612,450,-0.15235,0.041695
959,135,612,450,1.0818,0.065977
959,141.5,612,450,2.1536,0.13551
959,148,612,450,3.1155,0.10699
959,154.5,612,450,2.982,0.14407
959,161,612,450,-2.691,0.27931
959,167.5,612,450,-2.2365,0.41138
959,174,612,450,-1.7343,0.39224
959,180.5,612,450,-0.92942,0.15552
959,187,612,450,-2.3591,0.008392
959,193.5,612,450,-2.2166,0.18882
959,200,612,450,-1.76,0.19553
1010,5,612,450,-0.31736,0.95924
1010,11.5,612,450,-0.31736,0.95924
1010,18,612,450,-0.28502,0.95986
1010,24.5,612,450,-0.24771,0.96046
1010,31,612,450,-0.18962,0.96126
1010,37.5,612,450,-0.11853,0.96185
1010,44,612,450,-0.021202,0.96277
1010,50.5,612,450,0.11272,0.96273
1010,57,612,450,0.32164,0.95983
1010,63.5,612,450,0.5384,0.95287
1010,70,612,450,0.86138,0.94049
1010,76.5,612,450,1.3396,0.9152
1010,83,612,450,1.947,0.8859
1010,89.5,612,450,2.7751,0.86241
1010,96,612,450,-2.6193,0.33774
1010,102.5,612,450,-1.9764,0.19203
1010,109,612,450,-0.71437,0.27761
1010,115.5,612,450,0.59634,0.0089417
1010,122,612,450,-0.12087,0.033774
1010,128.5,612,450,1.4317,0.095418
1010,135,612,450,2.4865,0.19355
1010,141.5,612,450,-2.9687,0.39378
1010,148,612,450,-2.2675,0.21929
1010,154.5,612,450,-2.5453,0.18938
1010,161,612,450,-2.2595,0.40775
1010,167.5,612,450,-1.7225,0.52795
1010,174,612,450,-1.2806,0.39518
1010,180.5,612,450,-1.4087,0.14375
1010,187,612,450,-1.3295,0.37826
1010,193.5,612,450,-0.81754,0.40151
1010,200,612,450,-0.71161,0.15495
1061,5,612,450,-0.32193,0.95547
1061,11.5,612,450,-0.32193,0.95547
1061,18,612,450,-0.28803,0.95599
1061,24.5,612,450,-0.24866,0.9569
1061,31,612,450,-0.18754,0.95766
1061,37.5,612,450,-0.11273,0.95838
1061,44,612,450,-0.01006,0.95918
1061,50.5,612,450,0.13081,0.95817
1061,57,612,450,0.34992,0.95312
1061,63.5,612,450,0.57659,0.94423
1061,70,612,450,0.91386,0.93071
1061,76.5,612,450,1.4131,0.90953
1061,83,612,450,2.0522,0.89179
1061,89.5,612,450,2.9268,0.87458
1061,96,612,450,-2.3553,0.65546
1061,102.5,612,450,-1.4767,0.19142
1061,109,612,450,-0.063185,0.20096
1061,115.5,612,450,0.50465,0.024278
1061,122,612,450,1.3026,0.10406
1061,128.5,612,450,2.4418,0.24568
1061,135,612,450,3.1321,0.31057
1061,141.5,612,450,-2.5776,0.55021
1061,148,612,450,-2.0628,0.32801
1061,154.5,612,450,-2.0869,0.43819
1061,161,612,450,-1.6532,0.66029
1061,167.5,612,450,-1.2375,0.57002
1061,174,612,450,-1.1122,0.45226
1061,180.5,612,450,-0.82043,0.61139
1061,187,612,450,-0.44439,0.63434
1061,193.5,612,450,0.035465,0.34801
1061,200,612,450,-0.011359,0.18891
1112,5,612,450,-0.32841,0.95389
1112,11.5,612,450,-0.32841,0.95389
1112,18,612,450,-0.29311,0.95385
1112,24.5,612,450,-0.25165,0.95473
1112,31,612,450,-0.18765,0.95499
1112,37.5,612,450,-0.10919,0.95533
1112,44,612,450,-0.00144,0.95553
1112,50.5,612,450,0.14577,0.9536
1112,57,612,450,0.37412,0.94799
1112,63.5,612,450,0.61046,0.9399
1112,70,612,450,0.96257,0.93024
1112,76.5,612,450,1.4873,0.91839
1112,83,612,450,2.165,0.90508
1112,89.5,612,450,3.0851,0.88
1112,96,612,450,-2.0673,0.82536
1112,102.5,612,450,-1.0786,0.24645
1112,109,612,450,0.40525,0.243
1112,115.5,612,450,1.2202,0.13373
1112,122,612,450,2.0763,0.23112
1112,128.5,612,450,2.8501,0.36858
1112,135,612,450,-2.905,0.47526
1112,141.5,612,450,-2.37,0.75077
1112,148,612,450,-1.9209,0.73972
1112,154.5,612,450,-1.4951,0.75276
1112,161,612,450,-1.0731,0.5464
1112,167.5,612,450,-0.97487,0.41398
1112,174,612,450,-0.89305,0.63672
1112,180.5,612,450,-0.3978,0.76896
1112,187,612,450,0.0020926,0.6971
1112,193.5,612,450,0.18561,0.43418
1112,200,612,450,0.38585,0.34084
1163,5,612,450,-0.33598,0.95861
1163,11.5,612,450,-0.33598,0.95861
1163,18,612,450,-0.29874,0.95909
1163,24.5,612,450,-0.25529,0.95957
1163,31,612,450,-0.1887,0.95937
1163,37.5,612,450,-0.10684,0.95921
1163,44,612,450,0.0056519,0.95897
1163,50.5,612,450,0.15897,0.95711
1163,57,612,450,0.39703,0.95307
1163,63.5,612,450,0.64401,0.94743
1163,70,612,450,1.0146,0.94185
1163,76.5,612,450,1.5687,0.93143
1163,83,612,450,2.2823,0.90793
1163,89.5,612,450,-3.043,0.8719
1163,96,612,450,-1.9023,0.86891
1163,102.5,612,450,-0.76958,0.43868
1163,109,612,450,0.7888,0.37592
1163,115.5,612,450,1.6784,0.2597
1163,122,612,450,2.3687,0.36621
1163,128.5,612,450,3.0636,0.60769
1163,135,612,450,-2.5943,0.79683
1163,141.5,612,450,-2.0538,0.8761
1163,148,612,450,-1.593,0.8893
1163,154.5,612,450,-1.1197,0.77738
1163,161,612,450,-0.91872,0.40456
1163,167.5,612,450,-0.85039,0.47844
1163,174,612,450,-0.51621,0.87915
1163,180.5,612,450,-0.021699,0.94176
1163,187,612,450,0.32721,0.90195
1163,193.5,612,450,0.72103,0.86576
1163,200,612,450,1.0973,0.72712
1214,5,612,450,-0.34048,0.96267
1214,11.5,612,450,-0.34048,0.96267
1214,18,612,450,-0.3018,0.96278
1214,24.5,612,450,-0.25652,0.96299
1214,31,612,450,-0.18744,0.96285
1214,37.5,612,450,-0.10234,0.96262
1214,44,612,450,0.014872,0.96256
1214,50.5,612,450,0.17465,0.96172
1214,57,612,450,0.42362,0.95977
1214,63.5,612,450,0.68282,0.95539
1214,70,612,450,1.0729,0.94953
1214,76.5,612,450,1.6554,0.93075
1214,83,612,450,2.3978,0.89797
1214,89.5,612,450,-2.8933,0.86521
1214,96,612,450,-1.7955,0.89726
1214,102.5,612,450,-0.41269,0.72412
1214,109,612,450,1.0921,0.44696
1214,115.5,612,450,1.8458,0.40081
1214,122,612,450,2.5904,0.66165
1214,128.5,612,450,-2.886,0.86127
1214,135,612,450,-2.2711,0.83425
1214,141.5,612,450,-1.8362,0.68756
1214,148,612,450,-1.4091,0.9522
1214,154.5,612,450,-0.88557,0.80105
1214,161,612,450,-0.52808,0.6092
1214,167.5,612,450,-0.4436,0.55797
1214,174,612,450,-0.011239,0.81399
1214,180.5,612,450,0.40588,0.7396
1214,187,612,450,0.74144,0.86462
1214,193.5,612,450,1.1721,0.85336
1214,200,612,450,1.6293,0.66056
1265,5,612,450,-0.34301,0.96471
1265,11.5,612,450,-0.34301,0.96471
1265,18,612,450,-0.30297,0.96471
1265,24.5,612,450,-0.25597,0.96497
1265,31,612,450,-0.18422,0.96532
1265,37.5,612,450,-0.095767,0.96544
1265,44,612,450,0.026424,0.96588
1265,50.5,612,450,0.19326,0.96578
1265,57,612,450,0.45386,0.9638
1265,63.5,612,450,0.72512,0.95807
1265,70,612,450,1.1331,0.94686
1265,76.5,612,450,1.7378,0.91946
1265,83,612,450,2.5053,0.88843
1265,89.5,612,450,-2.7447,0.8691
1265,96,612,450,-1.6763,0.90584
1265,102.5,612,450,-0.12003,0.84662
1265,109,612,450,1.1874,0.45329
1265,115.5,612,450,2.0404,0.70909
1265,122,612,450,2.9258,0.87251
1265,128.5,612,450,-2.6391,0.81252
1265,135,612,450,-2.0748,0.8434
1265,141.5,612,450,-1.6141,0.68536
1265,148,612,450,-1.1623,0.95482
1265,154.5,612,450,-0.60201,0.84234
1265,161,612,450,-0.016828,0.42425
1265,167.5,612,450,-0.033286,0.43877
1265,174,612,450,0.39169,0.45902
1265,180.5,612,450,0.55617,0.68464
1265,187,612,450,1.072,0.92832
1265,193.5,612,450,1.5462,0.91584
1265,200,612,450,1.9136,0.81396
1316,5,612,450,-0.35676,0.96273
1316,11.5,612,450,-0.35676,0.96273
1316,18,612,450,-0.3153,0.96307
1316,24.5,612,450,-0.26649,0.96357
1316,31,612,450,-0.19183,0.96423
1316,37.5,612,450,-0.099794,0.96474
1316,44,612,450,0.027615,0.96542
1316,50.5,612,450,0.20161,0.96488
1316,57,612,450,0.47317,0.96063
1316,63.5,612,450,0.75498,0.9517
1316,70,612,450,1.1773,0.93678
1316,76.5,612,450,1.8016,0.91191
1316,83,612,450,2.5997,0.89442
1316,89.5,612,450,-2.5998,0.87826
1316,96,612,450,-1.5237,0.87289
1316,102.5,612,450,0.044551,0.85856
1316,109,612,450,1.1771,0.6525
1316,115.5,612,450,2.3319,0.87439
1316,122,612,450,3.1371,0.81859
1316,128.5,612,450,-2.4956,0.83837
1316,135,612,450,-1.8009,0.81543
1316,141.5,612,450,-1.2774,0.49635
1316,148,612,450,-0.84249,0.66995
1316,154.5,612,450,-0.32402,0.67916
1316,161,612,450,0.24549,0.25081
1316,167.5,612,450,0.4284,0.35618
1316,174,612,450,0.71055,0.25721
1316,180.5,612,450,0.98541,0.76281
1316,187,612,450,1.5768,0.86553
1316,193.5,612,450,2.0341,0.83609
1316,200,612,450,2.4574,0.82913
1367,5,612,450,-0.36111,0.95888
1367,11.5,612,450,-0.36111,0.95888
1367,18,612,450,-0.31808,0.95957
1367,24.5,612,450,-0.26724,0.96038
1367,31,612,450,-0.18962,0.96081
1367,37.5,612,450,-0.093939,0.96127
1367,44,612,450,0.038671,0.96168
1367,50.5,612,450,0.21936,0.96009
1367,57,612,450,0.50046,0.95381
1367,63.5,612,450,0.79152,0.94416
1367,70,612,450,1.2276,0.93173
1367,76.5,612,450,1.8761,0.91786
1367,83,612,450,2.7138,0.90682
1367,89.5,612,450,-2.4416,0.8775
1367,96,612,450,-1.2998,0.78591
1367,102.5,612,450,0.16462,0.85796
1367,109,612,450,1.4063,0.87073
1367,115.5,612,450,2.5266,0.80954
1367,122,612,450,-3.0172,0.80583
1367,128.5,612,450,-2.1931,0.79452
1367,135,612,450,-1.5312,0.56963
1367,141.5,612,450,-0.99418,0.33201
1367,148,612,450,-0.53928,0.35987
1367,154.5,612,450,0.095321,0.39797
1367,161,612,450,0.52593,0.18183
1367,167.5,612,450,1.0108,0.13096
1367,174,612,450,1.0024,0.14384
1367,180.5,612,450,1.6202,0.49572
1367,187,612,450,2.0948,0.37764
1367,193.5,612,450,2.4231,0.57944
1367,200,612,450,2.7727,0.78331
1418,5,612,450,-0.36739,0.95693
1418,11.5,612,450,-0.36739,0.95693
1418,18,612,450,-0.32257,0.95767
1418,24.5,612,450,-0.2697,0.95851
1418,31,612,450,-0.18934,0.95858
1418,37.5,612,450,-0.090103,0.95866
1418,44,612,450,0.04745,0.95865
1418,50.5,612,450,0.23422,0.95649
1418,57,612,450,0.52444,0.95103
1418,63.5,612,450,0.82524,0.94397
1418,70,612,450,1.2783,0.93799
1418,76.5,612,450,1.9569,0.93013
1418,83,612,450,2.8321,0.90777
1418,89.5,612,450,-2.2859,0.86617
1418,96,612,450,-1.0219,0.6827
1418,102.5,612,450,0.29722,0.85543
1418,109,612,450,1.5911,0.81697
1418,115.5,612,450,2.6556,0.75892
1418,122,612,450,-2.7639,0.80837
1418,128.5,612,450,-1.9465,0.54256
1418,135,612,450,-1.2707,0.38711
1418,141.5,612,450,-0.57939,0.24109
1418,148,612,450,0.39489,0.10965
1418,154.5,612,450,0.016216,0.055873
1418,161,612,450,0.6283,0.11624
1418,167.5,612,450,1.4331,0.13537
1418,174,612,450,1.6151,0.10731
1418,180.5,612,450,2.3639,0.25109
1418,187,612,450,2.4385,0.21739
1418,193.5,612,450,2.7434,0.38445
1418,200,612,450,-2.9642,0.85565
1469,5,612,450,-0.37373,0.95874
1469,11.5,612,450,-0.37373,0.95874
1469,18,612,450,-0.32722,0.95936
1469,24.5,612,450,-0.27235,0.95981
1469,31,612,450,-0.18954,0.95978
1469,37.5,612,450,-0.086967,0.9596
1469,44,612,450,0.055364,0.95951
1469,50.5,612,450,0.24832,0.95805
1469,57,612,450,0.54866,0.95526
1469,63.5,612,450,0.86113,0.95134
1469,70,612,450,1.3344,0.9478
1469,76.5,612,450,2.0431,0.93223
1469,83,612,450,2.9465,0.89626
1469,89.5,612,450,-2.138,0.86253
1469,96,612,450,-0.70473,0.59542
1469,102.5,612,450,0.5049,0.65959
1469,109,612,450,1.7356,0.74777
1469,115.5,612,450,2.8458,0.71435
1469,122,612,450,-2.5506,0.58792
1469,128.5,612,450,-1.6723,0.38732
1469,135,612,450,-0.69926,0.2413
1469,141.5,612,450,0.34104,0.083584
1469,148,612,450,-2.9728,0.035823
1469,154.5,612,450,-0.14839,0.09535
1469,161,612,450,1.253,0.16982
1469,167.5,612,450,2.3034,0.1935
1469,174,612,450,2.7084,0.24561
1469,180.5,612,450,-2.4352,0.19249
1469,187,612,450,3.1185,0.0354
1469,193.5,612,450,-2.95,0.38152
1469,200,612,450,-2.4416,0.46821
