500,5,629,450,-0.24429,0.95325
500,11.5,629,450,-0.24429,0.95325
500,18,629,450,-0.2277,0.95416
500,24.5,629,450,-0.20979,0.9551
500,31,629,450,-0.1799,0.95594
500,37.5,629,450,-0.14464,0.9569
500,44,629,450,-0.099108,0.95805
500,50.5,629,450,-0.035052,0.95829
500,57,629,450,0.062656,0.95608
500,63.5,629,450,0.16146,0.95108
500,70,629,450,0.30134,0.94313
500,76.5,629,450,0.50384,0.92787
500,83,629,450,0.75442,0.90689
500,89.5,629,450,1.1069,0.88481
500,96,629,450,1.5759,0.86359
500,102.5,629,450,2.4331,0.65215
500,109,629,450,2.6151,0.26453
500,115.5,629,450,3.1158,0.38991
500,122,629,450,-2.738,0.45295
500,128.5,629,450,-2.3125,0.54505
500,135,629,450,-1.9777,0.60934
500,141.5,629,450,-1.702,0.65294
500,148,629,450,-1.4483,0.65597
500,154.5,629,450,-1.2256,0.57453
500,161,629,450,-1.1063,0.44978
500,167.5,629,450,-1.091,0.40214
500,174,629,450,-1.1304,0.44432
500,180.5,629,450,-0.99722,0.60426
500,187,629,450,-0.8459,0.65878
500,193.5,629,450,-0.68114,0.67246
500,200,629,450,-0.50979,0.66084
551,5,629,450,-0.2501,0.95365
551,11.5,629,450,-0.2501,0.95365
551,18,629,450,-0.23187,0.95422
551,24.5,629,450,-0.212,0.95462
551,31,629,450,-0.17944,0.95478
551,37.5,629,450,-0.14079,0.95499
551,44,629,450,-0.090508,0.95517
551,50.5,629,450,-0.020468,0.95424
551,57,629,450,0.086203,0.95082
551,63.5,629,450,0.19412,0.94482
551,70,629,450,0.34785,0.93713
551,76.5,629,450,0.57089,0.9229
551,83,629,450,0.84843,0.90552
551,89.5,629,450,1.2353,0.88758
551,96,629,450,1.7332,0.87196
551,102.5,629,450,2.5859,0.66734
551,109,629,450,2.805,0.51769
551,115.5,629,450,-2.8603,0.66743
551,122,629,450,-2.3818,0.74886
551,128.5,629,450,-1.9393,0.79914
551,135,629,450,-1.585,0.77244
551,141.5,629,450,-1.3127,0.72207
551,148,629,450,-1.0277,0.66013
551,154.5,629,450,-0.84026,0.35274
551,161,629,450,-1.004,0.39685
551,167.5,629,450,-1.0401,0.4483
551,174,629,450,-0.89094,0.72642
551,180.5,629,450,-0.61818,0.81505
551,187,629,450,-0.44087,0.82251
551,193.5,629,450,-0.25377,0.80402
551,200,629,450,-0.056475,0.7166
602,5,629,450,-0.26255,0.95732
602,11.5,629,450,-0.26255,0.95732
602,18,629,450,-0.24293,0.95741
602,24.5,629,450,-0.2214,0.95737
602,31,629,450,-0.1865,0.95715
602,37.5,629,450,-0.14482,0.95684
602,44,629,450,-0.090229,0.95652
602,50.5,629,450,-0.014605,0.95546
602,57,629,450,0.10076,0.95258
602,63.5,629,450,0.21789,0.94754
602,70,629,450,0.38601,0.94161
602,76.5,629,450,0.63094,0.93145
602,83,629,450,0.93698,0.91707
602,89.5,629,450,1.3583,0.90061
602,96,629,450,1.8742,0.88028
602,102.5,629,450,2.6341,0.69762
602,109,629,450,3.1106,0.81337
602,115.5,629,450,-2.5284,0.85561
602,122,629,450,-2.0535,0.83021
602,128.5,629,450,-1.674,0.74953
602,135,629,450,-1.3978,0.72006
602,141.5,629,450,-1.1405,0.72553
602,148,629,450,-0.82643,0.64616
602,154.5,629,450,-0.8688,0.43916
602,161,629,450,-0.74829,0.49381
602,167.5,629,450,-0.72909,0.72702
602,174,629,450,-0.46991,0.91288
602,180.5,629,450,-0.20316,0.95488
602,187,629,450,-0.013911,0.95531
602,193.5,629,450,0.17971,0.94024
602,200,629,450,0.37106,0.94267
653,5,629,450,-0.26545,0.96078
653,11.5,629,450,-0.26545,0.96078
653,18,629,450,-0.24453,0.96075
653,24.5,629,450,-0.22148,0.96075
653,31,629,450,-0.18426,0.96081
653,37.5,629,450,-0.13964,0.9607
653,44,629,450,-0.080746,0.96081
653,50.5,629,450,0.00074708,0.96076
653,57,629,450,0.12562,0.95959
653,63.5,629,450,0.25279,0.95614
653,70,629,450,0.43676,0.95226
653,76.5,629,450,0.70565,0.94348
653,83,629,450,1.0412,0.9273
653,89.5,629,450,1.4968,0.90703
653,96,629,450,2.032,0.88276
653,102.5,629,450,2.7187,0.86569
653,109,629,450,-2.9178,0.87823
653,115.5,629,450,-2.2982,0.83244
653,122,629,450,-1.8743,0.75063
653,128.5,629,450,-1.5646,0.76703
653,135,629,450,-1.2401,0.81781
653,141.5,629,450,-0.94052,0.81562
653,148,629,450,-0.66229,0.80343
653,154.5,629,450,-0.35382,0.62263
653,161,629,450,-0.35242,0.42891
653,167.5,629,450,-0.26843,0.67993
653,174,629,450,0.011383,0.76213
653,180.5,629,450,0.28244,0.69873
653,187,629,450,0.37971,0.62427
653,193.5,629,450,0.54448,0.79401
653,200,629,450,0.7878,0.86095
704,5,629,450,-0.26766,0.96068
704,11.5,629,450,-0.26766,0.96068
704,18,629,450,-0.2454,0.96102
704,24.5,629,450,-0.22061,0.96153
704,31,629,450,-0.1808,0.96223
704,37.5,629,450,-0.13296,0.9628
704,44,629,450,-0.069345,0.9638
704,50.5,629,450,0.018676,0.96479
704,57,629,450,0.15389,0.96455
704,63.5,629,450,0.29187,0.96135
704,70,629,450,0.49227,0.95658
704,76.5,629,450,0.78458,0.94419
704,83,629,450,1.1477,0.92236
704,89.5,629,450,1.6357,0.89752
704,96,629,450,2.2037,0.87305
704,102.5,629,450,2.8501,0.82148
704,109,629,450,-2.7552,0.84891
704,115.5,629,450,-2.1749,0.78128
704,122,629,450,-1.7819,0.83052
704,128.5,629,450,-1.3277,0.86561
704,135,629,450,-0.94597,0.79516
704,141.5,629,450,-0.63825,0.68115
704,148,629,450,-0.36809,0.81013
704,154.5,629,450,0.045237,0.42306
704,161,629,450,-0.10019,0.33706
704,167.5,629,450,0.14917,0.51718
704,174,629,450,0.4195,0.45145
704,180.5,629,450,0.42101,0.36543
704,187,629,450,0.52188,0.68514
704,193.5,629,450,0.88029,0.90965
704,200,629,450,1.1824,0.9361
755,5,629,450,-0.27126,0.95727
755,11.5,629,450,-0.27126,0.95727
755,18,629,450,-0.24747,0.95802
755,24.5,629,450,-0.22066,0.95899
755,31,629,450,-0.17795,0.96006
755,37.5,629,450,-0.12654,0.9611
755,44,629,450,-0.057814,0.96251
755,50.5,629,450,0.037036,0.96342
755,57,629,450,0.18261,0.96212
755,63.5,629,450,0.33099,0.95738
755,70,629,450,0.54657,0.94999
755,76.5,629,450,0.85957,0.93208
755,83,629,450,1.247,0.91045
755,89.5,629,450,1.768,0.88577
755,96,629,450,2.3845,0.85485
755,102.5,629,450,2.9313,0.78397
755,109,629,450,-2.6135,0.8158
755,115.5,629,450,-2.0428,0.85697
755,122,629,450,-1.5174,0.82842
755,128.5,629,450,-1.0492,0.68933
755,135,629,450,-0.68132,0.56264
755,141.5,629,450,-0.42011,0.44582
755,148,629,450,-0.075452,0.64442
755,154.5,629,450,0.23754,0.27302
755,161,629,450,0.24671,0.36983
755,167.5,629,450,0.71644,0.34638
755,174,629,450,0.80573,0.21644
755,180.5,629,450,0.58671,0.43664
755,187,629,450,1.0343,0.76227
755,193.5,629,450,1.4441,0.8554
755,200,629,450,1.7714,0.83588
806,5,629,450,-0.27668,0.9539
806,11.5,629,450,-0.27668,0.9539
806,18,629,450,-0.25118,0.95478
806,24.5,629,450,-0.22225,0.95565
806,31,629,450,-0.1766,0.95649
806,37.5,629,450,-0.12155,0.95734
806,44,629,450,-0.04775,0.95829
806,50.5,629,450,0.053534,0.95803
806,57,629,450,0.20852,0.95493
806,63.5,629,450,0.3662,0.94864
806,70,629,450,0.59548,0.93979
806,76.5,629,450,0.92704,0.92314
806,83,629,450,1.3404,0.9055
806,89.5,629,450,1.8981,0.88721
806,96,629,450,2.5698,0.84475
806,102.5,629,450,3.0708,0.75914
806,109,629,450,-2.4073,0.74266
806,115.5,629,450,-1.8099,0.72838
806,122,629,450,-1.3105,0.65809
806,128.5,629,450,-0.82017,0.50501
806,135,629,450,-0.40929,0.39563
806,141.5,629,450,-0.063077,0.29364
806,148,629,450,0.24635,0.21971
806,154.5,629,450,0.38453,0.17104
806,161,629,450,0.85765,0.19472
806,167.5,629,450,1.0058,0.14813
806,174,629,450,1.0896,0.12372
806,180.5,629,450,1.2009,0.41836
806,187,629,450,1.6906,0.51399
806,193.5,629,450,2.0816,0.45695
806,200,629,450,2.1358,0.37294
857,5,629,450,-0.28286,0.95376
857,11.5,629,450,-0.28286,0.95376
857,18,629,450,-0.25565,0.95449
857,24.5,629,450,-0.22482,0.95482
857,31,629,450,-0.1765,0.95504
857,37.5,629,450,-0.11807,0.95527
857,44,629,450,-0.039577,0.95543
857,50.5,629,450,0.06755,0.9544
857,57,629,450,0.23117,0.95062
857,63.5,629,450,0.39749,0.94516
857,70,629,450,0.64048,0.93786
857,76.5,629,450,0.99375,0.92746
857,83,629,450,1.4366,0.91495
857,89.5,629,450,2.0364,0.89902
857,96,629,450,2.7581,0.85101
857,102.5,629,450,-2.9904,0.70818
857,109,629,450,-2.156,0.39268
857,115.5,629,450,-1.6374,0.59253
857,122,629,450,-1.0785,0.54117
857,128.5,629,450,-0.44811,0.38145
857,135,629,450,0.21269,0.21985
857,141.5,629,450,0.91012,0.034392
857,148,629,450,-0.31135,0.15166
857,154.5,629,450,0.31451,0.1508
857,161,629,450,1.1107,0.21312
857,167.5,629,450,1.6342,0.15939
857,174,629,450,1.6565,0.1013
857,180.5,629,450,2.0141,0.33392
857,187,629,450,2.4907,0.33522
857,193.5,629,450,2.6869,0.18086
857,200,629,450,2.624,0.3097
908,5,629,450,-0.28781,0.95706
908,11.5,629,450,-0.28781,0.95706
908,18,629,450,-0.25917,0.95739
908,24.5,629,450,-0.22669,0.95734
908,31,629,450,-0.17599,0.95713
908,37.5,629,450,-0.11448,0.95694
908,44,629,450,-0.031624,0.95679
908,50.5,629,450,0.081134,0.95604
908,57,629,450,0.25364,0.9537
908,63.5,629,450,0.42961,0.95014
908,70,629,450,0.68787,0.94654
908,76.5,629,450,1.0658,0.94007
908,83,629,450,1.5411,0.92655
908,89.5,629,450,2.1795,0.90287
908,96,629,450,2.9479,0.85662
908,102.5,629,450,-2.6794,0.62393
908,109,629,450,-2.2666,0.2996
908,115.5,629,450,-1.3763,0.5161
908,122,629,450,-0.64427,0.43858
908,128.5,629,450,0.39083,0.18149
908,135,629,450,1.5377,0.007854
908,141.5,629,450,-0.88201,0.024916
908,148,629,450,0.29138,0.18485
908,154.5,629,450,0.94075,0.15841
908,161,629,450,1.85,0.24276
908,167.5,629,450,2.4284,0.21253
908,174,629,450,2.57,0.28564
908,180.5,629,450,-3.0118,0.42338
908,187,629,450,-2.3771,0.28846
908,193.5,629,450,-2.7143,0.030138
908,200,629,450,2.8529,0.18758
959,5,629,450,-0.30013,0.96053
959,11.5,629,450,-0.30013,0.96053
959,18,629,450,-0.27017,0.96044
959,24.5,629,450,-0.23606,0.96073
959,31,629,450,-0.18304,0.96077
959,37.5,629,450,-0.11851,0.96075
959,44,629,450,-0.031233,0.96106
959,50.5,629,450,0.087597,0.9614
959,57,629,450,0.27009,0.96111
959,63.5,629,450,0.45683,0.95864
959,70,629,450,0.73229,0.95595
959,76.5,629,450,1.1352,0.94575
959,83,629,450,1.6389,0.92388
959,89.5,629,450,2.3122,0.89161
959,96,629,450,3.1228,0.85772
959,102.5,629,450,-2.325,0.55472
959,109,629,450,-2.0336,0.32416
959,115.5,629,450,-0.91275,0.42708
959,122,629,450,0.15803,0.22628
959,128.5,629,450,1.7429,0.016492
959,135,629,450,-0.57067,0.0096575
959,141.5,629,450,0.65357,0.045652
959,148,629,450,1.7197,0.14671
959,154.5,629,450,2.3904,0.089747
959,161,629,450,2.7374,0.28254
959,167.5,629,450,-2.9935,0.34682
959,174,629,450,-2.5365,0.46075
959,180.5,629,450,-1.8973,0.42723
959,187,629,450,-1.1034,0.1551
959,193.5,629,450,3.1062,0.019773
959,200,629,450,-2.5027,0.28945
1010,5,629,450,-0.30229,0.96075
1010,11.5,629,450,-0.30229,0.96075
1010,18,629,450,-0.27101,0.96133
1010,24.5,629,450,-0.235,0.96175
1010,31,629,450,-0.17942,0.96242
1010,37.5,629,450,-0.11166,0.96296
1010,44,629,450,-0.019596,0.96398
1010,50.5,629,450,0.10591,0.96505
1010,57,629,450,0.29905,0.96487
1010,63.5,629,450,0.49677,0.96133
1010,70,629,450,0.78841,0.955
1010,76.5,629,450,1.2131,0.93726
1010,83,629,450,1.7404,0.91055
1010,89.5,629,450,2.4454,0.88394
1010,96,629,450,-2.992,0.85798
1010,102.5,629,450,-1.9349,0.56956
1010,109,629,450,-1.574,0.3076
1010,115.5,629,450,-0.21002,0.29215
1010,122,629,450,1.1116,0.057087
1010,128.5,629,450,0.68816,0.0026636
1010,135,629,450,1.2924,0.063156
1010,141.5,629,450,2.2461,0.17582
1010,148,629,450,3.1177,0.35055
1010,154.5,629,450,-2.5166,0.12863
1010,161,629,450,-2.7061,0.2894
1010,167.5,629,450,-2.4391,0.41412
1010,174,629,450,-1.9199,0.51143
1010,180.5,629,450,-1.259,0.37672
1010,187,629,450,-1.3684,0.029201
1010,193.5,629,450,-1.9054,0.28892
1010,200,629,450,-1.3044,0.38269
1061,5,629,450,-0.30541,0.95797
1061,11.5,629,450,-0.30541,0.95797
1061,18,629,450,-0.2725,0.95862
1061,24.5,629,450,-0.23461,0.95943
1061,31,629,450,-0.17613,0.96048
1061,37.5,629,450,-0.10484,0.96138
1061,44,629,450,-0.0077263,0.96262
1061,50.5,629,450,0.12454,0.96322
1061,57,629,450,0.32778,0.9612
1061,63.5,629,450,0.53543,0.95513
1061,70,629,450,0.84075,0.94488
1061,76.5,629,450,1.2834,0.92521
1061,83,629,450,1.8341,0.90495
1061,89.5,629,450,2.5754,0.88871
1061,96,629,450,-2.8248,0.86458
1061,102.5,629,450,-1.5683,0.65092
1061,109,629,450,-1.0244,0.29115
1061,115.5,629,450,0.46647,0.20071
1061,122,629,450,1.303,0.028897
1061,128.5,629,450,1.5124,0.10186
1061,135,629,450,2.3775,0.25632
1061,141.5,629,450,3.0805,0.31633
1061,148,629,450,-2.6024,0.49768
1061,154.5,629,450,-2.1218,0.18922
1061,161,629,450,-2.2439,0.35648
1061,167.5,629,450,-1.8974,0.6443
1061,174,629,450,-1.4266,0.56561
1061,180.5,629,450,-1.238,0.28656
1061,187,629,450,-1.1922,0.52349
1061,193.5,629,450,-0.72888,0.62406
1061,200,629,450,-0.1941,0.2994
1112,5,629,450,-0.31068,0.95507
1112,11.5,629,450,-0.31068,0.95507
1112,18,629,450,-0.27605,0.9551
1112,24.5,629,450,-0.23615,0.95605
1112,31,629,450,-0.17474,0.95688
1112,37.5,629,450,-0.099869,0.95764
1112,44,629,450,0.0022144,0.95839
1112,50.5,629,450,0.1407,0.95781
1112,57,629,450,0.35286,0.95403
1112,63.5,629,450,0.56899,0.94722
1112,70,629,450,0.88704,0.93764
1112,76.5,629,450,1.3488,0.92412
1112,83,629,450,1.9291,0.91425
1112,89.5,629,450,2.7125,0.9012
1112,96,629,450,-2.653,0.8703
1112,102.5,629,450,-1.2711,0.7325
1112,109,629,450,-0.56613,0.33994
1112,115.5,629,450,0.88619,0.21921
1112,122,629,450,1.4397,0.11816
1112,128.5,629,450,2.2113,0.29398
1112,135,629,450,2.902,0.39224
1112,141.5,629,450,-2.8853,0.41389
1112,148,629,450,-2.3801,0.64969
1112,154.5,629,450,-2.1114,0.47664
1112,161,629,450,-1.7101,0.67729
1112,167.5,629,450,-1.2656,0.65931
1112,174,629,450,-1.0938,0.42444
1112,180.5,629,450,-0.92499,0.64033
1112,187,629,450,-0.55535,0.7209
1112,193.5,629,450,-0.073857,0.6246
1112,200,629,450,0.047907,0.27802
1163,5,629,450,-0.31768,0.95681
1163,11.5,629,450,-0.31768,0.95681
1163,18,629,450,-0.28158,0.95753
1163,24.5,629,450,-0.23968,0.95823
1163,31,629,450,-0.17558,0.9584
1163,37.5,629,450,-0.097329,0.9586
1163,44,629,450,0.0093633,0.95869
1163,50.5,629,450,0.15356,0.95748
1163,57,629,450,0.37422,0.95393
1163,63.5,629,450,0.59921,0.9485
1163,70,629,450,0.93162,0.94314
1163,76.5,629,450,1.4176,0.93626
1163,83,629,450,2.0312,0.92646
1163,89.5,629,450,2.8541,0.90423
1163,96,629,450,-2.4765,0.87248
1163,102.5,629,450,-1.0653,0.78076
1163,109,629,450,-0.20895,0.51342
1163,115.5,629,450,1.2116,0.32781
1163,122,629,450,1.8301,0.25783
1163,128.5,629,450,2.5483,0.43057
1163,135,629,450,-3.1401,0.56603
1163,141.5,629,450,-2.6425,0.67906
1163,148,629,450,-2.1257,0.88709
1163,154.5,629,450,-1.6369,0.88654
1163,161,629,450,-1.1536,0.72042
1163,167.5,629,450,-0.95773,0.3795
1163,174,629,450,-0.96002,0.3923
1163,180.5,629,450,-0.55989,0.82897
1163,187,629,450,-0.17171,0.85044
1163,193.5,629,450,0.19549,0.62462
1163,200,629,450,0.47143,0.58915
1214,5,629,450,-0.32316,0.95965
1214,11.5,629,450,-0.32316,0.95965
1214,18,629,450,-0.28552,0.95998
1214,24.5,629,450,-0.24178,0.96038
1214,31,629,450,-0.17529,0.96019
1214,37.5,629,450,-0.093919,0.96004
1214,44,629,450,0.017209,0.96002
1214,50.5,629,450,0.16716,0.95943
1214,57,629,450,0.39705,0.95794
1214,63.5,629,450,0.63232,0.95491
1214,70,629,450,0.98165,0.95306
1214,76.5,629,450,1.4942,0.94611
1214,83,629,450,2.1383,0.92593
1214,89.5,629,450,2.9946,0.89342
1214,96,629,450,-2.298,0.86267
1214,102.5,629,450,-0.93654,0.80011
1214,109,629,450,0.14227,0.75239
1214,115.5,629,450,1.4756,0.38145
1214,122,629,450,2.0181,0.39784
1214,128.5,629,450,2.763,0.65818
1214,135,629,450,-2.8422,0.82722
1214,141.5,629,450,-2.2721,0.81659
1214,148,629,450,-1.8269,0.75719
1214,154.5,629,450,-1.4066,0.90369
1214,161,629,450,-0.83238,0.59796
1214,167.5,629,450,-0.71843,0.54675
1214,174,629,450,-0.6907,0.59444
1214,180.5,629,450,-0.12308,0.94905
1214,187,629,450,0.26444,0.94505
1214,193.5,629,450,0.6663,0.93092
1214,200,629,450,1.0379,0.82023
1265,5,629,450,-0.32657,0.96327
1265,11.5,629,450,-0.32657,0.96327
1265,18,629,450,-0.28753,0.96335
1265,24.5,629,450,-0.2421,0.96357
1265,31,629,450,-0.17326,0.96364
1265,37.5,629,450,-0.088826,0.96363
1265,44,629,450,0.026843,0.96408
1265,50.5,629,450,0.18308,0.9646
1265,57,629,450,0.42338,0.96469
1265,63.5,629,450,0.66972,0.96241
1265,70,629,450,1.0368,0.95846
1265,76.5,629,450,1.5727,0.94281
1265,83,629,450,2.2403,0.91406
1265,89.5,629,450,3.1261,0.8848
1265,96,629,450,-2.123,0.85669
1265,102.5,629,450,-0.85224,0.83653
1265,109,629,450,0.43504,0.85458
1265,115.5,629,450,1.5251,0.43068
1265,122,629,450,2.2138,0.67963
1265,128.5,629,450,3.0785,0.86185
1265,135,629,450,-2.5372,0.79597
1265,141.5,629,450,-2.0648,0.78347
1265,148,629,450,-1.656,0.68873
1265,154.5,629,450,-1.1774,0.9682
1265,161,629,450,-0.63469,0.79445
1265,167.5,629,450,-0.13001,0.49925
1265,174,629,450,-0.18138,0.56569
1265,180.5,629,450,0.38415,0.64854
1265,187,629,450,0.54071,0.69309
1265,193.5,629,450,1.0157,0.87919
1265,200,629,450,1.4626,0.83163
1316,5,629,450,-0.33894,0.96428
1316,11.5,629,450,-0.33894,0.96428
1316,18,629,450,-0.29861,0.96444
1316,24.5,629,450,-0.25147,0.96478
1316,31,629,450,-0.18002,0.96539
1316,37.5,629,450,-0.092333,0.96586
1316,44,629,450,0.028178,0.96682
1316,50.5,629,450,0.19119,0.96773
1316,57,629,450,0.44222,0.96696
1316,63.5,629,450,0.69948,0.96264
1316,70,629,450,1.0815,0.95326
1316,76.5,629,450,1.6361,0.93136
1316,83,629,450,2.3257,0.90768
1316,89.5,629,450,-3.035,0.89174
1316,96,629,450,-1.9584,0.85774
1316,102.5,629,450,-0.7205,0.86019
1316,109,629,450,0.61084,0.84619
1316,115.5,629,450,1.596,0.69268
1316,122,629,450,2.5181,0.8727
1316,128.5,629,450,-2.9585,0.76629
1316,135,629,450,-2.4113,0.73286
1316,141.5,629,450,-1.8149,0.86216
1316,148,629,450,-1.3295,0.54207
1316,154.5,629,450,-0.8622,0.86595
1316,161,629,450,-0.17459,0.74588
1316,167.5,629,450,0.2461,0.26325
1316,174,629,450,0.26253,0.41974
1316,180.5,629,450,0.55313,0.30625
1316,187,629,450,0.82797,0.83583
1316,193.5,629,450,1.4055,0.95165
1316,200,629,450,1.854,0.93976
1367,5,629,450,-0.34156,0.96175
1367,11.5,629,450,-0.34156,0.96175
1367,18,629,450,-0.29981,0.96218
1367,24.5,629,450,-0.25085,0.96287
1367,31,629,450,-0.17649,0.96374
1367,37.5,629,450,-0.085297,0.96451
1367,44,629,450,0.040203,0.96548
1367,50.5,629,450,0.20984,0.96545
1367,57,629,450,0.47068,0.96221
1367,63.5,629,450,0.7371,0.95518
1367,70,629,450,1.1316,0.9433
1367,76.5,629,450,1.7033,0.92575
1367,83,629,450,2.4208,0.91397
1367,89.5,629,450,-2.8974,0.90181
1367,96,629,450,-1.773,0.86606
1367,102.5,629,450,-0.65222,0.68206
1367,109,629,450,0.72872,0.82812
1367,115.5,629,450,1.8706,0.87001
1367,122,629,450,2.757,0.79849
1367,128.5,629,450,-2.8348,0.67793
1367,135,629,450,-2.1499,0.83587
1367,141.5,629,450,-1.468,0.64866
1367,148,629,450,-1.0338,0.34586
1367,154.5,629,450,-0.51622,0.47982
1367,161,629,450,0.23273,0.51595
1367,167.5,629,450,0.41262,0.2034
1367,174,629,450,0.87334,0.28782
1367,180.5,629,450,0.66165,0.3195
1367,187,629,450,1.4015,0.77882
1367,193.5,629,450,1.9955,0.71404
1367,200,629,450,2.358,0.77506
1418,5,629,450,-0.34611,0.95814
1418,11.5,629,450,-0.34611,0.95814
1418,18,629,450,-0.30273,0.95895
1418,24.5,629,450,-0.25183,0.95975
1418,31,629,450,-0.17464,0.96033
1418,37.5,629,450,-0.079896,0.96094
1418,44,629,450,0.050452,0.96143
1418,50.5,629,450,0.22614,0.96038
1418,57,629,450,0.49545,0.95565
1418,63.5,629,450,0.77009,0.94862
1418,70,629,450,1.1771,0.94025
1418,76.5,629,450,1.7708,0.93253
1418,83,629,450,2.5225,0.92573
1418,89.5,629,450,-2.7541,0.90274
1418,96,629,450,-1.5927,0.86171
1418,102.5,629,450,-0.58768,0.65928
1418,109,629,450,0.8572,0.85403
1418,115.5,629,450,2.0821,0.78569
1418,122,629,450,2.9137,0.70152
1418,128.5,629,450,-2.6278,0.73617
1418,135,629,450,-1.8083,0.59526
1418,141.5,629,450,-1.2063,0.4097
1418,148,629,450,-0.68768,0.24699
1418,154.5,629,450,-0.060165,0.24549
1418,161,629,450,0.73977,0.21935
1418,167.5,629,450,0.99734,0.14496
1418,174,629,450,1.2488,0.17857
1418,180.5,629,450,1.2966,0.31931
1418,187,629,450,2.0763,0.42668
1418,193.5,629,450,2.2139,0.39092
1418,200,629,450,2.6197,0.5541
1469,5,629,450,-0.35213,0.95708
1469,11.5,629,450,-0.35213,0.95708
1469,18,629,450,-0.30714,0.95796
1469,24.5,629,450,-0.25419,0.95863
1469,31,629,450,-0.17449,0.95855
1469,37.5,629,450,-0.076401,0.9587
1469,44,629,450,0.058508,0.95877
1469,50.5,629,450,0.23978,0.95751
1469,57,629,450,0.51747,0.95406
1469,63.5,629,450,0.80118,0.94974
1469,70,629,450,1.2239,0.94758
1469,76.5,629,450,1.8446,0.94388
1469,83,629,450,2.6291,0.92651
1469,89.5,629,450,-2.6156,0.89105
1469,96,629,450,-1.4171,0.85801
1469,102.5,629,450,-0.42361,0.63887
1469,109,629,450,1.0173,0.70774
1469,115.5,629,450,2.2445,0.69435
1469,122,629,450,3.0938,0.607
1469,128.5,629,450,-2.3214,0.5435
1469,135,629,450,-1.5182,0.40036
1469,141.5,629,450,-0.8022,0.28386
1469,148,629,450,-0.01737,0.20323
1469,154.5,629,450,1.7588,0.063033
1469,161,629,450,0.60372,0.022298
1469,167.5,629,450,1.0108,0.15977
1469,174,629,450,1.9889,0.2176
1469,180.5,629,450,2.1608,0.28811
1469,187,629,450,2.9446,0.2401
1469,193.5,629,450,2.8072,0.23496
1469,200,629,450,3.1193,0.76133
