500,5,624,450,-0.24758,0.95298
500,11.5,624,450,-0.24758,0.95298
500,18,624,450,-0.23083,0.95387
500,24.5,624,450,-0.21274,0.95478
500,31,624,450,-0.18249,0.95552
500,37.5,624,450,-0.14677,0.9564
500,44,624,450,-0.10053,0.95741
500,50.5,624,450,-0.035327,0.95725
500,57,624,450,0.064375,0.95434
500,63.5,624,450,0.16542,0.94849
500,70,624,450,0.309,0.93984
500,76.5,624,450,0.51854,0.92241
500,83,624,450,0.77998,0.90058
500,89.5,624,450,1.1529,0.87668
500,96,624,450,1.6635,0.85288
500,102.5,624,450,2.5858,0.47946
500,109,624,450,2.6768,0.29037
500,115.5,624,450,-3.0548,0.3959
500,122,624,450,-2.6322,0.46304
500,128.5,624,450,-2.2173,0.55802
500,135,624,450,-1.8865,0.62358
500,141.5,624,450,-1.6075,0.65961
500,148,624,450,-1.3545,0.63582
500,154.5,624,450,-1.1558,0.52707
500,161,624,450,-1.0911,0.42868
500,167.5,624,450,-1.0731,0.40952
500,174,624,450,-1.0893,0.4932
500,180.5,624,450,-0.91716,0.63046
500,187,624,450,-0.76626,0.66848
500,193.5,624,450,-0.60075,0.66903
500,200,624,450,-0.42443,0.6426
551,5,624,450,-0.25351,0.95383
551,11.5,624,450,-0.25351,0.95383
551,18,624,450,-0.23512,0.95435
551,24.5,624,450,-0.21508,0.95471
551,31,624,450,-0.18217,0.95477
551,37.5,624,450,-0.14303,0.95488
551,44,624,450,-0.092007,0.95492
551,50.5,624,450,-0.020758,0.95363
551,57,624,450,0.088076,0.94959
551,63.5,624,450,0.19842,0.94322
551,70,624,450,0.35659,0.93439
551,76.5,624,450,0.58715,0.91862
551,83,624,450,0.87674,0.9006
551,89.5,624,450,1.2849,0.8814
551,96,624,450,1.8199,0.86611
551,102.5,624,450,2.687,0.46843
551,109,624,450,2.9156,0.56171
551,115.5,624,450,-2.7385,0.68934
551,122,624,450,-2.2635,0.75846
551,128.5,624,450,-1.8352,0.78443
551,135,624,450,-1.5036,0.74528
551,141.5,624,450,-1.238,0.70672
551,148,624,450,-0.93544,0.60504
551,154.5,624,450,-0.90993,0.31552
551,161,624,450,-0.98026,0.40911
551,167.5,624,450,-1.013,0.53984
551,174,624,450,-0.79806,0.7741
551,180.5,624,450,-0.54239,0.82964
551,187,624,450,-0.3681,0.83331
551,193.5,624,450,-0.17862,0.80389
551,200,624,450,0.0025484,0.6857
602,5,624,450,-0.26601,0.95774
602,11.5,624,450,-0.26601,0.95774
602,18,624,450,-0.24624,0.95781
602,24.5,624,450,-0.22454,0.95779
602,31,624,450,-0.18926,0.95751
602,37.5,624,450,-0.14708,0.95716
602,44,624,450,-0.091697,0.95676
602,50.5,624,450,-0.014747,0.95545
602,57,624,450,0.10305,0.95217
602,63.5,624,450,0.22292,0.9468
602,70,624,450,0.3959,0.94037
602,76.5,624,450,0.64953,0.92821
602,83,624,450,0.96912,0.91326
602,89.5,624,450,1.4115,0.89507
602,96,624,450,1.9571,0.87527
602,102.5,624,450,2.6252,0.61556
602,109,624,450,-3.0514,0.82865
602,115.5,624,450,-2.41,0.84675
602,122,624,450,-1.9522,0.8005
602,128.5,624,450,-1.6054,0.73003
602,135,624,450,-1.337,0.72188
602,141.5,624,450,-1.0707,0.72699
602,148,624,450,-0.74733,0.56552
602,154.5,624,450,-0.81976,0.49888
602,161,624,450,-0.7381,0.51955
602,167.5,624,450,-0.62821,0.80394
602,174,624,450,-0.37537,0.92846
602,180.5,624,450,-0.1184,0.95416
602,187,624,450,0.068213,0.94815
602,193.5,624,450,0.25775,0.93858
602,200,624,450,0.46197,0.93414
653,5,624,450,-0.26876,0.96096
653,11.5,624,450,-0.26876,0.96096
653,18,624,450,-0.24769,0.96094
653,24.5,624,450,-0.22444,0.96106
653,31,624,450,-0.18679,0.96112
653,37.5,624,450,-0.1416,0.96102
653,44,624,450,-0.081825,0.96114
653,50.5,624,450,0.0011731,0.9609
653,57,624,450,0.12878,0.95929
653,63.5,624,450,0.25908,0.95555
653,70,624,450,0.44857,0.95101
653,76.5,624,450,0.7271,0.93973
653,83,624,450,1.0771,0.92232
653,89.5,624,450,1.5539,0.90028
653,96,624,450,2.1129,0.87709
653,102.5,624,450,2.8203,0.86875
653,109,624,450,-2.8089,0.87399
653,115.5,624,450,-2.2003,0.80989
653,122,624,450,-1.8084,0.73278
653,128.5,624,450,-1.4907,0.78799
653,135,624,450,-1.1612,0.8258
653,141.5,624,450,-0.86392,0.81388
653,148,624,450,-0.5386,0.80522
653,154.5,624,450,-0.29674,0.54461
653,161,624,450,-0.35561,0.46357
653,167.5,624,450,-0.16895,0.70061
653,174,624,450,0.10179,0.72267
653,180.5,624,450,0.33278,0.62801
653,187,624,450,0.38665,0.65213
653,193.5,624,450,0.6108,0.81232
653,200,624,450,0.86731,0.8566
704,5,624,450,-0.27107,0.96034
704,11.5,624,450,-0.27107,0.96034
704,18,624,450,-0.24863,0.96071
704,24.5,624,450,-0.22357,0.96133
704,31,624,450,-0.18327,0.96205
704,37.5,624,450,-0.13478,0.96265
704,44,624,450,-0.070159,0.96365
704,50.5,624,450,0.019544,0.96438
704,57,624,450,0.15781,0.96357
704,63.5,624,450,0.29918,0.95977
704,70,624,450,0.50556,0.95405
704,76.5,624,450,0.80825,0.93882
704,83,624,450,1.1858,0.91589
704,89.5,624,450,1.6967,0.88923
704,96,624,450,2.2901,0.8613
704,102.5,624,450,2.964,0.84793
704,109,624,450,-2.6548,0.84368
704,115.5,624,450,-2.0984,0.78534
704,122,624,450,-1.6844,0.86001
704,128.5,624,450,-1.2334,0.84369
704,135,624,450,-0.86674,0.75377
704,141.5,624,450,-0.58823,0.64835
704,148,624,450,-0.16293,0.71117
704,154.5,624,450,0.02933,0.35371
704,161,624,450,-0.06183,0.39187
704,167.5,624,450,0.24868,0.49396
704,174,624,450,0.45835,0.40202
704,180.5,624,450,0.39376,0.43629
704,187,624,450,0.63182,0.77413
704,193.5,624,450,0.98759,0.92949
704,200,624,450,1.2777,0.9448
755,5,624,450,-0.27506,0.95663
755,11.5,624,450,-0.27506,0.95663
755,18,624,450,-0.25105,0.95741
755,24.5,624,450,-0.22393,0.95841
755,31,624,450,-0.18067,0.95943
755,37.5,624,450,-0.12854,0.96044
755,44,624,450,-0.058713,0.96177
755,50.5,624,450,0.037928,0.96228
755,57,624,450,0.1867,0.96023
755,63.5,624,450,0.33861,0.95465
755,70,624,450,0.56057,0.94556
755,76.5,624,450,0.88396,0.92713
755,83,624,450,1.2872,0.90187
755,89.5,624,450,1.8325,0.87717
755,96,624,450,2.4849,0.83378
755,102.5,624,450,3.072,0.82375
755,109,624,450,-2.5182,0.81043
755,115.5,624,450,-1.9172,0.87591
755,122,624,450,-1.4236,0.78936
755,128.5,624,450,-0.97516,0.64256
755,135,624,450,-0.62574,0.52372
755,141.5,624,450,-0.39294,0.44077
755,148,624,450,0.10937,0.45092
755,154.5,624,450,0.189,0.26301
755,161,624,450,0.40598,0.39589
755,167.5,624,450,0.79853,0.2676
755,174,624,450,0.74897,0.19243
755,180.5,624,450,0.73578,0.53843
755,187,624,450,1.1805,0.76251
755,193.5,624,450,1.5705,0.81184
755,200,624,450,1.8795,0.75831
806,5,624,450,-0.28089,0.95353
806,11.5,624,450,-0.28089,0.95353
806,18,624,450,-0.25515,0.95439
806,24.5,624,450,-0.22591,0.95521
806,31,624,450,-0.1797,0.95592
806,37.5,624,450,-0.12391,0.95667
806,44,624,450,-0.048951,0.95747
806,50.5,624,450,0.05414,0.95686
806,57,624,450,0.21241,0.95306
806,63.5,624,450,0.37378,0.94611
806,70,624,450,0.60939,0.93582
806,76.5,624,450,0.95331,0.91873
806,83,624,450,1.3834,0.90085
806,89.5,624,450,1.9682,0.88005
806,96,624,450,2.6876,0.81512
806,102.5,624,450,-3.0558,0.79467
806,109,624,450,-2.3119,0.70275
806,115.5,624,450,-1.7076,0.70218
806,122,624,450,-1.2273,0.62583
806,128.5,624,450,-0.74803,0.47317
806,135,624,450,-0.33201,0.36633
806,141.5,624,450,0.036204,0.2585
806,148,624,450,0.19635,0.18284
806,154.5,624,450,0.3873,0.1875
806,161,624,450,0.87691,0.16523
806,167.5,624,450,1.0675,0.13663
806,174,624,450,1.0218,0.13503
806,180.5,624,450,1.3823,0.42497
806,187,624,450,1.8332,0.46197
806,193.5,624,450,2.1577,0.37187
806,200,624,450,2.1581,0.43339
857,5,624,450,-0.28719,0.95399
857,11.5,624,450,-0.28719,0.95399
857,18,624,450,-0.25973,0.95463
857,24.5,624,450,-0.22863,0.95494
857,31,624,450,-0.17977,0.95503
857,37.5,624,450,-0.12059,0.95515
857,44,624,450,-0.040917,0.95518
857,50.5,624,450,0.068116,0.95382
857,57,624,450,0.23513,0.94975
857,63.5,624,450,0.40587,0.94357
857,70,624,450,0.65546,0.93616
857,76.5,624,450,1.0213,0.92471
857,83,624,450,1.4841,0.91262
857,89.5,624,450,2.1122,0.89352
857,96,624,450,2.891,0.81817
857,102.5,624,450,-2.814,0.73069
857,109,624,450,-2.2465,0.44988
857,115.5,624,450,-1.5294,0.57779
857,122,624,450,-0.97096,0.51289
857,128.5,624,450,-0.3128,0.3344
857,135,624,450,0.3852,0.13734
857,141.5,624,450,-0.065412,0.0035159
857,148,624,450,0.016347,0.15867
857,154.5,624,450,0.48285,0.2027
857,161,624,450,1.3145,0.19358
857,167.5,624,450,1.765,0.12741
857,174,624,450,1.6687,0.13692
857,180.5,624,450,2.2378,0.32471
857,187,624,450,2.6911,0.28304
857,193.5,624,450,2.6446,0.16504
857,200,624,450,2.6935,0.29032
908,5,624,450,-0.29195,0.9576
908,11.5,624,450,-0.29195,0.9576
908,18,624,450,-0.26308,0.95788
908,24.5,624,450,-0.23032,0.95791
908,31,624,450,-0.17909,0.95765
908,37.5,624,450,-0.1168,0.95742
908,44,624,450,-0.032705,0.95723
908,50.5,624,450,0.082109,0.95629
908,57,624,450,0.25838,0.95387
908,63.5,624,450,0.43905,0.94972
908,70,624,450,0.70531,0.94581
908,76.5,624,450,1.097,0.93731
908,83,624,450,1.593,0.92183
908,89.5,624,450,2.2612,0.89283
908,96,624,450,3.0931,0.83056
908,102.5,624,450,-2.4674,0.60434
908,109,624,450,-2.1368,0.43597
908,115.5,624,450,-1.2334,0.49246
908,122,624,450,-0.45569,0.37072
908,128.5,624,450,0.65213,0.081491
908,135,624,450,-0.97176,0.0025927
908,141.5,624,450,-0.48365,0.050234
908,148,624,450,0.61533,0.13674
908,154.5,624,450,1.2194,0.17609
908,161,624,450,2.1009,0.22841
908,167.5,624,450,2.5851,0.19872
908,174,624,450,2.8879,0.35507
908,180.5,624,450,-2.687,0.38452
908,187,624,450,-2.0133,0.17673
908,193.5,624,450,-2.9728,0.024771
908,200,624,450,3.0186,0.26805
959,5,624,450,-0.3043,0.96082
959,11.5,624,450,-0.3043,0.96082
959,18,624,450,-0.27413,0.96072
959,24.5,624,450,-0.23966,0.96115
959,31,624,450,-0.18604,0.96124
959,37.5,624,450,-0.12067,0.96124
959,44,624,450,-0.032044,0.96157
959,50.5,624,450,0.089047,0.96177
959,57,624,450,0.27578,0.96104
959,63.5,624,450,0.4675,0.95812
959,70,624,450,0.75137,0.95408
959,76.5,624,450,1.1689,0.94083
959,83,624,450,1.6935,0.91568
959,89.5,624,450,2.3967,0.88149
959,96,624,450,-3.0093,0.83993
959,102.5,624,450,-2.0691,0.46589
959,109,624,450,-1.8335,0.40546
959,115.5,624,450,-0.68829,0.36941
959,122,624,450,0.47096,0.10948
959,128.5,624,450,-1.8681,0.00017548
959,135,624,450,-0.01531,0.026706
959,141.5,624,450,1.0983,0.062431
959,148,624,450,2.1685,0.13086
959,154.5,624,450,2.5576,0.082181
959,161,624,450,3.025,0.29603
959,167.5,624,450,-2.7929,0.36201
959,174,624,450,-2.2923,0.4455
959,180.5,624,450,-1.6161,0.36493
959,187,624,450,-0.84152,0.062313
959,193.5,624,450,-2.9783,0.06426
959,200,624,450,-2.2527,0.28437
1010,5,624,450,-0.30655,0.96042
1010,11.5,624,450,-0.30655,0.96042
1010,18,624,450,-0.27497,0.96105
1010,24.5,624,450,-0.23859,0.96151
1010,31,624,450,-0.1823,0.96225
1010,37.5,624,450,-0.11361,0.96282
1010,44,624,450,-0.020073,0.96382
1010,50.5,624,450,0.10786,0.9646
1010,57,624,450,0.30547,0.96359
1010,63.5,624,450,0.50837,0.95924
1010,70,624,450,0.80868,0.95087
1010,76.5,624,450,1.2479,0.93049
1010,83,624,450,1.7965,0.90222
1010,89.5,624,450,2.5331,0.87526
1010,96,624,450,-2.8404,0.85085
1010,102.5,624,450,-1.6501,0.41304
1010,109,624,450,-1.3424,0.34601
1010,115.5,624,450,0.11082,0.19494
1010,122,624,450,1.2746,0.0081048
1010,128.5,624,450,0.53854,0.02007
1010,135,624,450,1.6579,0.10411
1010,141.5,624,450,2.5476,0.20184
1010,148,624,450,-2.8566,0.3092
1010,154.5,624,450,-2.537,0.090073
1010,161,624,450,-2.5236,0.27508
1010,167.5,624,450,-2.2221,0.48029
1010,174,624,450,-1.7197,0.49496
1010,180.5,624,450,-1.0488,0.25548
1010,187,624,450,-1.8717,0.079884
1010,193.5,624,450,-1.5775,0.36974
1010,200,624,450,-1.0219,0.31023
1061,5,624,450,-0.31004,0.95725
1061,11.5,624,450,-0.31004,0.95725
1061,18,624,450,-0.27683,0.95786
1061,24.5,624,450,-0.23853,0.9587
1061,31,624,450,-0.17928,0.9597
1061,37.5,624,450,-0.107,0.96054
1061,44,624,450,-0.008322,0.96167
1061,50.5,624,450,0.12644,0.96181
1061,57,624,450,0.33422,0.95877
1061,63.5,624,450,0.54686,0.95186
1061,70,624,450,0.86115,0.94044
1061,76.5,624,450,1.3187,0.91964
1061,83,624,450,1.8929,0.90014
1061,89.5,624,450,2.6688,0.88461
1061,96,624,450,-2.6759,0.85209
1061,102.5,624,450,-1.2593,0.44319
1061,109,624,450,-0.77549,0.30505
1061,115.5,624,450,0.77779,0.11086
1061,122,624,450,0.90856,0.02655
1061,128.5,624,450,1.7708,0.15568
1061,135,624,450,2.6382,0.28438
1061,141.5,624,450,-3.0617,0.29652
1061,148,624,450,-2.4143,0.44149
1061,154.5,624,450,-2.3054,0.17546
1061,161,624,450,-2.1553,0.4324
1061,167.5,624,450,-1.6772,0.6593
1061,174,624,450,-1.2771,0.49236
1061,180.5,624,450,-1.2341,0.3984
1061,187,624,450,-0.95483,0.59665
1061,193.5,624,450,-0.47541,0.58627
1061,200,624,450,-0.14897,0.20223
1112,5,624,450,-0.31569,0.95463
1112,11.5,624,450,-0.31569,0.95463
1112,18,624,450,-0.28086,0.95456
1112,24.5,624,450,-0.24052,0.9555
1112,31,624,450,-0.17835,0.95616
1112,37.5,624,450,-0.10246,0.95678
1112,44,624,450,0.0012185,0.95737
1112,50.5,624,450,0.1422,0.9564
1112,57,624,450,0.35895,0.95185
1112,63.5,624,450,0.58059,0.94433
1112,70,624,450,0.90771,0.93461
1112,76.5,624,450,1.3863,0.92162
1112,83,624,450,1.9923,0.91142
1112,89.5,624,450,2.8127,0.89597
1112,96,624,450,-2.5063,0.86068
1112,102.5,624,450,-0.94429,0.48623
1112,109,624,450,-0.30974,0.35356
1112,115.5,624,450,1.0623,0.14126
1112,122,624,450,1.5524,0.1523
1112,128.5,624,450,2.4218,0.31992
1112,135,624,450,3.0605,0.40463
1112,141.5,624,450,-2.824,0.42291
1112,148,624,450,-2.2441,0.63589
1112,154.5,624,450,-1.9643,0.64972
1112,161,624,450,-1.5051,0.71159
1112,167.5,624,450,-1.1077,0.54946
1112,174,624,450,-1.0468,0.42386
1112,180.5,624,450,-0.76574,0.69448
1112,187,624,450,-0.39082,0.72999
1112,193.5,624,450,0.099288,0.50857
1112,200,624,450,0.14145,0.31441
1163,5,624,450,-0.32296,0.95714
1163,11.5,624,450,-0.32296,0.95714
1163,18,624,450,-0.28653,0.9578
1163,24.5,624,450,-0.24418,0.95845
1163,31,624,450,-0.17936,0.95845
1163,37.5,624,450,-0.10009,0.95852
1163,44,624,450,0.0082237,0.9585
1163,50.5,624,450,0.155,0.9571
1163,57,624,450,0.3805,0.95319
1163,63.5,624,450,0.61146,0.94781
1163,70,624,450,0.95416,0.94274
1163,76.5,624,450,1.4587,0.93534
1163,83,624,450,2.0992,0.9219
1163,89.5,624,450,2.9591,0.89479
1163,96,624,450,-2.325,0.85701
1163,102.5,624,450,-0.75225,0.49386
1163,109,624,450,0.069388,0.53006
1163,115.5,624,450,1.3554,0.25983
1163,122,624,450,1.981,0.28518
1163,128.5,624,450,2.699,0.46306
1163,135,624,450,-2.996,0.62351
1163,141.5,624,450,-2.4974,0.75115
1163,148,624,450,-1.9618,0.89008
1163,154.5,624,450,-1.4846,0.83637
1163,161,624,450,-0.9812,0.60951
1163,167.5,624,450,-0.94389,0.40301
1163,174,624,450,-0.94887,0.53771
1163,180.5,624,450,-0.40172,0.86819
1163,187,624,450,-0.017886,0.86593
1163,193.5,624,450,0.27914,0.7209
1163,200,624,450,0.60481,0.63903
1214,5,624,450,-0.32822,0.96051
1214,11.5,624,450,-0.32822,0.96051
1214,18,624,450,-0.29027,0.96078
1214,24.5,624,450,-0.24608,0.96112
1214,31,624,450,-0.17887,0.96089
1214,37.5,624,450,-0.096467,0.96069
1214,44,624,450,0.01636,0.96065
1214,50.5,624,450,0.16909,0.96001
1214,57,624,450,0.40426,0.95825
1214,63.5,624,450,0.64583,0.95513
1214,70,624,450,1.0064,0.95275
1214,76.5,624,450,1.5383,0.94263
1214,83,624,450,2.2089,0.91739
1214,89.5,624,450,3.101,0.88431
1214,96,624,450,-2.1384,0.84336
1214,102.5,624,450,-0.7375,0.50064
1214,109,624,450,0.43227,0.73175
1214,115.5,624,450,1.5656,0.3357
1214,122,624,450,2.1654,0.45654
1214,128.5,624,450,2.9353,0.73247
1214,135,624,450,-2.6622,0.85411
1214,141.5,624,450,-2.1291,0.81544
1214,148,624,450,-1.7344,0.74732
1214,154.5,624,450,-1.2462,0.89342
1214,161,624,450,-0.81801,0.50119
1214,167.5,624,450,-0.57805,0.51227
1214,174,624,450,-0.50032,0.75637
1214,180.5,624,450,0.0569,0.93423
1214,187,624,450,0.41623,0.90235
1214,193.5,624,450,0.82188,0.88718
1214,200,624,450,1.2119,0.80408
1265,5,624,450,-0.33132,0.96388
1265,11.5,624,450,-0.33132,0.96388
1265,18,624,450,-0.29199,0.96392
1265,24.5,624,450,-0.24611,0.96414
1265,31,624,450,-0.17647,0.96429
1265,37.5,624,450,-0.090922,0.96432
1265,44,624,450,0.026575,0.96477
1265,50.5,624,450,0.18582,0.96517
1265,57,624,450,0.4318,0.96463
1265,63.5,624,450,0.68516,0.96182
1265,70,624,450,1.0635,0.95584
1265,76.5,624,450,1.6184,0.93663
1265,83,624,450,2.313,0.90555
1265,89.5,624,450,-3.0459,0.87751
1265,96,624,450,-1.9525,0.83334
1265,102.5,624,450,-0.7097,0.78786
1265,109,624,450,0.7059,0.79048
1265,115.5,624,450,1.6172,0.47839
1265,122,624,450,2.4141,0.7653
1265,128.5,624,450,-3.0199,0.85768
1265,135,624,450,-2.4092,0.77955
1265,141.5,624,450,-1.8923,0.84528
1265,148,624,450,-1.5728,0.69714
1265,154.5,624,450,-0.99991,0.94042
1265,161,624,450,-0.42139,0.77361
1265,167.5,624,450,-0.096869,0.35761
1265,174,624,450,0.013171,0.60061
1265,180.5,624,450,0.47045,0.51418
1265,187,624,450,0.6699,0.77984
1265,193.5,624,450,1.1685,0.89205
1265,200,624,450,1.6219,0.80352
1316,5,624,450,-0.34395,0.96404
1316,11.5,624,450,-0.34395,0.96404
1316,18,624,450,-0.30331,0.96425
1316,24.5,624,450,-0.25569,0.96462
1316,31,624,450,-0.18333,0.96527
1316,37.5,624,450,-0.094436,0.9658
1316,44,624,450,0.028026,0.9667
1316,50.5,624,450,0.19419,0.96722
1316,57,624,450,0.45098,0.9654
1316,63.5,624,450,0.71515,0.95948
1316,70,624,450,1.1083,0.94843
1316,76.5,624,450,1.6815,0.92488
1316,83,624,450,2.3997,0.90244
1316,89.5,624,450,-2.9185,0.88764
1316,96,624,450,-1.7767,0.83459
1316,102.5,624,450,-0.51405,0.87236
1316,109,624,450,0.85134,0.76217
1316,115.5,624,450,1.7989,0.78533
1316,122,624,450,2.7162,0.86659
1316,128.5,624,450,-2.829,0.74812
1316,135,624,450,-2.2667,0.81632
1316,141.5,624,450,-1.6101,0.82466
1316,148,624,450,-1.3196,0.55226
1316,154.5,624,450,-0.67309,0.73057
1316,161,624,450,0.034895,0.57524
1316,167.5,624,450,0.11748,0.23842
1316,174,624,450,0.44615,0.39671
1316,180.5,624,450,0.48733,0.40428
1316,187,624,450,1.0503,0.89926
1316,193.5,624,450,1.5897,0.95667
1316,200,624,450,2.0334,0.94942
1367,5,624,450,-0.34699,0.96093
1367,11.5,624,450,-0.34699,0.96093
1367,18,624,450,-0.30489,0.96144
1367,24.5,624,450,-0.2554,0.96217
1367,31,624,450,-0.18009,0.96293
1367,37.5,624,450,-0.08762,0.96362
1367,44,624,450,0.039893,0.96444
1367,50.5,624,450,0.21265,0.96399
1367,57,624,450,0.47908,0.95965
1367,63.5,624,450,0.75241,0.95155
1367,70,624,450,1.1581,0.93921
1367,76.5,624,450,1.7501,0.9222
1367,83,624,450,2.4993,0.91097
1367,89.5,624,450,-2.7739,0.89763
1367,96,624,450,-1.5819,0.84057
1367,102.5,624,450,-0.40068,0.83575
1367,109,624,450,0.91674,0.78544
1367,115.5,624,450,2.0765,0.85742
1367,122,624,450,2.9134,0.77398
1367,128.5,624,450,-2.7044,0.76191
1367,135,624,450,-1.9302,0.78075
1367,141.5,624,450,-1.3398,0.59077
1367,148,624,450,-1.0298,0.3844
1367,154.5,624,450,-0.45139,0.41602
1367,161,624,450,0.42012,0.34464
1367,167.5,624,450,0.51482,0.28406
1367,174,624,450,0.99126,0.20484
1367,180.5,624,450,0.91788,0.49269
1367,187,624,450,1.6567,0.70859
1367,193.5,624,450,2.09,0.5686
1367,200,624,450,2.5002,0.70038
1418,5,624,450,-0.3521,0.95756
1418,11.5,624,450,-0.3521,0.95756
1418,18,624,450,-0.3083,0.95837
1418,24.5,624,450,-0.25685,0.9592
1418,31,624,450,-0.17874,0.95959
1418,37.5,624,450,-0.082701,0.96002
1418,44,624,450,0.049675,0.96035
1418,50.5,624,450,0.2285,0.95894
1418,57,624,450,0.50344,0.95373
1418,63.5,624,450,0.78524,0.94649
1418,70,624,450,1.2046,0.93886
1418,76.5,624,450,1.8208,0.93153
1418,83,624,450,2.6064,0.92173
1418,89.5,624,450,-2.6266,0.89164
1418,96,624,450,-1.3931,0.8519
1418,102.5,624,450,-0.27842,0.81257
1418,109,624,450,1.0908,0.86723
1418,115.5,624,450,2.2568,0.76114
1418,122,624,450,3.0496,0.71101
1418,128.5,624,450,-2.3867,0.72398
1418,135,624,450,-1.6423,0.51763
1418,141.5,624,450,-1.1013,0.40413
1418,148,624,450,-0.57424,0.2943
1418,154.5,624,450,0.13018,0.18506
1418,161,624,450,0.8253,0.1099
1418,167.5,624,450,0.99867,0.11048
1418,174,624,450,1.4863,0.15686
1418,180.5,624,450,1.6249,0.35089
1418,187,624,450,2.2928,0.3125
1418,193.5,624,450,2.423,0.45375
1418,200,624,450,2.7477,0.7043
1469,5,624,450,-0.35834,0.95731
1469,11.5,624,450,-0.35834,0.95731
1469,18,624,450,-0.31291,0.95815
1469,24.5,624,450,-0.2594,0.95875
1469,31,624,450,-0.17883,0.95861
1469,37.5,624,450,-0.079471,0.9586
1469,44,624,450,0.057506,0.95861
1469,50.5,624,450,0.24205,0.9573
1469,57,624,450,0.52581,0.95389
1469,63.5,624,450,0.81741,0.94995
1469,70,624,450,1.2537,0.94763
1469,76.5,624,450,1.8987,0.94164
1469,83,624,450,2.7162,0.91824
1469,89.5,624,450,-2.4858,0.88127
1469,96,624,450,-1.2146,0.84021
1469,102.5,624,450,-0.087151,0.77274
1469,109,624,450,1.2356,0.74575
1469,115.5,624,450,2.4175,0.68208
1469,122,624,450,-3.0309,0.65191
1469,128.5,624,450,-2.1269,0.49527
1469,135,624,450,-1.3316,0.35647
1469,141.5,624,450,-0.55667,0.25262
1469,148,624,450,0.50294,0.26099
1469,154.5,624,450,-2.77,0.015385
1469,161,624,450,0.26872,0.048147
1469,167.5,624,450,1.3829,0.19427
1469,174,624,450,2.2759,0.15737
1469,180.5,624,450,2.5758,0.30877
1469,187,624,450,-3.0334,0.12517
1469,193.5,624,450,2.8434,0.20343
1469,200,624,450,-2.8498,0.74165
