500,25,622,260,-0.14894,0.9581
500,30,622,260,-0.079236,0.96046
500,35,622,260,-0.0045136,0.96263
500,40,622,260,0.10526,0.96422
500,45,622,260,0.20276,0.96419
500,50,622,260,0.34154,0.96397
500,55,622,260,0.49432,0.96292
500,60,622,260,0.70288,0.95935
500,65,622,260,0.89941,0.95659
500,70,622,260,1.1458,0.95662
500,75,622,260,1.3928,0.95535
500,80,622,260,1.6928,0.9527
500,85,622,260,2.0535,0.95264
500,90,622,260,2.4112,0.95531
500,95,622,260,2.7348,0.95647
500,100,622,260,3.1022,0.96237
500,105,622,260,-2.8081,0.96838
500,110,622,260,-2.4199,0.9672
500,115,622,260,-2.0574,0.94813
500,120,622,260,-1.6588,0.89875
500,125,622,260,-1.289,0.84013
500,130,622,260,-0.84985,0.78195
500,135,622,260,-0.4319,0.75884
500,140,622,260,-0.2747,0.7657
500,145,622,260,-0.081305,0.79155
500,150,622,260,0.038733,0.81092
510,25,622,260,-0.15966,0.95642
510,30,622,260,-0.088864,0.95845
510,35,622,260,-0.012592,0.9602
510,40,622,260,0.098955,0.96132
510,45,622,260,0.19788,0.96103
510,50,622,260,0.33891,0.96054
510,55,622,260,0.4945,0.95955
510,60,622,260,0.70632,0.95653
510,65,622,260,0.90612,0.95492
510,70,622,260,1.158,0.95673
510,75,622,260,1.4101,0.95673
510,80,622,260,1.7164,0.95591
510,85,622,260,2.0855,0.95746
510,90,622,260,2.4518,0.95941
510,95,622,260,2.7832,0.96086
510,100,622,260,-3.1236,0.96691
510,105,622,260,-2.741,0.96854
510,110,622,260,-2.3447,0.95704
510,115,622,260,-1.9768,0.92725
510,120,622,260,-1.5802,0.86993
510,125,622,260,-1.2135,0.81288
510,130,622,260,-0.77654,0.77299
510,135,622,260,-0.35087,0.77831
510,140,622,260,-0.18559,0.79681
510,145,622,260,0.020856,0.83661
510,150,622,260,0.15163,0.86255
520,25,622,260,-0.15359,0.95671
520,30,622,260,-0.081471,0.95845
520,35,622,260,-0.0037679,0.95988
520,40,622,260,0.10976,0.96066
520,45,622,260,0.21043,0.96018
520,50,622,260,0.35387,0.95958
520,55,622,260,0.51223,0.95891
520,60,622,260,0.72789,0.95656
520,65,622,260,0.93168,0.95615
520,70,622,260,1.1891,0.95975
520,75,622,260,1.4468,0.96109
520,80,622,260,1.7599,0.96142
520,85,622,260,2.138,0.96451
520,90,622,260,2.5135,0.96895
520,95,622,260,2.8536,0.96854
520,100,622,260,-3.0422,0.97267
520,105,622,260,-2.6499,0.96955
520,110,622,260,-2.2463,0.94291
520,115,622,260,-1.8769,0.90575
520,120,622,260,-1.4824,0.84243
520,125,622,260,-1.1182,0.79822
520,130,622,260,-0.67675,0.78294
520,135,622,260,-0.23247,0.81845
520,140,622,260,-0.055272,0.84712
520,145,622,260,0.17101,0.895
520,150,622,260,0.31381,0.91894
530,25,622,260,-0.16307,0.95532
530,30,622,260,-0.089909,0.95673
530,35,622,260,-0.010744,0.9578
530,40,622,260,0.10448,0.9583
530,45,622,260,0.20653,0.95778
530,50,622,260,0.35217,0.95721
530,55,622,260,0.51339,0.95701
530,60,622,260,0.73251,0.95568
530,65,622,260,0.93981,0.95673
530,70,622,260,1.2033,0.96195
530,75,622,260,1.4665,0.96434
530,80,622,260,1.7862,0.96614
530,85,622,260,2.1727,0.96863
530,90,622,260,2.558,0.97287
530,95,622,260,2.905,0.97165
530,100,622,260,-2.9813,0.97273
530,105,622,260,-2.5819,0.96
530,110,622,260,-2.1743,0.92353
530,115,622,260,-1.8039,0.88152
530,120,622,260,-1.4134,0.82439
530,125,622,260,-1.0494,0.79208
530,130,622,260,-0.59873,0.79996
530,135,622,260,-0.13161,0.85926
530,140,622,260,0.05855,0.89236
530,145,622,260,0.30241,0.9356
530,150,622,260,0.45526,0.95032
540,25,622,260,-0.15789,0.95585
540,30,622,260,-0.083474,0.95697
540,35,622,260,-0.002942,0.9578
540,40,622,260,0.1142,0.95814
540,45,622,260,0.21796,0.95763
540,50,622,260,0.36603,0.95723
540,55,622,260,0.53012,0.95768
540,60,622,260,0.75328,0.95743
540,65,622,260,0.9649,0.95985
540,70,622,260,1.2344,0.96655
540,75,622,260,1.5035,0.96996
540,80,622,260,1.8306,0.97251
540,85,622,260,2.2266,0.97542
540,90,622,260,2.6208,0.97642
540,95,622,260,2.9764,0.97422
540,100,622,260,-2.9007,0.96941
540,105,622,260,-2.4942,0.9486
540,110,622,260,-2.085,0.90593
540,115,622,260,-1.7125,0.86297
540,120,622,260,-1.3238,0.81436
540,125,622,260,-0.95755,0.80013
540,130,622,260,-0.48904,0.83554
540,135,622,260,0.0097599,0.90847
540,140,622,260,0.21471,0.93693
540,145,622,260,0.47567,0.95762
540,150,622,260,0.63495,0.95529
550,25,622,260,-0.14513,0.95668
550,30,622,260,-0.069489,0.95755
550,35,622,260,0.012382,0.95817
550,40,622,260,0.13142,0.95844
550,45,622,260,0.23691,0.95804
550,50,622,260,0.38741,0.9579
550,55,622,260,0.55446,0.95911
550,60,622,260,0.78181,0.96002
550,65,622,260,0.99791,0.9638
550,70,622,260,1.2736,0.97174
550,75,622,260,1.5487,0.97581
550,80,622,260,1.8833,0.97888
550,85,622,260,2.2885,0.98058
550,90,622,260,2.6919,0.97985
550,95,622,260,3.0552,0.97368
550,100,622,260,-2.8143,0.96039
550,105,622,260,-2.4009,0.93315
550,110,622,260,-1.9915,0.88622
550,115,622,260,-1.6185,0.85133
550,120,622,260,-1.2288,0.81647
550,125,622,260,-0.85329,0.81997
550,130,622,260,-0.3618,0.87735
550,135,622,260,0.17052,0.94609
550,140,622,260,0.38747,0.95867
550,145,622,260,0.65763,0.94611
550,150,622,260,0.81763,0.92299
560,25,622,260,-0.15547,0.95559
560,30,622,260,-0.078888,0.95624
560,35,622,260,0.0043551,0.95669
560,40,622,260,0.12504,0.95702
560,45,622,260,0.23194,0.95689
560,50,622,260,0.38473,0.95723
560,55,622,260,0.5549,0.95934
560,60,622,260,0.78616,0.96163
560,65,622,260,1.0065,0.96667
560,70,622,260,1.2886,0.97529
560,75,622,260,1.5697,0.97945
560,80,622,260,1.9111,0.98243
560,85,622,260,2.3247,0.98282
560,90,622,260,2.7369,0.97814
560,95,622,260,3.106,0.96859
560,100,622,260,-2.7565,0.94871
560,105,622,260,-2.34,0.91821
560,110,622,260,-1.9312,0.87301
560,115,622,260,-1.5563,0.84376
560,120,622,260,-1.1631,0.8244
560,125,622,260,-0.77708,0.84697
560,130,622,260,-0.26063,0.91196
560,135,622,260,0.2991,0.95933
560,140,622,260,0.52234,0.94912
560,145,622,260,0.79193,0.90774
560,150,622,260,0.94841,0.87262
570,25,622,260,-0.15049,0.95661
570,30,622,260,-0.072729,0.95708
570,35,622,260,0.011828,0.95747
570,40,622,260,0.13443,0.95795
570,45,622,260,0.2431,0.95811
570,50,622,260,0.39843,0.95896
570,55,622,260,0.57175,0.96199
570,60,622,260,0.80739,0.96556
570,65,622,260,1.0326,0.97153
570,70,622,260,1.3212,0.98048
570,75,622,260,1.6084,0.98455
570,80,622,260,1.9575,0.98666
570,85,622,260,2.3798,0.98476
570,90,622,260,2.7996,0.97472
570,95,622,260,-3.1073,0.96291
570,100,622,260,-2.6816,0.93812
570,105,622,260,-2.2623,0.90515
570,110,622,260,-1.8516,0.86309
570,115,622,260,-1.4736,0.84453
570,120,622,260,-1.0701,0.84637
570,125,622,260,-0.66739,0.8841
570,130,622,260,-0.12219,0.94621
570,135,622,260,0.4594,0.94805
570,140,622,260,0.6827,0.91591
570,145,622,260,0.94483,0.85447
570,150,622,260,1.0945,0.81495
580,25,622,260,-0.15945,0.95595
580,30,622,260,-0.080789,0.95631
580,35,622,260,0.0051084,0.95669
580,40,622,260,0.1294,0.95744
580,45,622,260,0.23956,0.95802
580,50,622,260,0.39731,0.95951
580,55,622,260,0.57398,0.96348
580,60,622,260,0.81391,0.96831
580,65,622,260,1.0436,0.97497
580,70,622,260,1.3388,0.98351
580,75,622,260,1.6319,0.98679
580,80,622,260,1.9877,0.98737
580,85,622,260,2.4174,0.9817
580,90,622,260,2.8443,0.96886
580,95,622,260,-3.0572,0.95452
580,100,622,260,-2.6271,0.92491
580,105,622,260,-2.2042,0.89353
580,110,622,260,-1.7926,0.85846
580,115,622,260,-1.4097,0.85238
580,120,622,260,-0.99525,0.87
580,125,622,260,-0.57489,0.916
580,130,622,260,-0.0052575,0.96
580,135,622,260,0.58495,0.91511
580,140,622,260,0.80413,0.86906
580,145,622,260,1.0546,0.80237
580,150,622,260,1.1979,0.76543
590,25,622,260,-0.15403,0.95717
590,30,622,260,-0.074212,0.95748
590,35,622,260,0.013001,0.95794
590,40,622,260,0.13926,0.95903
590,45,622,260,0.25127,0.96004
590,50,622,260,0.41169,0.96215
590,55,622,260,0.59175,0.96699
590,60,622,260,0.83646,0.97273
590,65,622,260,1.0712,0.97978
590,70,622,260,1.3728,0.98757
590,75,622,260,1.6719,0.98981
590,80,622,260,2.0349,0.98865
590,85,622,260,2.4724,0.98008
590,90,622,260,2.9068,0.96396
590,95,622,260,-2.9899,0.9465
590,100,622,260,-2.5568,0.91458
590,105,622,260,-2.1293,0.88596
590,110,622,260,-1.7134,0.86334
590,115,622,260,-1.3209,0.86821
590,120,622,260,-0.8918,0.90315
590,125,622,260,-0.44928,0.94601
590,130,622,260,0.14085,0.95701
590,135,622,260,0.72803,0.86919
590,140,622,260,0.93942,0.81909
590,145,622,260,1.1783,0.75927
590,150,622,260,1.3165,0.73183
600,25,622,260,-0.14908,0.95857
600,30,622,260,-0.068114,0.95886
600,35,622,260,0.020424,0.95944
600,40,622,260,0.14869,0.96092
600,45,622,260,0.26261,0.96236
600,50,622,260,0.42579,0.96508
600,55,622,260,0.60935,0.97067
600,60,622,260,0.85893,0.97723
600,65,622,260,1.0987,0.98428
600,70,622,260,1.4067,0.99076
600,75,622,260,1.7117,0.99161
600,80,622,260,2.0816,0.9882
600,85,622,260,2.5265,0.97667
600,90,622,260,2.9671,0.95707
600,95,622,260,-2.9247,0.93811
600,100,622,260,-2.4868,0.90682
600,105,622,260,-2.0568,0.88329
600,110,622,260,-1.633,0.8759
600,115,622,260,-1.2303,0.89121
600,120,622,260,-0.77989,0.93354
600,125,622,260,-0.3186,0.96485
600,130,622,260,0.2832,0.93185
600,135,622,260,0.85739,0.82329
600,140,622,260,1.061,0.77777
600,145,622,260,1.2917,0.73392
600,150,622,260,1.4274,0.71782
