500,5,689,450,-0.21149,0.95796
500,11.5,689,450,-0.21149,0.95796
500,18,689,450,-0.19665,0.9589
500,24.5,689,450,-0.18096,0.96004
500,31,689,450,-0.15511,0.96158
500,37.5,689,450,-0.12514,0.9634
500,44,689,450,-0.087117,0.96571
500,50.5,689,450,-0.034819,0.96864
500,57,689,450,0.041922,0.97221
500,63.5,689,450,0.11678,0.97499
500,70,689,450,0.21967,0.97799
500,76.5,689,450,0.36052,0.97985
500,83,689,450,0.52013,0.98068
500,89.5,689,450,0.7285,0.97821
500,96,689,450,0.97226,0.9754
500,102.5,689,450,1.3187,0.97092
500,109,689,450,1.7228,0.97057
500,115.5,689,450,2.3182,0.96844
500,122,689,450,-2.9543,0.62951
500,128.5,689,450,2.0503,0.18428
500,135,689,450,2.832,0.51381
500,141.5,689,450,-3.0015,0.61178
500,148,689,450,-2.6562,0.66827
500,154.5,689,450,-2.3677,0.71822
500,161,689,450,-2.0881,0.75595
500,167.5,689,450,-1.7848,0.72084
500,174,689,450,-1.8162,0.88818
500,180.5,689,450,-1.5375,0.88601
500,187,689,450,-1.3061,0.8858
500,193.5,689,450,-0.93942,0.82192
500,200,689,450,-0.31746,0.069856
551,5,689,450,-0.2149,0.95533
551,11.5,689,450,-0.2149,0.95533
551,18,689,450,-0.19848,0.95625
551,24.5,689,450,-0.18095,0.9574
551,31,689,450,-0.15252,0.9586
551,37.5,689,450,-0.11937,0.9601
551,44,689,450,-0.076981,0.96188
551,50.5,689,450,-0.019259,0.96383
551,57,689,450,0.065169,0.96586
551,63.5,689,450,0.14729,0.96706
551,70,689,450,0.26107,0.96791
551,76.5,689,450,0.41577,0.96792
551,83,689,450,0.59178,0.96778
551,89.5,689,450,0.82174,0.96557
551,96,689,450,1.0916,0.96733
551,102.5,689,450,1.4731,0.97038
551,109,689,450,1.9114,0.97783
551,115.5,689,450,2.5261,0.99283
551,122,689,450,-2.3839,0.4051
551,128.5,689,450,2.857,0.63117
551,135,689,450,-2.8652,0.77775
551,141.5,689,450,-2.4836,0.83238
551,148,689,450,-2.1637,0.87589
551,154.5,689,450,-1.884,0.91222
551,161,689,450,-1.6058,0.94132
551,167.5,689,450,-1.1923,0.87063
551,174,689,450,-1.184,0.97439
551,180.5,689,450,-0.81515,0.9386
551,187,689,450,-0.034556,0.47929
551,193.5,689,450,-1.7356,0.36981
551,200,689,450,-1.1185,0.67236
602,5,689,450,-0.22504,0.95501
602,11.5,689,450,-0.22504,0.95501
602,18,689,450,-0.20711,0.95567
602,24.5,689,450,-0.18779,0.95651
602,31,689,450,-0.15705,0.95709
602,37.5,689,450,-0.12099,0.9579
602,44,689,450,-0.074629,0.95879
602,50.5,689,450,-0.012062,0.95969
602,57,689,450,0.079302,0.96052
602,63.5,689,450,0.16813,0.96112
602,70,689,450,0.29157,0.96174
602,76.5,689,450,0.45987,0.9626
602,83,689,450,0.65249,0.96532
602,89.5,689,450,0.90528,0.968
602,96,689,450,1.2033,0.97471
602,102.5,689,450,1.6204,0.97875
602,109,689,450,2.0837,0.97809
602,115.5,689,450,2.6792,0.97592
602,122,689,450,2.4959,0.52661
602,128.5,689,450,-2.8749,0.90357
602,135,689,450,-2.4323,0.93972
602,141.5,689,450,-2.0701,0.96334
602,148,689,450,-1.7564,0.97844
602,154.5,689,450,-1.472,0.98336
602,161,689,450,-1.1716,0.98715
602,167.5,689,450,-0.97587,0.98785
602,174,689,450,-0.28066,0.81138
602,180.5,689,450,-1.3659,0.34285
602,187,689,450,-0.56747,0.35914
602,193.5,689,450,-0.83517,0.85825
602,200,689,450,-0.57976,0.84784
653,5,689,450,-0.22924,0.95737
653,11.5,689,450,-0.22924,0.95737
653,18,689,450,-0.21004,0.95766
653,24.5,689,450,-0.18908,0.95812
653,31,689,450,-0.15629,0.95833
653,37.5,689,450,-0.11763,0.95867
653,44,689,450,-0.067666,0.95908
653,50.5,689,450,-0.00059638,0.95978
653,57,689,450,0.097457,0.96107
653,63.5,689,450,0.19303,0.96236
653,70,689,450,0.32667,0.96477
653,76.5,689,450,0.50969,0.96918
653,83,689,450,0.7212,0.97609
653,89.5,689,450,0.99951,0.98312
653,96,689,450,1.3276,0.9891
653,102.5,689,450,1.7772,0.98621
653,109,689,450,2.2601,0.97393
653,115.5,689,450,2.8122,0.96267
653,122,689,450,-3.0407,0.95468
653,128.5,689,450,-2.5399,0.97259
653,135,689,450,-2.122,0.98381
653,141.5,689,450,-1.7598,0.97967
653,148,689,450,-1.4368,0.97503
653,154.5,689,450,-1.0984,0.96254
653,161,689,450,-1.2503,0.84736
653,167.5,689,450,-0.58009,0.95752
653,174,689,450,-0.91987,0.71305
653,180.5,689,450,-0.38798,0.75812
653,187,689,450,-0.86522,0.914
653,193.5,689,450,-0.3083,0.96449
653,200,689,450,-0.06328,0.94927
704,5,689,450,-0.23227,0.96062
704,11.5,689,450,-0.23227,0.96062
704,18,689,450,-0.21191,0.9607
704,24.5,689,450,-0.18951,0.96096
704,31,689,450,-0.15471,0.96134
704,37.5,689,450,-0.11354,0.9618
704,44,689,450,-0.06001,0.96253
704,50.5,689,450,0.011752,0.96407
704,57,689,450,0.11705,0.96681
704,63.5,689,450,0.22002,0.96975
704,70,689,450,0.36509,0.97441
704,76.5,689,450,0.56476,0.98121
704,83,689,450,0.79695,0.9888
704,89.5,689,450,1.1015,0.99395
704,96,689,450,1.4577,0.99172
704,102.5,689,450,1.9371,0.98128
704,109,689,450,2.4425,0.97089
704,115.5,689,450,3.0147,0.96462
704,122,689,450,-2.8078,0.97857
704,128.5,689,450,-2.3098,0.97903
704,135,689,450,-1.8906,0.97179
704,141.5,689,450,-1.5174,0.95995
704,148,689,450,-1.0708,0.91691
704,154.5,689,450,-1.0933,0.95091
704,161,689,450,-0.74424,0.96055
704,167.5,689,450,-0.27646,0.9139
704,174,689,450,-0.24175,0.9756
704,180.5,689,450,0.58547,0.70539
704,187,689,450,-0.18299,0.79133
704,193.5,689,450,0.19383,0.86214
704,200,689,450,0.45149,0.84497
755,5,689,450,-0.23426,0.96205
755,11.5,689,450,-0.23426,0.96205
755,18,689,450,-0.21271,0.96234
755,24.5,689,450,-0.18889,0.96277
755,31,689,450,-0.15189,0.96368
755,37.5,689,450,-0.10802,0.96473
755,44,689,450,-0.050596,0.96628
755,50.5,689,450,0.026404,0.96892
755,57,689,450,0.13976,0.97292
755,63.5,689,450,0.25085,0.97671
755,70,689,450,0.40832,0.98155
755,76.5,689,450,0.62461,0.98705
755,83,689,450,0.87671,0.98971
755,89.5,689,450,1.2047,0.98674
755,96,689,450,1.5851,0.98024
755,102.5,689,450,2.0929,0.97077
755,109,689,450,2.6363,0.96635
755,115.5,689,450,-2.7173,0.75213
755,122,689,450,-2.6473,0.98444
755,128.5,689,450,-2.1151,0.96939
755,135,689,450,-1.6681,0.95465
755,141.5,689,450,-0.88635,0.68658
755,148,689,450,-1.0683,0.98645
755,154.5,689,450,-0.73734,0.99139
755,161,689,450,-0.40169,0.99411
755,167.5,689,450,-0.17699,0.97033
755,174,689,450,0.23724,0.97876
755,180.5,689,450,-0.91929,0.0079951
755,187,689,450,0.29472,0.69806
755,193.5,689,450,0.6661,0.72838
755,200,689,450,1.0581,0.59475
806,5,689,450,-0.23599,0.96048
806,11.5,689,450,-0.23599,0.96048
806,18,689,450,-0.2131,0.96117
806,24.5,689,450,-0.1877,0.9621
806,31,689,450,-0.14824,0.96344
806,37.5,689,450,-0.10136,0.96504
806,44,689,450,-0.039667,0.96718
806,50.5,689,450,0.042917,0.97005
806,57,689,450,0.16471,0.97382
806,63.5,689,450,0.28389,0.97674
806,70,689,450,0.45305,0.97935
806,76.5,689,450,0.68467,0.98034
806,83,689,450,0.95289,0.97796
806,89.5,689,450,1.3015,0.97094
806,96,689,450,1.7041,0.96766
806,102.5,689,450,2.2465,0.96732
806,109,689,450,2.8365,0.96961
806,115.5,689,450,2.0536,0.017933
806,122,689,450,-2.4682,0.98676
806,128.5,689,450,-1.8749,0.96496
806,135,689,450,-0.97449,0.66396
806,141.5,689,450,-1.211,0.99792
806,148,689,450,-0.78146,0.99436
806,154.5,689,450,-0.40426,0.97856
806,161,689,450,0.0037123,0.93303
806,167.5,689,450,0.13526,0.99201
806,174,689,450,0.69044,0.89319
806,180.5,689,450,0.0727,0.43625
806,187,689,450,0.86548,0.78367
806,193.5,689,450,1.3778,0.76069
806,200,689,450,-0.46908,0.38155
857,5,689,450,-0.23878,0.95729
857,11.5,689,450,-0.23878,0.95729
857,18,689,450,-0.21444,0.95815
857,24.5,689,450,-0.18715,0.95948
857,31,689,450,-0.14512,0.96084
857,37.5,689,450,-0.095081,0.96249
857,44,689,450,-0.028994,0.96448
857,50.5,689,450,0.059163,0.96671
857,57,689,450,0.18855,0.96898
857,63.5,689,450,0.3153,0.96988
857,70,689,450,0.49471,0.97019
857,76.5,689,450,0.73948,0.96795
857,83,689,450,1.0226,0.96655
857,89.5,689,450,1.3912,0.96528
857,96,689,450,1.8206,0.9702
857,102.5,689,450,2.4031,0.97704
857,109,689,450,3.0411,0.96807
857,115.5,689,450,2.5198,0.31477
857,122,689,450,-2.2258,0.95734
857,128.5,689,450,-1.3965,0.82685
857,135,689,450,-1.6215,0.90665
857,141.5,689,450,-0.93156,0.98834
857,148,689,450,-0.45728,0.96424
857,154.5,689,450,-0.018531,0.92229
857,161,689,450,0.48441,0.83446
857,167.5,689,450,0.61837,0.87341
857,174,689,450,1.2623,0.71203
857,180.5,689,450,1.3205,0.91646
857,187,689,450,2.3668,0.36338
857,193.5,689,450,1.3728,0.24227
857,200,689,450,1.2629,0.82534
908,5,689,450,-0.24295,0.95506
908,11.5,689,450,-0.24295,0.95506
908,18,689,450,-0.21701,0.95583
908,24.5,689,450,-0.18776,0.95708
908,31,689,450,-0.14331,0.95807
908,37.5,689,450,-0.090213,0.95926
908,44,689,450,-0.019994,0.96052
908,50.5,689,450,0.073168,0.96165
908,57,689,450,0.2095,0.96253
908,63.5,689,450,0.34283,0.96273
908,70,689,450,0.53169,0.96253
908,76.5,689,450,0.78911,0.96292
908,83,689,450,1.0891,0.96666
908,89.5,689,450,1.4819,0.97443
908,96,689,450,1.9434,0.98408
908,102.5,689,450,2.5671,0.98647
908,109,689,450,-3.041,0.96101
908,115.5,689,450,3.0036,0.42592
908,122,689,450,-1.8676,0.86701
908,128.5,689,450,-0.11043,0.0095733
908,135,689,450,-1.2565,0.93751
908,141.5,689,450,-0.58641,0.95017
908,148,689,450,-0.036341,0.90731
908,154.5,689,450,0.49808,0.84565
908,161,689,450,1.1458,0.76863
908,167.5,689,450,1.3981,0.38949
908,174,689,450,2.173,0.24618
908,180.5,689,450,0.23468,1.3189e-05
908,187,689,450,1.219,0.48624
908,193.5,689,450,-2.9293,0.0010682
908,200,689,450,2.0138,0.7103
959,5,689,450,-0.25454,0.95571
959,11.5,689,450,-0.25454,0.95571
959,18,689,450,-0.22714,0.95639
959,24.5,689,450,-0.1962,0.95688
959,31,689,450,-0.1495,0.95743
959,37.5,689,450,-0.093638,0.95805
959,44,689,450,-0.019666,0.95867
959,50.5,689,450,0.078072,0.95933
959,57,689,450,0.22111,0.96025
959,63.5,689,450,0.36079,0.96129
959,70,689,450,0.55959,0.9636
959,76.5,689,450,0.83218,0.96939
959,83,689,450,1.1523,0.97896
959,89.5,689,450,1.5732,0.98911
959,96,689,450,2.0671,0.99321
959,102.5,689,450,2.7243,0.98049
959,109,689,450,-2.8499,0.96851
959,115.5,689,450,-2.8148,0.46016
959,122,689,450,-1.3901,0.67388
959,128.5,689,450,-2.2145,0.33086
959,135,689,450,-0.85432,0.87353
959,141.5,689,450,-0.12011,0.84845
959,148,689,450,0.55112,0.75465
959,154.5,689,450,1.2059,0.61618
959,161,689,450,1.9874,0.48909
959,167.5,689,450,2.2815,0.025285
959,174,689,450,0.35828,0.0048586
959,180.5,689,450,1.3233,0.52122
959,187,689,450,2.2462,0.72143
959,193.5,689,450,1.9165,0.61653
959,200,689,450,2.7793,0.84556
1010,5,689,450,-0.25825,0.95887
1010,11.5,689,450,-0.25825,0.95887
1010,18,689,450,-0.22961,0.9588
1010,24.5,689,450,-0.19731,0.95905
1010,31,689,450,-0.1485,0.95944
1010,37.5,689,450,-0.090067,0.95988
1010,44,689,450,-0.012507,0.96049
1010,50.5,689,450,0.089831,0.96175
1010,57,689,450,0.23994,0.96428
1010,63.5,689,450,0.387,0.96728
1010,70,689,450,0.59745,0.97271
1010,76.5,689,450,0.88747,0.9815
1010,83,689,450,1.2293,0.99045
1010,89.5,689,450,1.6776,0.99311
1010,96,689,450,2.1965,0.98486
1010,102.5,689,450,2.8833,0.97055
1010,109,689,450,-2.6544,0.97193
1010,115.5,689,450,-2.3046,0.52717
1010,122,689,450,-0.87975,0.50297
1010,128.5,689,450,-1.5666,0.46234
1010,135,689,450,-0.34239,0.7232
1010,141.5,689,450,0.47892,0.64297
1010,148,689,450,1.2267,0.49224
1010,154.5,689,450,1.9144,0.36025
1010,161,689,450,2.7649,0.23696
1010,167.5,689,450,0.26511,0.054517
1010,174,689,450,-2.808,0.00027762
1010,180.5,689,450,2.2881,0.65103
1010,187,689,450,2.9442,0.6782
1010,193.5,689,450,-3.0577,0.86695
1010,200,689,450,-2.5385,0.8646
1061,5,689,450,-0.26063,0.96153
1061,11.5,689,450,-0.26063,0.96153
1061,18,689,450,-0.23096,0.96167
1061,24.5,689,450,-0.1972,0.96192
1061,31,689,450,-0.14629,0.96249
1061,37.5,689,450,-0.085247,0.96328
1061,44,689,450,-0.0039217,0.96449
1061,50.5,689,450,0.1035,0.96686
1061,57,689,450,0.26158,0.97097
1061,63.5,689,450,0.4169,0.97513
1061,70,689,450,0.64002,0.98111
1061,76.5,689,450,0.9479,0.98721
1061,83,689,450,1.3091,0.98807
1061,89.5,689,450,1.7789,0.98045
1061,96,689,450,2.3185,0.97024
1061,102.5,689,450,3.0374,0.96886
1061,109,689,450,-2.4583,0.97152
1061,115.5,689,450,-1.8066,0.72626
1061,122,689,450,-0.40539,0.49591
1061,128.5,689,450,-0.94199,0.4321
1061,135,689,450,0.22095,0.57759
1061,141.5,689,450,1.0671,0.49288
1061,148,689,450,1.8304,0.39626
1061,154.5,689,450,2.6019,0.28826
1061,161,689,450,-2.497,0.024014
1061,167.5,689,450,1.9614,0.52176
1061,174,689,450,1.6789,0.00058239
1061,180.5,689,450,3.0556,0.58245
1061,187,689,450,-2.8888,0.5799
1061,193.5,689,450,-2.3335,0.68546
1061,200,689,450,-1.7794,0.73204
1112,5,689,450,-0.26235,0.96131
1112,11.5,689,450,-0.26235,0.96131
1112,18,689,450,-0.23148,0.96256
1112,24.5,689,450,-0.19617,0.96313
1112,31,689,450,-0.14302,0.96409
1112,37.5,689,450,-0.079121,0.9654
1112,44,689,450,0.0063283,0.96729
1112,50.5,689,450,0.11932,0.97023
1112,57,689,450,0.2859,0.97443
1112,63.5,689,450,0.44966,0.97763
1112,70,689,450,0.68465,0.98077
1112,76.5,689,450,1.0077,0.98031
1112,83,689,450,1.3842,0.97491
1112,89.5,689,450,1.8715,0.96691
1112,96,689,450,2.4347,0.96814
1112,102.5,689,450,-3.0907,0.97722
1112,109,689,450,-2.2686,0.96958
1112,115.5,689,450,-1.3805,0.90356
1112,122,689,450,0.063388,0.58897
1112,128.5,689,450,-0.33764,0.45843
1112,135,689,450,0.75781,0.57285
1112,141.5,689,450,1.6042,0.54283
1112,148,689,450,2.461,0.4731
1112,154.5,689,450,-2.7064,0.134
1112,161,689,450,2.1435,0.36031
1112,167.5,689,450,3.1295,0.80593
1112,174,689,450,2.5071,0.013171
1112,180.5,689,450,-2.5396,0.5388
1112,187,689,450,-2.3408,0.76186
1112,193.5,689,450,-1.8133,0.7484
1112,200,689,450,-0.87745,0.67068
1163,5,689,450,-0.26563,0.96218
1163,11.5,689,450,-0.26563,0.96218
1163,18,689,450,-0.23316,0.96287
1163,24.5,689,450,-0.19615,0.96373
1163,31,689,450,-0.14054,0.96501
1163,37.5,689,450,-0.07355,0.96656
1163,44,689,450,0.016251,0.96851
1163,50.5,689,450,0.13488,0.97087
1163,57,689,450,0.30952,0.97335
1163,63.5,689,450,0.4807,0.97414
1163,70,689,450,0.726,0.97373
1163,76.5,689,450,1.0612,0.9703
1163,83,689,450,1.4513,0.96753
1163,89.5,689,450,1.9599,0.96899
1163,96,689,450,2.5546,0.98125
1163,102.5,689,450,-2.9298,0.98371
1163,109,689,450,-2.0814,0.96825
1163,115.5,689,450,-1.0841,0.96855
1163,122,689,450,0.52018,0.61528
1163,128.5,689,450,0.23587,0.61902
1163,135,689,450,1.2512,0.71738
1163,141.5,689,450,2.1502,0.7208
1163,148,689,450,-2.9945,0.41454
1163,154.5,689,450,1.9915,0.21857
1163,161,689,450,3.1175,0.71438
1163,167.5,689,450,-2.5685,0.85022
1163,174,689,450,-2.9448,0.26795
1163,180.5,689,450,-1.8191,0.57301
1163,187,689,450,-1.7734,0.93322
1163,193.5,689,450,-1.1611,0.88158
1163,200,689,450,-1.8343,0.56028
1214,5,689,450,-0.26886,0.95906
1214,11.5,689,450,-0.26886,0.95906
1214,18,689,450,-0.23492,0.95994
1214,24.5,689,450,-0.19609,0.96086
1214,31,689,450,-0.13797,0.96214
1214,37.5,689,450,-0.067925,0.96348
1214,44,689,450,0.026086,0.96495
1214,50.5,689,450,0.14989,0.96626
1214,57,689,450,0.33155,0.96698
1214,63.5,689,450,0.5092,0.9667
1214,70,689,450,0.7636,0.96572
1214,76.5,689,450,1.1109,0.96541
1214,83,689,450,1.518,0.97096
1214,89.5,689,450,2.0536,0.98196
1214,96,689,450,2.6826,0.99155
1214,102.5,689,450,-2.7669,0.98109
1214,109,689,450,-1.8872,0.97067
1214,115.5,689,450,-0.87482,0.9843
1214,122,689,450,1.1969,0.26691
1214,128.5,689,450,0.73135,0.83039
1214,135,689,450,1.6977,0.89868
1214,141.5,689,450,2.7214,0.80756
1214,148,689,450,1.7385,0.10292
1214,154.5,689,450,2.9646,0.70748
1214,161,689,450,-2.6498,0.82467
1214,167.5,689,450,-2.1977,0.91796
1214,174,689,450,-1.9954,0.8933
1214,180.5,689,450,-0.18195,0.058943
1214,187,689,450,-1.1191,0.97771
1214,193.5,689,450,-1.7842,0.11278
1214,200,689,450,-0.83209,0.76227
1265,5,689,450,-0.27326,0.95751
1265,11.5,689,450,-0.27326,0.95751
1265,18,689,450,-0.23783,0.95826
1265,24.5,689,450,-0.19722,0.95902
1265,31,689,450,-0.13667,0.95992
1265,37.5,689,450,-0.063716,0.96085
1265,44,689,450,0.034189,0.96166
1265,50.5,689,450,0.16264,0.96226
1265,57,689,450,0.35079,0.96278
1265,63.5,689,450,0.53471,0.96313
1265,70,689,450,0.79865,0.96528
1265,76.5,689,450,1.1612,0.97151
1265,83,689,450,1.5897,0.98295
1265,89.5,689,450,2.1551,0.99291
1265,96,689,450,2.8134,0.98922
1265,102.5,689,450,-2.6082,0.97374
1265,109,689,450,-1.6911,0.97427
1265,115.5,689,450,-0.71135,0.98085
1265,122,689,450,-0.16328,0.72445
1265,128.5,689,450,1.1154,0.95794
1265,135,689,450,2.0556,0.98013
1265,141.5,689,450,-2.4282,0.17108
1265,148,689,450,2.827,0.77701
1265,154.5,689,450,-2.8169,0.89721
1265,161,689,450,-2.2438,0.95082
1265,167.5,689,450,-1.843,0.97457
1265,174,689,450,-1.3987,0.97938
1265,180.5,689,450,-1.2777,0.78453
1265,187,689,450,-1.9748,0.00028133
1265,193.5,689,450,-2.0175,0.48483
1265,200,689,450,-0.37994,0.8664
1316,5,689,450,-0.28558,0.95878
1316,11.5,689,450,-0.28558,0.95878
1316,18,689,450,-0.24871,0.95927
1316,24.5,689,450,-0.20649,0.95971
1316,31,689,450,-0.14372,0.96016
1316,37.5,689,450,-0.068048,0.96082
1316,44,689,450,0.033516,0.96142
1316,50.5,689,450,0.16651,0.96236
1316,57,689,450,0.36153,0.96444
1316,63.5,689,450,0.55263,0.96714
1316,70,689,450,0.82814,0.97312
1316,76.5,689,450,1.2088,0.98328
1316,83,689,450,1.6603,0.99154
1316,89.5,689,450,2.2515,0.98954
1316,96,689,450,2.9299,0.97475
1316,102.5,689,450,-2.4613,0.96911
1316,109,689,450,-1.5011,0.97096
1316,115.5,689,450,-0.56259,0.97615
1316,122,689,450,0.39554,0.96361
1316,128.5,689,450,1.3799,0.98634
1316,135,689,450,2.3354,0.99187
1316,141.5,689,450,2.5589,0.839
1316,148,689,450,-2.9951,0.95012
1316,154.5,689,450,-2.439,0.97748
1316,161,689,450,-1.8563,0.97697
1316,167.5,689,450,-1.4383,0.90707
1316,174,689,450,-1.0369,0.92163
1316,180.5,689,450,0.063823,0.65513
1316,187,689,450,-0.4819,0.77009
1316,193.5,689,450,-0.50206,0.95644
1316,200,689,450,0.11398,0.96378
1367,5,689,450,-0.28891,0.96192
1367,11.5,689,450,-0.28891,0.96192
1367,18,689,450,-0.25078,0.96221
1367,24.5,689,450,-0.20702,0.96245
1367,31,689,450,-0.14225,0.96277
1367,37.5,689,450,-0.063923,0.96347
1367,44,689,450,0.041354,0.96443
1367,50.5,689,450,0.17918,0.96642
1367,57,689,450,0.38198,0.97054
1367,63.5,689,450,0.58149,0.97486
1367,70,689,450,0.87021,0.98182
1367,76.5,689,450,1.2692,0.98849
1367,83,689,450,1.7395,0.98721
1367,89.5,689,450,2.3492,0.97542
1367,96,689,450,3.0484,0.96915
1367,102.5,689,450,-2.304,0.97644
1367,109,689,450,-1.3071,0.96759
1367,115.5,689,450,-0.36078,0.9726
1367,122,689,450,0.60824,0.97919
1367,128.5,689,450,1.5808,0.97504
1367,135,689,450,1.8561,0.61885
1367,141.5,689,450,2.9934,0.96982
1367,148,689,450,-2.6608,0.97648
1367,154.5,689,450,-2.1044,0.95034
1367,161,689,450,-1.4732,0.88603
1367,167.5,689,450,-0.86136,0.65026
1367,174,689,450,-0.95514,0.99054
1367,180.5,689,450,-0.47522,0.95433
1367,187,689,450,0.20303,0.9466
1367,193.5,689,450,0.11432,0.79615
1367,200,689,450,0.68601,0.79883
1418,5,689,450,-0.29094,0.96431
1418,11.5,689,450,-0.29094,0.96431
1418,18,689,450,-0.2516,0.96444
1418,24.5,689,450,-0.20635,0.96487
1418,31,689,450,-0.13948,0.9656
1418,37.5,689,450,-0.058396,0.96657
1418,44,689,450,0.050887,0.96818
1418,50.5,689,450,0.19424,0.97102
1418,57,689,450,0.40558,0.97574
1418,63.5,689,450,0.61375,0.97939
1418,70,689,450,0.91496,0.98292
1418,76.5,689,450,1.3291,0.98175
1418,83,689,450,1.8131,0.97379
1418,89.5,689,450,2.4397,0.96721
1418,96,689,450,-3.1168,0.9767
1418,102.5,689,450,-2.1437,0.98269
1418,109,689,450,-1.1104,0.96953
1418,115.5,689,450,-0.077029,0.9423
1418,122,689,450,0.76852,0.98721
1418,128.5,689,450,1.7724,0.96719
1418,135,689,450,2.552,0.97914
1418,141.5,689,450,-3.0139,0.97503
1418,148,689,450,-2.3713,0.94407
1418,154.5,689,450,-1.7708,0.89895
1418,161,689,450,-0.7284,0.55434
1418,167.5,689,450,-0.89414,0.78672
1418,174,689,450,-0.56783,0.99022
1418,180.5,689,450,0.067979,0.98154
1418,187,689,450,1.0067,0.86832
1418,193.5,689,450,0.62677,0.65942
1418,200,689,450,1.3956,0.44173
1469,5,689,450,-0.29259,0.96374
1469,11.5,689,450,-0.29259,0.96374
1469,18,689,450,-0.25193,0.96407
1469,24.5,689,450,-0.20514,0.96474
1469,31,689,450,-0.13588,0.96628
1469,37.5,689,450,-0.051902,0.96756
1469,44,689,450,0.061651,0.96948
1469,50.5,689,450,0.21069,0.97217
1469,57,689,450,0.43037,0.97535
1469,63.5,689,450,0.64625,0.97654
1469,70,689,450,0.95771,0.97543
1469,76.5,689,450,1.3835,0.97026
1469,83,689,450,1.8805,0.96702
1469,89.5,689,450,2.5296,0.97449
1469,96,689,450,-2.9909,0.9903
1469,102.5,689,450,-1.9813,0.98251
1469,109,689,450,-0.91583,0.97576
1469,115.5,689,450,0.28851,0.83238
1469,122,689,450,0.9522,0.98594
1469,128.5,689,450,2.2018,0.89448
1469,135,689,450,2.7629,0.98461
1469,141.5,689,450,-2.753,0.95452
1469,148,689,450,-2.0389,0.91898
1469,154.5,689,450,-1.1044,0.72482
1469,161,689,450,-1.4249,0.77884
1469,167.5,689,450,-0.049261,0.58562
1469,174,689,450,-0.10103,0.92007
1469,180.5,689,450,0.50857,0.93236
1469,187,689,450,2.0958,0.21907
1469,193.5,689,450,1.2859,0.7627
1469,200,689,450,0.22813,0.4235
