500,25,632,260,-0.14433,0.95885
500,30,632,260,-0.076064,0.96142
500,35,632,260,-0.0030115,0.96384
500,40,632,260,0.10399,0.96577
500,45,632,260,0.19906,0.966
500,50,632,260,0.33414,0.96606
500,55,632,260,0.48276,0.96507
500,60,632,260,0.6849,0.96136
500,65,632,260,0.87493,0.95792
500,70,632,260,1.1122,0.95643
500,75,632,260,1.35,0.95415
500,80,632,260,1.6395,0.95037
500,85,632,260,1.9875,0.94911
500,90,632,260,2.3322,0.94853
500,95,632,260,2.6462,0.95008
500,100,632,260,3.0033,0.95398
500,105,632,260,-2.9154,0.95973
500,110,632,260,-2.5347,0.96999
500,115,632,260,-2.1738,0.96144
500,120,632,260,-1.7713,0.9273
500,125,632,260,-1.392,0.86939
500,130,632,260,-0.94106,0.79731
500,135,632,260,-0.51983,0.75076
500,140,632,260,-0.36455,0.74614
500,145,632,260,-0.178,0.75735
500,150,632,260,-0.062642,0.76929
510,25,632,260,-0.1547,0.95711
510,30,632,260,-0.085335,0.95937
510,35,632,260,-0.010732,0.96139
510,40,632,260,0.098045,0.96281
510,45,632,260,0.19452,0.96273
510,50,632,260,0.33182,0.96242
510,55,632,260,0.48317,0.96131
510,60,632,260,0.6884,0.95789
510,65,632,260,0.88146,0.95536
510,70,632,260,1.1237,0.95549
510,75,632,260,1.3664,0.9544
510,80,632,260,1.6616,0.9525
510,85,632,260,2.0173,0.95381
510,90,632,260,2.3699,0.95531
510,95,632,260,2.6911,0.95514
510,100,632,260,3.0581,0.96071
510,105,632,260,-2.8505,0.9674
510,110,632,260,-2.4609,0.96604
510,115,632,260,-2.0929,0.94903
510,120,632,260,-1.6898,0.89714
510,125,632,260,-1.3124,0.83775
510,130,632,260,-0.86632,0.77914
510,135,632,260,-0.4429,0.75709
510,140,632,260,-0.2831,0.76468
510,145,632,260,-0.086951,0.79208
510,150,632,260,0.036536,0.81376
520,25,632,260,-0.14863,0.95725
520,30,632,260,-0.077944,0.95922
520,35,632,260,-0.0019149,0.96091
520,40,632,260,0.10882,0.96195
520,45,632,260,0.20701,0.96162
520,50,632,260,0.34666,0.96109
520,55,632,260,0.50067,0.96013
520,60,632,260,0.70954,0.95716
520,65,632,260,0.9063,0.95563
520,70,632,260,1.1537,0.95747
520,75,632,260,1.4015,0.9577
520,80,632,260,1.7033,0.95709
520,85,632,260,2.0674,0.96026
520,90,632,260,2.4294,0.96253
520,95,632,260,2.7582,0.96474
520,100,632,260,3.1358,0.96981
520,105,632,260,-2.7627,0.9702
520,110,632,260,-2.3628,0.95909
520,115,632,260,-1.9908,0.92806
520,120,632,260,-1.5878,0.87004
520,125,632,260,-1.2147,0.8131
520,130,632,260,-0.7684,0.7762
520,135,632,260,-0.33465,0.784
520,140,632,260,-0.16497,0.80504
520,145,632,260,0.047079,0.84702
520,150,632,260,0.18217,0.87347
530,25,632,260,-0.15784,0.95578
530,30,632,260,-0.086111,0.95742
530,35,632,260,-0.0086223,0.95874
530,40,632,260,0.10379,0.95943
530,45,632,260,0.20333,0.95895
530,50,632,260,0.34512,0.95832
530,55,632,260,0.50186,0.95764
530,60,632,260,0.71396,0.95546
530,65,632,260,0.91395,0.95515
530,70,632,260,1.1669,0.95877
530,75,632,260,1.4199,0.9602
530,80,632,260,1.7278,0.96118
530,85,632,260,2.1002,0.96383
530,90,632,260,2.4704,0.96743
530,95,632,260,2.8075,0.96958
530,100,632,260,-3.0892,0.97358
530,105,632,260,-2.6949,0.96698
530,110,632,260,-2.2907,0.94299
530,115,632,260,-1.915,0.90653
530,120,632,260,-1.5154,0.84364
530,125,632,260,-1.1446,0.79766
530,130,632,260,-0.69452,0.78153
530,135,632,260,-0.24503,0.81775
530,140,632,260,-0.064306,0.84695
530,145,632,260,0.16517,0.89555
530,150,632,260,0.3113,0.92076
540,25,632,260,-0.15267,0.95612
540,30,632,260,-0.079683,0.95747
540,35,632,260,-0.00083602,0.9585
540,40,632,260,0.11346,0.95895
540,45,632,260,0.21466,0.95841
540,50,632,260,0.35879,0.95783
540,55,632,260,0.51825,0.95766
540,60,632,260,0.73413,0.95638
540,65,632,260,0.9381,0.95734
540,70,632,260,1.1966,0.96261
540,75,632,260,1.4551,0.96519
540,80,632,260,1.77,0.96744
540,85,632,260,2.1512,0.9718
540,90,632,260,2.5311,0.97543
540,95,632,260,2.8759,0.97434
540,100,632,260,-3.0108,0.97469
540,105,632,260,-2.6083,0.96069
540,110,632,260,-2.1987,0.92722
540,115,632,260,-1.8234,0.88572
540,120,632,260,-1.4262,0.82778
540,125,632,260,-1.0546,0.7951
540,130,632,260,-0.59351,0.8048
540,135,632,260,-0.11744,0.86601
540,140,632,260,0.077537,0.89951
540,145,632,260,0.3273,0.9406
540,150,632,260,0.48333,0.95456
550,25,632,260,-0.14031,0.95676
550,30,632,260,-0.066104,0.95783
550,35,632,260,0.014071,0.95862
550,40,632,260,0.13022,0.95891
550,45,632,260,0.23309,0.95838
550,50,632,260,0.37956,0.95795
550,55,632,260,0.54181,0.95841
550,60,632,260,0.76159,0.95816
550,65,632,260,0.96971,0.96047
550,70,632,260,1.234,0.96722
550,75,632,260,1.4982,0.97074
550,80,632,260,1.8201,0.97392
550,85,632,260,2.2104,0.97799
550,90,632,260,2.5997,0.97994
550,95,632,260,2.9523,0.97751
550,100,632,260,-2.9254,0.96951
550,105,632,260,-2.5166,0.95144
550,110,632,260,-2.1039,0.90685
550,115,632,260,-1.7283,0.86585
550,120,632,260,-1.3324,0.81957
550,125,632,260,-0.9576,0.80425
550,130,632,260,-0.47848,0.83942
550,135,632,260,0.02975,0.91405
550,140,632,260,0.23923,0.94093
550,145,632,260,0.50533,0.95899
550,150,632,260,0.66762,0.95306
560,25,632,260,-0.15037,0.95555
560,30,632,260,-0.075214,0.95637
560,35,632,260,0.0063172,0.95693
560,40,632,260,0.12407,0.95719
560,45,632,260,0.22829,0.95683
560,50,632,260,0.37693,0.95674
560,55,632,260,0.54209,0.95798
560,60,632,260,0.76549,0.95904
560,65,632,260,0.97746,0.96272
560,70,632,260,1.2478,0.97057
560,75,632,260,1.5177,0.97462
560,80,632,260,1.8462,0.97815
560,85,632,260,2.2444,0.98101
560,90,632,260,2.6419,0.97925
560,95,632,260,3.0018,0.97417
560,100,632,260,-2.8681,0.96174
560,105,632,260,-2.4552,0.93571
560,110,632,260,-2.0421,0.89046
560,115,632,260,-1.6655,0.8518
560,120,632,260,-1.2695,0.81823
560,125,632,260,-0.88681,0.8203
560,130,632,260,-0.38781,0.87373
560,135,632,260,0.15049,0.94466
560,140,632,260,0.37094,0.95687
560,145,632,260,0.64398,0.94493
560,150,632,260,0.80701,0.92092
570,25,632,260,-0.14545,0.95637
570,30,632,260,-0.069128,0.95698
570,35,632,260,0.013694,0.95742
570,40,632,260,0.1333,0.95773
570,45,632,260,0.2392,0.95759
570,50,632,260,0.39025,0.95791
570,55,632,260,0.55837,0.96001
570,60,632,260,0.78583,0.9622
570,65,632,260,1.0024,0.96712
570,70,632,260,1.2789,0.97578
570,75,632,260,1.5546,0.98014
570,80,632,260,1.8905,0.98361
570,85,632,260,2.2974,0.98488
570,90,632,260,2.7041,0.9807
570,95,632,260,3.0705,0.97129
570,100,632,260,-2.7938,0.95207
570,105,632,260,-2.3745,0.92105
570,110,632,260,-1.9624,0.87614
570,115,632,260,-1.5826,0.84757
570,120,632,260,-1.183,0.82826
570,125,632,260,-0.78793,0.85016
570,130,632,260,-0.26084,0.91516
570,135,632,260,0.30759,0.96017
570,140,632,260,0.53428,0.94827
570,145,632,260,0.80705,0.90509
570,150,632,260,0.96567,0.86819
580,25,632,260,-0.15426,0.9556
580,30,632,260,-0.077033,0.95604
580,35,632,260,0.0071041,0.9564
580,40,632,260,0.12832,0.95688
580,45,632,260,0.23564,0.95707
580,50,632,260,0.38897,0.95795
580,55,632,260,0.56023,0.96096
580,60,632,260,0.79164,0.9645
580,65,632,260,1.0124,0.97041
580,70,632,260,1.2952,0.97925
580,75,632,260,1.5766,0.98336
580,80,632,260,1.9192,0.9858
580,85,632,260,2.334,0.98393
580,90,632,260,2.7478,0.97618
580,95,632,260,3.12,0.96409
580,100,632,260,-2.739,0.94041
580,105,632,260,-2.3172,0.90601
580,110,632,260,-1.9032,0.86483
580,115,632,260,-1.5207,0.8463
580,120,632,260,-1.1139,0.84361
580,125,632,260,-0.70535,0.87835
580,130,632,260,-0.152,0.94342
580,135,632,260,0.43648,0.94828
580,140,632,260,0.66378,0.91573
580,145,632,260,0.92867,0.85342
580,150,632,260,1.0812,0.81255
590,25,632,260,-0.14896,0.95667
590,30,632,260,-0.070601,0.95701
590,35,632,260,0.014814,0.95738
590,40,632,260,0.13791,0.95811
590,45,632,260,0.24698,0.95868
590,50,632,260,0.40282,0.96013
590,55,632,260,0.57725,0.96405
590,60,632,260,0.81316,0.96865
590,65,632,260,1.0387,0.97529
590,70,632,260,1.3277,0.98399
590,75,632,260,1.615,0.98752
590,80,632,260,1.9647,0.98882
590,85,632,260,2.3874,0.98408
590,90,632,260,2.8085,0.97111
590,95,632,260,-3.0964,0.95737
590,100,632,260,-2.6673,0.92747
590,105,632,260,-2.2418,0.89605
590,110,632,260,-1.826,0.86329
590,115,632,260,-1.4382,0.85371
590,120,632,260,-1.0195,0.87207
590,125,632,260,-0.59039,0.91661
590,130,632,260,-0.0096945,0.96182
590,135,632,260,0.58772,0.91473
590,140,632,260,0.80996,0.86786
590,145,632,260,1.0633,0.80069
590,150,632,260,1.2092,0.76398
600,25,632,260,-0.14414,0.95793
600,30,632,260,-0.06465,0.9582
600,35,632,260,0.022052,0.95864
600,40,632,260,0.14706,0.95969
600,45,632,260,0.25795,0.96066
600,50,632,260,0.41639,0.96271
600,55,632,260,0.59411,0.96749
600,60,632,260,0.83458,0.97307
600,65,632,260,1.0649,0.98012
600,70,632,260,1.3602,0.98812
600,75,632,260,1.6533,0.99067
600,80,632,260,2.01,0.99022
600,85,632,260,2.4402,0.98251
600,90,632,260,2.8683,0.96542
600,95,632,260,-3.0317,0.94852
600,100,632,260,-2.5986,0.91919
600,105,632,260,-2.1703,0.88978
600,110,632,260,-1.7499,0.86624
600,115,632,260,-1.3535,0.86979
600,120,632,260,-0.91835,0.90325
600,125,632,260,-0.46832,0.94798
600,130,632,260,0.13283,0.95845
600,135,632,260,0.72747,0.87005
600,140,632,260,0.94213,0.81883
600,145,632,260,1.1841,0.75906
600,150,632,260,1.3247,0.73145
