500,25,616,260,-0.15183,0.9577
500,30,616,260,-0.08125,0.95993
500,35,616,260,-0.0054964,0.96194
500,40,616,260,0.106,0.96333
500,45,616,260,0.20503,0.96316
500,50,616,260,0.34613,0.96281
500,55,616,260,0.50154,0.9618
500,60,616,260,0.71422,0.95842
500,65,616,260,0.91495,0.95617
500,70,616,260,1.1673,0.95724
500,75,616,260,1.4202,0.95661
500,80,616,260,1.727,0.95463
500,85,616,260,2.0958,0.95542
500,90,616,260,2.4619,0.95774
500,95,616,260,2.7926,0.9591
500,100,616,260,-3.1188,0.96729
500,105,616,260,-2.7403,0.9709
500,110,616,260,-2.3484,0.96336
500,115,616,260,-1.9849,0.93866
500,120,616,260,-1.5905,0.88158
500,125,616,260,-1.2277,0.82346
500,130,616,260,-0.79436,0.77698
500,135,616,260,-0.37599,0.7696
500,140,616,260,-0.21639,0.78236
500,145,616,260,-0.017223,0.81741
500,150,616,260,0.10698,0.83952
510,25,616,260,-0.16277,0.95607
510,30,616,260,-0.09109,0.95796
510,35,616,260,-0.013788,0.95955
510,40,616,260,0.099487,0.9605
510,45,616,260,0.19995,0.96012
510,50,616,260,0.34332,0.95956
510,55,616,260,0.50161,0.95872
510,60,616,260,0.71767,0.95605
510,65,616,260,0.92184,0.95508
510,70,616,260,1.18,0.95796
510,75,616,260,1.4382,0.95862
510,80,616,260,1.7516,0.95833
510,85,616,260,2.129,0.96013
510,90,616,260,2.5032,0.96374
510,95,616,260,2.8421,0.96588
510,100,616,260,-3.0586,0.97115
510,105,616,260,-2.6713,0.96785
510,110,616,260,-2.2733,0.94892
510,115,616,260,-1.9064,0.91522
510,120,616,260,-1.5143,0.85316
510,125,616,260,-1.1549,0.80167
510,130,616,260,-0.72087,0.77495
510,135,616,260,-0.29039,0.79687
510,140,616,260,-0.1212,0.82012
510,145,616,260,0.093214,0.86541
510,150,616,260,0.22844,0.89271
520,25,616,260,-0.15669,0.95647
520,30,616,260,-0.083683,0.95806
520,35,616,260,-0.0049452,0.95934
520,40,616,260,0.11033,0.95999
520,45,616,260,0.21255,0.95947
520,50,616,260,0.35839,0.95887
520,55,616,260,0.51952,0.95845
520,60,616,260,0.73956,0.95658
520,65,616,260,0.9479,0.95691
520,70,616,260,1.2119,0.96159
520,75,616,260,1.4759,0.96354
520,80,616,260,1.7963,0.96437
520,85,616,260,2.1831,0.96745
520,90,616,260,2.5681,0.97147
520,95,616,260,2.9149,0.97291
520,100,616,260,-2.9753,0.97399
520,105,616,260,-2.5798,0.96431
520,110,616,260,-2.1753,0.93144
520,115,616,260,-1.8063,0.89093
520,120,616,260,-1.419,0.82973
520,125,616,260,-1.06,0.79197
520,130,616,260,-0.61752,0.79389
520,135,616,260,-0.16475,0.84306
520,140,616,260,0.018476,0.87419
520,145,616,260,0.25289,0.92059
520,150,616,260,0.40036,0.94077
530,25,616,260,-0.16631,0.95513
530,30,616,260,-0.09228,0.9564
530,35,616,260,-0.012077,0.95734
530,40,616,260,0.1049,0.95776
530,45,616,260,0.20853,0.95725
530,50,616,260,0.35662,0.95677
530,55,616,260,0.52071,0.95692
530,60,616,260,0.74435,0.9562
530,65,616,260,0.95644,0.95813
530,70,616,260,1.2267,0.96424
530,75,616,260,1.4965,0.96712
530,80,616,260,1.8238,0.96922
530,85,616,260,2.2192,0.97153
530,90,616,260,2.6132,0.97346
530,95,616,260,2.9681,0.97317
530,100,616,260,-2.9146,0.96951
530,105,616,260,-2.511,0.95144
530,110,616,260,-2.104,0.90973
530,115,616,260,-1.7353,0.86912
530,120,616,260,-1.3504,0.81651
530,125,616,260,-0.9901,0.7917
530,130,616,260,-0.53601,0.8176
530,135,616,260,-0.057077,0.88511
530,140,616,260,0.13968,0.918
530,145,616,260,0.39127,0.95065
530,150,616,260,0.54704,0.95716
540,25,616,260,-0.16111,0.95579
540,30,616,260,-0.085825,0.95678
540,35,616,260,-0.0042494,0.9575
540,40,616,260,0.11467,0.9578
540,45,616,260,0.22006,0.95736
540,50,616,260,0.37063,0.95712
540,55,616,260,0.5377,0.95802
540,60,616,260,0.76556,0.95846
540,65,616,260,0.98217,0.96177
540,70,616,260,1.2587,0.96923
540,75,616,260,1.5347,0.97297
540,80,616,260,1.8696,0.97548
540,85,616,260,2.2745,0.97743
540,90,616,260,2.6774,0.97871
540,95,616,260,3.0409,0.97383
540,100,616,260,-2.833,0.96301
540,105,616,260,-2.4234,0.93793
540,110,616,260,-2.0149,0.89256
540,115,616,260,-1.6474,0.85253
540,120,616,260,-1.2612,0.81179
540,125,616,260,-0.89375,0.80932
540,130,616,260,-0.41879,0.85745
540,135,616,260,0.093265,0.9305
540,140,616,260,0.30311,0.952
540,145,616,260,0.5685,0.95523
540,150,616,260,0.72685,0.94221
550,25,616,260,-0.14809,0.95673
550,30,616,260,-0.071579,0.95748
550,35,616,260,0.011347,0.95803
550,40,616,260,0.1322,0.95832
550,45,616,260,0.23935,0.95804
550,50,616,260,0.39242,0.95814
550,55,616,260,0.56256,0.95985
550,60,616,260,0.7948,0.96151
550,65,616,260,1.0161,0.96615
550,70,616,260,1.2991,0.97463
550,75,616,260,1.5814,0.97882
550,80,616,260,1.9239,0.98156
550,85,616,260,2.3381,0.98184
550,90,616,260,2.751,0.98008
550,95,616,260,3.1215,0.97166
550,100,616,260,-2.7442,0.95265
550,105,616,260,-2.3299,0.92275
550,110,616,260,-1.923,0.87666
550,115,616,260,-1.5529,0.84381
550,120,616,260,-1.1642,0.82155
550,125,616,260,-0.78582,0.838
550,130,616,260,-0.28389,0.9006
550,135,616,260,0.26052,0.95791
550,140,616,260,0.48029,0.95663
550,145,616,260,0.74868,0.92618
550,150,616,260,0.90586,0.89544
560,25,616,260,-0.1586,0.95572
560,30,616,260,-0.081144,0.95627
560,35,616,260,0.003164,0.95669
560,40,616,260,0.12571,0.95711
560,45,616,260,0.23431,0.95715
560,50,616,260,0.38975,0.9578
560,55,616,260,0.56313,0.96047
560,60,616,260,0.79948,0.96352
560,65,616,260,1.0252,0.96929
560,70,616,260,1.3149,0.97813
560,75,616,260,1.6032,0.98212
560,80,616,260,1.9528,0.98441
560,85,616,260,2.3758,0.98263
560,90,616,260,2.7959,0.9746
560,95,616,260,-3.1106,0.96352
560,100,616,260,-2.6883,0.94158
560,105,616,260,-2.2701,0.90797
560,110,616,260,-1.8623,0.86471
560,115,616,260,-1.4902,0.83973
560,120,616,260,-1.0961,0.83519
560,125,616,260,-0.70449,0.86484
560,130,616,260,-0.17661,0.93383
560,135,616,260,0.39146,0.95596
560,140,616,260,0.61402,0.93257
560,145,616,260,0.87746,0.87824
560,150,616,260,1.029,0.8396
570,25,616,260,-0.15357,0.95686
570,30,616,260,-0.074927,0.95726
570,35,616,260,0.010712,0.95764
570,40,616,260,0.13521,0.95826
570,45,616,260,0.24564,0.95865
570,50,616,260,0.40371,0.95985
570,55,616,260,0.58039,0.96345
570,60,616,260,0.82133,0.96784
570,65,616,260,1.0521,0.97431
570,70,616,260,1.3485,0.98314
570,75,616,260,1.6431,0.98676
570,80,616,260,2.0004,0.98771
570,85,616,260,2.432,0.98318
570,90,616,260,2.8598,0.97276
570,95,616,260,-3.0403,0.95652
570,100,616,260,-2.6132,0.92865
570,105,616,260,-2.1929,0.8954
570,110,616,260,-1.7832,0.86011
570,115,616,260,-1.4033,0.84883
570,120,616,260,-0.99862,0.86113
570,125,616,260,-0.58909,0.90526
570,130,616,260,-0.032372,0.95738
570,135,616,260,0.55029,0.92998
570,140,616,260,0.76964,0.88835
570,145,616,260,1.0231,0.8234
570,150,616,260,1.1672,0.78505
580,25,616,260,-0.16263,0.95624
580,30,616,260,-0.083076,0.95657
580,35,616,260,0.0039248,0.95699
580,40,616,260,0.13016,0.95796
580,45,616,260,0.24214,0.9588
580,50,616,260,0.40272,0.96069
580,55,616,260,0.58288,0.96522
580,60,616,260,0.82832,0.97075
580,65,616,260,1.0638,0.97769
580,70,616,260,1.3668,0.98572
580,75,616,260,1.6673,0.98823
580,80,616,260,2.0313,0.98738
580,85,616,260,2.4701,0.97922
580,90,616,260,2.905,0.96528
580,95,616,260,-2.9905,0.94626
580,100,616,260,-2.559,0.91711
580,105,616,260,-2.1352,0.88654
580,110,616,260,-1.7238,0.86007
580,115,616,260,-1.3377,0.85865
580,120,616,260,-0.91906,0.88784
580,125,616,260,-0.48961,0.93613
580,130,616,260,0.086973,0.96039
580,135,616,260,0.67177,0.88872
580,140,616,260,0.88418,0.83898
580,145,616,260,1.1258,0.77546
580,150,616,260,1.2643,0.74299
590,25,616,260,-0.15712,0.95755
590,30,616,260,-0.076399,0.95786
590,35,616,260,0.011944,0.95839
590,40,616,260,0.14021,0.95974
590,45,616,260,0.2541,0.96104
590,50,616,260,0.41745,0.96356
590,55,616,260,0.60113,0.96892
590,60,616,260,0.85153,0.97523
590,65,616,260,1.0921,0.98233
590,70,616,260,1.4017,0.98921
590,75,616,260,1.7083,0.99041
590,80,616,260,2.0795,0.9875
590,85,616,260,2.526,0.97641
590,90,616,260,2.9676,0.95717
590,95,616,260,-2.9227,0.93796
590,100,616,260,-2.4878,0.90643
590,105,616,260,-2.0596,0.88116
590,110,616,260,-1.6422,0.86965
590,115,616,260,-1.2453,0.88191
590,120,616,260,-0.80752,0.92056
590,125,616,260,-0.35791,0.96054
590,130,616,260,0.23333,0.94414
590,135,616,260,0.80825,0.83995
590,140,616,260,1.013,0.79217
590,145,616,260,1.2446,0.74174
590,150,616,260,1.3793,0.72035
600,25,616,260,-0.15208,0.95901
600,30,616,260,-0.070203,0.95934
600,35,616,260,0.019491,0.96003
600,40,616,260,0.14982,0.9618
600,45,616,260,0.26569,0.96354
600,50,616,260,0.43189,0.96666
600,55,616,260,0.6192,0.97268
600,60,616,260,0.87466,0.97965
600,65,616,260,1.1204,0.98647
600,70,616,260,1.4364,0.99169
600,75,616,260,1.7489,0.99128
600,80,616,260,2.1269,0.98591
600,85,616,260,2.5806,0.97193
600,90,616,260,3.0281,0.95043
600,95,616,260,-2.8572,0.93096
600,100,616,260,-2.4179,0.90293
600,105,616,260,-1.9861,0.88358
600,110,616,260,-1.5592,0.88432
600,115,616,260,-1.15,0.90578
600,120,616,260,-0.69118,0.95014
600,125,616,260,-0.22272,0.96658
600,130,616,260,0.37199,0.91057
600,135,616,260,0.93193,0.79837
600,140,616,260,1.1298,0.75974
600,145,616,260,1.3557,0.72778
600,150,616,260,1.4901,0.71918
