500,5,621,450,-0.2496,0.95284
500,11.5,621,450,-0.2496,0.95284
500,18,621,450,-0.23276,0.95372
500,24.5,621,450,-0.21455,0.9546
500,31,621,450,-0.18408,0.9553
500,37.5,621,450,-0.14806,0.95612
500,44,621,450,-0.10139,0.95705
500,50.5,621,450,-0.035518,0.95663
500,57,621,450,0.0654,0.95333
500,63.5,621,450,0.16786,0.94709
500,70,621,450,0.31394,0.93798
500,76.5,621,450,0.52761,0.91938
500,83,621,450,0.79659,0.89661
500,89.5,621,450,1.183,0.87283
500,96,621,450,1.7229,0.84362
500,102.5,621,450,2.64,0.3759
500,109,621,450,2.7282,0.30433
500,115.5,621,450,-2.9876,0.40099
500,122,621,450,-2.5679,0.47074
500,128.5,621,450,-2.1593,0.56798
500,135,621,450,-1.83,0.63151
500,141.5,621,450,-1.5501,0.66063
500,148,621,450,-1.3003,0.61939
500,154.5,621,450,-1.1214,0.49808
500,161,621,450,-1.0811,0.42541
500,167.5,621,450,-1.0644,0.4163
500,174,621,450,-1.0569,0.52486
500,180.5,621,450,-0.87067,0.64322
500,187,621,450,-0.71991,0.67301
500,193.5,621,450,-0.55253,0.66694
500,200,621,450,-0.37308,0.63004
551,5,621,450,-0.25558,0.95396
551,11.5,621,450,-0.25558,0.95396
551,18,621,450,-0.2371,0.95446
551,24.5,621,450,-0.21695,0.9548
551,31,621,450,-0.18382,0.95481
551,37.5,621,450,-0.14438,0.95486
551,44,621,450,-0.0929,0.95482
551,50.5,621,450,-0.020932,0.95331
551,57,621,450,0.089219,0.94892
551,63.5,621,450,0.20123,0.94234
551,70,621,450,0.36196,0.93283
551,76.5,621,450,0.59734,0.9165
551,83,621,450,0.89523,0.89783
551,89.5,621,450,1.317,0.87892
551,96,621,450,1.8778,0.86078
551,102.5,621,450,2.6652,0.38265
551,109,621,450,2.9872,0.58391
551,115.5,621,450,-2.6636,0.70054
551,122,621,450,-2.1932,0.76097
551,128.5,621,450,-1.7749,0.77176
551,135,621,450,-1.4565,0.73254
551,141.5,621,450,-1.1931,0.69948
551,148,621,450,-0.88137,0.55904
551,154.5,621,450,-0.95069,0.31957
551,161,621,450,-0.97263,0.41694
551,167.5,621,450,-0.97706,0.6005
551,174,621,450,-0.74407,0.79794
551,180.5,621,450,-0.49678,0.83949
551,187,621,450,-0.32368,0.839
551,193.5,621,450,-0.13388,0.80202
551,200,621,450,0.030612,0.67379
602,5,621,450,-0.2681,0.958
602,11.5,621,450,-0.2681,0.958
602,18,621,450,-0.24824,0.95806
602,24.5,621,450,-0.22643,0.95806
602,31,621,450,-0.19093,0.95776
602,37.5,621,450,-0.14842,0.95738
602,44,621,450,-0.09255,0.95695
602,50.5,621,450,-0.014807,0.95547
602,57,621,450,0.1045,0.95193
602,63.5,621,450,0.2262,0.94642
602,70,621,450,0.40229,0.93955
602,76.5,621,450,0.66118,0.92675
602,83,621,450,0.98975,0.91059
602,89.5,621,450,1.446,0.89277
602,96,621,450,2.0106,0.87293
602,102.5,621,450,2.6393,0.66422
602,109,621,450,-2.9774,0.83545
602,115.5,621,450,-2.3404,0.83941
602,122,621,450,-1.8956,0.7806
602,128.5,621,450,-1.5667,0.722
602,135,621,450,-1.2989,0.72458
602,141.5,621,450,-1.0277,0.72778
602,148,621,450,-0.72658,0.4964
602,154.5,621,450,-0.78,0.51794
602,161,621,450,-0.72687,0.54958
602,167.5,621,450,-0.56709,0.83648
602,174,621,450,-0.32019,0.93485
602,180.5,621,450,-0.067848,0.95044
602,187,621,450,0.11707,0.94037
602,193.5,621,450,0.30558,0.93763
602,200,621,450,0.51556,0.92439
653,5,621,450,-0.27077,0.96104
653,11.5,621,450,-0.27077,0.96104
653,18,621,450,-0.24961,0.96103
653,24.5,621,450,-0.22622,0.96122
653,31,621,450,-0.18832,0.96129
653,37.5,621,450,-0.14277,0.96121
653,44,621,450,-0.08244,0.96133
653,50.5,621,450,0.0014596,0.96095
653,57,621,450,0.13074,0.95912
653,63.5,621,450,0.26315,0.95521
653,70,621,450,0.45614,0.95005
653,76.5,621,450,0.74049,0.93784
653,83,621,450,1.1,0.91886
653,89.5,621,450,1.5905,0.89645
653,96,621,450,2.1637,0.87469
653,102.5,621,450,2.884,0.86894
653,109,621,450,-2.7423,0.87065
653,115.5,621,450,-2.144,0.79416
653,122,621,450,-1.7711,0.72878
653,128.5,621,450,-1.4446,0.79876
653,135,621,450,-1.1136,0.82897
653,141.5,621,450,-0.81748,0.813
653,148,621,450,-0.46285,0.74868
653,154.5,621,450,-0.27497,0.50482
653,161,621,450,-0.33984,0.49346
653,167.5,621,450,-0.10975,0.70135
653,174,621,450,0.1512,0.69313
653,180.5,621,450,0.34689,0.59182
653,187,621,450,0.40885,0.68612
653,193.5,621,450,0.65222,0.82708
653,200,621,450,0.90986,0.84486
704,5,621,450,-0.27317,0.9601
704,11.5,621,450,-0.27317,0.9601
704,18,621,450,-0.25061,0.9605
704,24.5,621,450,-0.22539,0.96118
704,31,621,450,-0.18478,0.96191
704,37.5,621,450,-0.13589,0.96253
704,44,621,450,-0.070638,0.96353
704,50.5,621,450,0.020073,0.96407
704,57,621,450,0.16021,0.96289
704,63.5,621,450,0.30384,0.95883
704,70,621,450,0.51402,0.95224
704,76.5,621,450,0.82288,0.93555
704,83,621,450,1.2107,0.91156
704,89.5,621,450,1.7346,0.88436
704,96,621,450,2.3454,0.8568
704,102.5,621,450,3.0294,0.85072
704,109,621,450,-2.5944,0.84039
704,115.5,621,450,-2.0512,0.79667
704,122,621,450,-1.6237,0.8683
704,128.5,621,450,-1.1786,0.82591
704,135,621,450,-0.82273,0.72851
704,141.5,621,450,-0.56233,0.63946
704,148,621,450,-0.09735,0.58965
704,154.5,621,450,0.011582,0.33151
704,161,621,450,-0.018364,0.4195
704,167.5,621,450,0.30147,0.47133
704,174,621,450,0.46799,0.37884
704,180.5,621,450,0.4127,0.49732
704,187,621,450,0.70203,0.81495
704,193.5,621,450,1.0514,0.9389
704,200,621,450,1.3351,0.94964
755,5,621,450,-0.27741,0.95624
755,11.5,621,450,-0.27741,0.95624
755,18,621,450,-0.25326,0.95704
755,24.5,621,450,-0.22594,0.95805
755,31,621,450,-0.18236,0.95904
755,37.5,621,450,-0.12979,0.96003
755,44,621,450,-0.059269,0.96131
755,50.5,621,450,0.038444,0.96155
755,57,621,450,0.18918,0.95905
755,63.5,621,450,0.34342,0.95317
755,70,621,450,0.56908,0.9431
755,76.5,621,450,0.89971,0.92331
755,83,621,450,1.3128,0.89914
755,89.5,621,450,1.8733,0.87447
755,96,621,450,2.5533,0.81935
755,102.5,621,450,-3.1368,0.82884
755,109,621,450,-2.4621,0.81245
755,115.5,621,450,-1.8442,0.86547
755,122,621,450,-1.37,0.76634
755,128.5,621,450,-0.93494,0.61844
755,135,621,450,-0.59448,0.50508
755,141.5,621,450,-0.37193,0.44819
755,148,621,450,0.11898,0.36759
755,154.5,621,450,0.17747,0.27285
755,161,621,450,0.51214,0.3815
755,167.5,621,450,0.81564,0.22788
755,174,621,450,0.69935,0.19299
755,180.5,621,450,0.83143,0.57982
755,187,621,450,1.2658,0.7514
755,193.5,621,450,1.6447,0.77721
755,200,621,450,1.933,0.70408
806,5,621,450,-0.28348,0.95334
806,11.5,621,450,-0.28348,0.95334
806,18,621,450,-0.25759,0.95419
806,24.5,621,450,-0.22816,0.95499
806,31,621,450,-0.18162,0.95562
806,37.5,621,450,-0.12536,0.95632
806,44,621,450,-0.04969,0.95702
806,50.5,621,450,0.054513,0.95618
806,57,621,450,0.21482,0.95198
806,63.5,621,450,0.37864,0.94482
806,70,621,450,0.61828,0.9344
806,76.5,621,450,0.96904,0.91574
806,83,621,450,1.4112,0.89751
806,89.5,621,450,2.0127,0.87891
806,96,621,450,2.7729,0.7885
806,102.5,621,450,-2.975,0.80318
806,109,621,450,-2.2674,0.68942
806,115.5,621,450,-1.6486,0.68638
806,122,621,450,-1.176,0.60716
806,128.5,621,450,-0.70123,0.45628
806,135,621,450,-0.28209,0.34825
806,141.5,621,450,0.10623,0.22106
806,148,621,450,0.17958,0.17935
806,154.5,621,450,0.4164,0.20069
806,161,621,450,0.89928,0.15719
806,167.5,621,450,1.0954,0.12664
806,174,621,450,1.017,0.15414
806,180.5,621,450,1.4867,0.41747
806,187,621,450,1.914,0.42787
806,193.5,621,450,2.1755,0.32923
806,200,621,450,2.2103,0.46484
857,5,621,450,-0.28983,0.95417
857,11.5,621,450,-0.28983,0.95417
857,18,621,450,-0.26222,0.95476
857,24.5,621,450,-0.23096,0.95507
857,31,621,450,-0.18177,0.95509
857,37.5,621,450,-0.12211,0.95516
857,44,621,450,-0.04171,0.95512
857,50.5,621,450,0.068469,0.95353
857,57,621,450,0.23767,0.94932
857,63.5,621,450,0.41092,0.94264
857,70,621,450,0.66531,0.93554
857,76.5,621,450,1.0396,0.92384
857,83,621,450,1.5144,0.90898
857,89.5,621,450,2.1607,0.88755
857,96,621,450,2.9946,0.78597
857,102.5,621,450,-2.7184,0.72123
857,109,621,450,-2.2016,0.51611
857,115.5,621,450,-1.4652,0.56705
857,122,621,450,-0.90406,0.49427
857,128.5,621,450,-0.22163,0.29883
857,135,621,450,0.46368,0.08754
857,141.5,621,450,-0.90527,0.016244
857,148,621,450,0.10811,0.15833
857,154.5,621,450,0.62168,0.22727
857,161,621,450,1.4282,0.18024
857,167.5,621,450,1.8202,0.11155
857,174,621,450,1.7528,0.16661
857,180.5,621,450,2.3775,0.31408
857,187,621,450,2.8159,0.24538
857,193.5,621,450,2.6567,0.16991
857,200,621,450,2.7124,0.28527
908,5,621,450,-0.29446,0.95794
908,11.5,621,450,-0.29446,0.95794
908,18,621,450,-0.26544,0.95818
908,24.5,621,450,-0.23251,0.95827
908,31,621,450,-0.18095,0.95801
908,37.5,621,450,-0.11817,0.95775
908,44,621,450,-0.033308,0.95754
908,50.5,621,450,0.082749,0.95646
908,57,621,450,0.26144,0.95399
908,63.5,621,450,0.44494,0.94964
908,70,621,450,0.71619,0.94524
908,76.5,621,450,1.1173,0.93604
908,83,621,450,1.6258,0.91719
908,89.5,621,450,2.3146,0.88905
908,96,621,450,-3.0771,0.80746
908,102.5,621,450,-2.3428,0.54363
908,109,621,450,-2.0366,0.47927
908,115.5,621,450,-1.1423,0.47519
908,122,621,450,-0.32801,0.3182
908,128.5,621,450,0.75549,0.036479
908,135,621,450,-0.8735,0.013712
908,141.5,621,450,-0.29987,0.063676
908,148,621,450,0.76653,0.12828
908,154.5,621,450,1.3993,0.17959
908,161,621,450,2.2524,0.22248
908,167.5,621,450,2.6723,0.20543
908,174,621,450,3.0898,0.37406
908,180.5,621,450,-2.4847,0.35306
908,187,621,450,-1.8073,0.1168
908,193.5,621,450,3.134,0.025755
908,200,621,450,-3.1349,0.30498
959,5,621,450,-0.30683,0.96095
959,11.5,621,450,-0.30683,0.96095
959,18,621,450,-0.27654,0.96086
959,24.5,621,450,-0.24184,0.96137
959,31,621,450,-0.18784,0.9615
959,37.5,621,450,-0.12195,0.96152
959,44,621,450,-0.032485,0.96186
959,50.5,621,450,0.089978,0.96193
959,57,621,450,0.27931,0.96091
959,63.5,621,450,0.47427,0.95765
959,70,621,450,0.76359,0.95264
959,76.5,621,450,1.1905,0.93756
959,83,621,450,1.7283,0.90988
959,89.5,621,450,2.4516,0.87726
959,96,621,450,-2.8958,0.82915
959,102.5,621,450,-1.9255,0.34306
959,109,621,450,-1.7109,0.42653
959,115.5,621,450,-0.5391,0.32047
959,122,621,450,0.63476,0.052106
959,128.5,621,450,-0.95483,0.0058384
959,135,621,450,0.26336,0.037212
959,141.5,621,450,1.3532,0.071816
959,148,621,450,2.4182,0.12786
959,154.5,621,450,2.6366,0.08739
959,161,621,450,-3.0911,0.29873
959,167.5,621,450,-2.6607,0.37975
959,174,621,450,-2.1494,0.43359
959,180.5,621,450,-1.4412,0.32022
959,187,621,450,-0.75796,0.029175
959,193.5,621,450,-2.7984,0.098519
959,200,621,450,-2.1114,0.27081
1010,5,621,450,-0.30917,0.96017
1010,11.5,621,450,-0.30917,0.96017
1010,18,621,450,-0.2774,0.96081
1010,24.5,621,450,-0.2408,0.96131
1010,31,621,450,-0.18407,0.96208
1010,37.5,621,450,-0.11481,0.96267
1010,44,621,450,-0.020351,0.96365
1010,50.5,621,450,0.10906,0.9642
1010,57,621,450,0.3094,0.96268
1010,63.5,621,450,0.51563,0.95771
1010,70,621,450,0.82129,0.94854
1010,76.5,621,450,1.2697,0.92669
1010,83,621,450,1.832,0.89791
1010,89.5,621,450,2.5897,0.87209
1010,96,621,450,-2.7312,0.83401
1010,102.5,621,450,-1.5312,0.26124
1010,109,621,450,-1.1971,0.35
1010,115.5,621,450,0.31778,0.13275
1010,122,621,450,0.3583,0.0015455
1010,128.5,621,450,0.7313,0.036607
1010,135,621,450,1.8764,0.12888
1010,141.5,621,450,2.6803,0.212
1010,148,621,450,-2.6967,0.29114
1010,154.5,621,450,-2.6366,0.090461
1010,161,621,450,-2.4572,0.27356
1010,167.5,621,450,-2.0911,0.50311
1010,174,621,450,-1.6022,0.47952
1010,180.5,621,450,-0.98886,0.17933
1010,187,621,450,-1.8187,0.14866
1010,193.5,621,450,-1.384,0.4017
1010,200,621,450,-0.88403,0.25378
1061,5,621,450,-0.31291,0.9568
1061,11.5,621,450,-0.31291,0.9568
1061,18,621,450,-0.27953,0.95739
1061,24.5,621,450,-0.24096,0.95825
1061,31,621,450,-0.18125,0.9592
1061,37.5,621,450,-0.10836,0.96002
1061,44,621,450,-0.0087126,0.96108
1061,50.5,621,450,0.12756,0.9609
1061,57,621,450,0.33809,0.95723
1061,63.5,621,450,0.55414,0.95006
1061,70,621,450,0.87365,0.93768
1061,76.5,621,450,1.3411,0.91679
1061,83,621,450,1.93,0.89754
1061,89.5,621,450,2.7286,0.88209
1061,96,621,450,-2.5734,0.8433
1061,102.5,621,450,-1.1404,0.26931
1061,109,621,450,-0.61397,0.29673
1061,115.5,621,450,0.91246,0.065702
1061,122,621,450,0.86429,0.040825
1061,128.5,621,450,1.9441,0.18419
1061,135,621,450,2.78,0.29518
1061,141.5,621,450,-3.0695,0.29045
1061,148,621,450,-2.315,0.41962
1061,154.5,621,450,-2.3509,0.23658
1061,161,621,450,-2.0585,0.51535
1061,167.5,621,450,-1.5546,0.65353
1061,174,621,450,-1.2182,0.45384
1061,180.5,621,450,-1.1468,0.47446
1061,187,621,450,-0.82086,0.62019
1061,193.5,621,450,-0.32702,0.54469
1061,200,621,450,-0.15327,0.1858
1112,5,621,450,-0.31878,0.95439
1112,11.5,621,450,-0.31878,0.95439
1112,18,621,450,-0.28384,0.9543
1112,24.5,621,450,-0.24322,0.95523
1112,31,621,450,-0.18059,0.95578
1112,37.5,621,450,-0.10408,0.95633
1112,44,621,450,0.00058413,0.95683
1112,50.5,621,450,0.1431,0.9556
1112,57,621,450,0.36264,0.9506
1112,63.5,621,450,0.58758,0.94281
1112,70,621,450,0.92061,0.93331
1112,76.5,621,450,1.4098,0.92042
1112,83,621,450,2.0326,0.9095
1112,89.5,621,450,2.8763,0.89181
1112,96,621,450,-2.4108,0.85427
1112,102.5,621,450,-0.84124,0.28881
1112,109,621,450,-0.13944,0.34414
1112,115.5,621,450,1.093,0.11624
1112,122,621,450,1.6686,0.17537
1112,128.5,621,450,2.5402,0.33154
1112,135,621,450,-3.1358,0.4156
1112,141.5,621,450,-2.8485,0.49375
1112,148,621,450,-2.1685,0.64646
1112,154.5,621,450,-1.8416,0.70501
1112,161,621,450,-1.3825,0.69924
1112,167.5,621,450,-1.0492,0.48732
1112,174,621,450,-1.0336,0.43475
1112,180.5,621,450,-0.672,0.71811
1112,187,621,450,-0.29259,0.73144
1112,193.5,621,450,0.15451,0.4346
1112,200,621,450,0.21979,0.32478
1163,5,621,450,-0.32617,0.95742
1163,11.5,621,450,-0.32617,0.95742
1163,18,621,450,-0.28954,0.95805
1163,24.5,621,450,-0.24692,0.95865
1163,31,621,450,-0.18166,0.95858
1163,37.5,621,450,-0.10177,0.95858
1163,44,621,450,0.0075498,0.95851
1163,50.5,621,450,0.15592,0.95697
1163,57,621,450,0.3844,0.9529
1163,63.5,621,450,0.61914,0.94741
1163,70,621,450,0.96832,0.94211
1163,76.5,621,450,1.4843,0.93395
1163,83,621,450,2.1422,0.91844
1163,89.5,621,450,3.025,0.89
1163,96,621,450,-2.2248,0.84584
1163,102.5,621,450,-0.7503,0.29976
1163,109,621,450,0.24968,0.51815
1163,115.5,621,450,1.4232,0.2453
1163,122,621,450,2.078,0.30241
1163,128.5,621,450,2.7873,0.48911
1163,135,621,450,-2.9044,0.66635
1163,141.5,621,450,-2.4072,0.80476
1163,148,621,450,-1.868,0.88889
1163,154.5,621,450,-1.4,0.8267
1163,161,621,450,-0.90627,0.51969
1163,167.5,621,450,-0.90711,0.41761
1163,174,621,450,-0.86226,0.65928
1163,180.5,621,450,-0.30755,0.88972
1163,187,621,450,0.073402,0.86925
1163,193.5,621,450,0.37492,0.7893
1163,200,621,450,0.71146,0.68876
1214,5,621,450,-0.33127,0.96105
1214,11.5,621,450,-0.33127,0.96105
1214,18,621,450,-0.29314,0.96128
1214,24.5,621,450,-0.24868,0.96158
1214,31,621,450,-0.18102,0.96136
1214,37.5,621,450,-0.097971,0.96115
1214,44,621,450,0.015911,0.9611
1214,50.5,621,450,0.17035,0.96039
1214,57,621,450,0.40878,0.95852
1214,63.5,621,450,0.65449,0.95547
1214,70,621,450,1.0222,0.95196
1214,76.5,621,450,1.5657,0.94005
1214,83,621,450,2.2537,0.9122
1214,89.5,621,450,-3.1146,0.8788
1214,96,621,450,-2.0262,0.82187
1214,102.5,621,450,-0.81505,0.48974
1214,109,621,450,0.61415,0.68802
1214,115.5,621,450,1.6212,0.33588
1214,122,621,450,2.2614,0.49914
1214,128.5,621,450,3.0461,0.77709
1214,135,621,450,-2.5569,0.85576
1214,141.5,621,450,-2.0299,0.82834
1214,148,621,450,-1.6932,0.7627
1214,154.5,621,450,-1.153,0.87728
1214,161,621,450,-0.81283,0.53957
1214,167.5,621,450,-0.53197,0.4788
1214,174,621,450,-0.37455,0.80924
1214,180.5,621,450,0.16326,0.90474
1214,187,621,450,0.4982,0.88774
1214,193.5,621,450,0.90697,0.87068
1214,200,621,450,1.318,0.78585
1265,5,621,450,-0.3342,0.96418
1265,11.5,621,450,-0.3342,0.96418
1265,18,621,450,-0.29469,0.9642
1265,24.5,621,450,-0.24854,0.96442
1265,31,621,450,-0.1784,0.96463
1265,37.5,621,450,-0.092153,0.96469
1265,44,621,450,0.026477,0.96515
1265,50.5,621,450,0.18757,0.96543
1265,57,621,450,0.43704,0.96451
1265,63.5,621,450,0.69479,0.96087
1265,70,621,450,1.0799,0.95358
1265,76.5,621,450,1.6467,0.93245
1265,83,621,450,2.3584,0.9007
1265,89.5,621,450,-2.9762,0.87403
1265,96,621,450,-1.8229,0.79922
1265,102.5,621,450,-0.57753,0.83475
1265,109,621,450,0.86977,0.71431
1265,115.5,621,450,1.7001,0.52658
1265,122,621,450,2.5407,0.80921
1265,128.5,621,450,-2.916,0.84558
1265,135,621,450,-2.3346,0.78443
1265,141.5,621,450,-1.7364,0.84066
1265,148,621,450,-1.5252,0.78681
1265,154.5,621,450,-0.89694,0.91531
1265,161,621,450,-0.29447,0.70488
1265,167.5,621,450,-0.13434,0.33514
1265,174,621,450,0.12627,0.58662
1265,180.5,621,450,0.45855,0.47646
1265,187,621,450,0.75909,0.83112
1265,193.5,621,450,1.2606,0.89815
1265,200,621,450,1.7073,0.77101
1316,5,621,450,-0.34704,0.96381
1316,11.5,621,450,-0.34704,0.96381
1316,18,621,450,-0.3062,0.96404
1316,24.5,621,450,-0.25829,0.96444
1316,31,621,450,-0.18538,0.96511
1316,37.5,621,450,-0.095723,0.96566
1316,44,621,450,0.02794,0.96651
1316,50.5,621,450,0.19602,0.96676
1316,57,621,450,0.45635,0.96434
1316,63.5,621,450,0.72471,0.95778
1316,70,621,450,1.1248,0.94529
1316,76.5,621,450,1.71,0.9212
1316,83,621,450,2.4468,0.89964
1316,89.5,621,450,-2.8447,0.8839
1316,96,621,450,-1.6342,0.80267
1316,102.5,621,450,-0.38292,0.87028
1316,109,621,450,0.97507,0.67711
1316,115.5,621,450,1.9312,0.82668
1316,122,621,450,2.8286,0.85572
1316,128.5,621,450,-2.7544,0.75295
1316,135,621,450,-2.1559,0.8552
1316,141.5,621,450,-1.4719,0.80682
1316,148,621,450,-1.2666,0.64494
1316,154.5,621,450,-0.60108,0.66345
1316,161,621,450,0.13542,0.46892
1316,167.5,621,450,0.1073,0.27798
1316,174,621,450,0.54089,0.36548
1316,180.5,621,450,0.55712,0.52557
1316,187,621,450,1.1811,0.91307
1316,193.5,621,450,1.7051,0.94763
1316,200,621,450,2.1459,0.93706
1367,5,621,450,-0.35038,0.96042
1367,11.5,621,450,-0.35038,0.96042
1367,18,621,450,-0.30806,0.96097
1367,24.5,621,450,-0.25823,0.96173
1367,31,621,450,-0.18235,0.96241
1367,37.5,621,450,-0.089098,0.96305
1367,44,621,450,0.039655,0.96377
1367,50.5,621,450,0.21434,0.96306
1367,57,621,450,0.48427,0.95825
1367,63.5,621,450,0.76184,0.94954
1367,70,621,450,1.1746,0.93692
1367,76.5,621,450,1.7796,0.92026
1367,83,621,450,2.5492,0.91062
1367,89.5,621,450,-2.6951,0.89181
1367,96,621,450,-1.4353,0.81779
1367,102.5,621,450,-0.25633,0.84943
1367,109,621,450,1.0169,0.79982
1367,115.5,621,450,2.1952,0.84414
1367,122,621,450,3.0029,0.76672
1367,128.5,621,450,-2.5914,0.8227
1367,135,621,450,-1.8154,0.72511
1367,141.5,621,450,-1.2081,0.6935
1367,148,621,450,-0.93506,0.45272
1367,154.5,621,450,-0.39173,0.43692
1367,161,621,450,0.48518,0.26611
1367,167.5,621,450,0.71074,0.29382
1367,174,621,450,1.024,0.17676
1367,180.5,621,450,1.1012,0.54365
1367,187,621,450,1.8019,0.63952
1367,193.5,621,450,2.1287,0.57795
1367,200,621,450,2.5609,0.66846
1418,5,621,450,-0.35581,0.95729
1418,11.5,621,450,-0.35581,0.95729
1418,18,621,450,-0.31176,0.9581
1418,24.5,621,450,-0.25996,0.95893
1418,31,621,450,-0.18129,0.95923
1418,37.5,621,450,-0.084471,0.95956
1418,44,621,450,0.049157,0.9598
1418,50.5,621,450,0.22992,0.95816
1418,57,621,450,0.50844,0.95291
1418,63.5,621,450,0.79476,0.94551
1418,70,621,450,1.2219,0.93831
1418,76.5,621,450,1.8528,0.93123
1418,83,621,450,2.6596,0.91838
1418,89.5,621,450,-2.5455,0.88543
1418,96,621,450,-1.2405,0.8154
1418,102.5,621,450,-0.1241,0.83111
1418,109,621,450,1.2203,0.85065
1418,115.5,621,450,2.3597,0.75199
1418,122,621,450,3.135,0.74168
1418,128.5,621,450,-2.261,0.67847
1418,135,621,450,-1.5494,0.47723
1418,141.5,621,450,-0.90041,0.53703
1418,148,621,450,-0.34897,0.3122
1418,154.5,621,450,0.25742,0.13484
1418,161,621,450,0.75142,0.077277
1418,167.5,621,450,1.0182,0.12011
1418,174,621,450,1.5978,0.12829
1418,180.5,621,450,1.8146,0.34032
1418,187,621,450,2.3748,0.24651
1418,193.5,621,450,2.5485,0.43718
1418,200,621,450,2.8794,0.78346
1469,5,621,450,-0.36213,0.95755
1469,11.5,621,450,-0.36213,0.95755
1469,18,621,450,-0.31643,0.95836
1469,24.5,621,450,-0.26258,0.95891
1469,31,621,450,-0.18147,0.95877
1469,37.5,621,450,-0.081342,0.95869
1469,44,621,450,0.056921,0.95868
1469,50.5,621,450,0.2435,0.95733
1469,57,621,450,0.53112,0.95412
1469,63.5,621,450,0.82763,0.95001
1469,70,621,450,1.2726,0.94778
1469,76.5,621,450,1.9327,0.93989
1469,83,621,450,2.7708,0.91283
1469,89.5,621,450,-2.404,0.87561
1469,96,621,450,-1.0613,0.82492
1469,102.5,621,450,0.079351,0.78819
1469,109,621,450,1.363,0.74834
1469,115.5,621,450,2.5205,0.67692
1469,122,621,450,-2.9048,0.65977
1469,128.5,621,450,-2.0159,0.46595
1469,135,621,450,-1.2069,0.33246
1469,141.5,621,450,-0.36208,0.22893
1469,148,621,450,1.1017,0.18125
1469,154.5,621,450,-1.6548,0.032044
1469,161,621,450,0.40179,0.087408
1469,167.5,621,450,1.613,0.20145
1469,174,621,450,2.356,0.12831
1469,180.5,621,450,2.8498,0.30462
1469,187,621,450,-2.9873,0.075404
1469,193.5,621,450,2.8466,0.23626
1469,200,621,450,-2.6732,0.65662
