500,25,662,260,-0.13221,0.96145
500,30,662,260,-0.068001,0.96445
500,35,662,260,0.00037885,0.96754
500,40,662,260,0.099771,0.97048
500,45,662,260,0.18816,0.97165
500,50,662,260,0.31328,0.9728
500,55,662,260,0.45084,0.97264
500,60,662,260,0.63621,0.96959
500,65,662,260,0.80967,0.96553
500,70,662,260,1.0242,0.96124
500,75,662,260,1.2393,0.95687
500,80,662,260,1.5022,0.95015
500,85,662,260,1.8169,0.94581
500,90,662,260,2.1289,0.93828
500,95,662,260,2.416,0.93363
500,100,662,260,2.7493,0.92763
500,105,662,260,3.0909,0.92941
500,110,662,260,-2.8399,0.94301
500,115,662,260,-2.4963,0.95848
500,120,662,260,-2.1034,0.97112
500,125,662,260,-1.7088,0.95223
500,130,662,260,-1.2202,0.88166
500,135,662,260,-0.76904,0.78894
500,140,662,260,-0.60667,0.75644
500,145,662,260,-0.42076,0.72472
500,150,662,260,-0.30918,0.71328
510,25,662,260,-0.14158,0.95976
510,30,662,260,-0.076259,0.96256
510,35,662,260,-0.0063348,0.96532
510,40,662,260,0.094827,0.96777
510,45,662,260,0.18462,0.96852
510,50,662,260,0.31189,0.96912
510,55,662,260,0.45205,0.96844
510,60,662,260,0.64024,0.96501
510,65,662,260,0.81629,0.9611
510,70,662,260,1.035,0.95761
510,75,662,260,1.254,0.95404
510,80,662,260,1.5215,0.94831
510,85,662,260,1.8424,0.94441
510,90,662,260,2.1615,0.93992
510,95,662,260,2.4551,0.93794
510,100,662,260,2.7953,0.93556
510,105,662,260,-3.1379,0.94034
510,110,662,260,-2.7752,0.95584
510,115,662,260,-2.4202,0.96485
510,120,662,260,-2.0162,0.96378
510,125,662,260,-1.6169,0.92642
510,130,662,260,-1.1327,0.8447
510,135,662,260,-0.68991,0.76142
510,140,662,260,-0.52992,0.73799
510,145,662,260,-0.34524,0.7216
510,150,662,260,-0.23222,0.71885
520,25,662,260,-0.13543,0.95966
520,30,662,260,-0.068802,0.96224
520,35,662,260,0.0025344,0.96471
520,40,662,260,0.10562,0.96671
520,45,662,260,0.19707,0.96708
520,50,662,260,0.3266,0.96726
520,55,662,260,0.4692,0.9663
520,60,662,260,0.66063,0.9627
520,65,662,260,0.83981,0.95912
520,70,662,260,1.0626,0.95675
520,75,662,260,1.2858,0.95394
520,80,662,260,1.5586,0.94987
520,85,662,260,1.8863,0.94767
520,90,662,260,2.2124,0.94664
520,95,662,260,2.5126,0.94506
520,100,662,260,2.8618,0.9473
520,105,662,260,-3.0619,0.95286
520,110,662,260,-2.6856,0.96737
520,115,662,260,-2.3202,0.96891
520,120,662,260,-1.9071,0.94682
520,125,662,260,-1.5062,0.89536
520,130,662,260,-1.0287,0.81354
520,135,662,260,-0.5914,0.7493
520,140,662,260,-0.4311,0.73783
520,145,662,260,-0.24212,0.73932
520,150,662,260,-0.12468,0.74729
530,25,662,260,-0.14382,0.95806
530,30,662,260,-0.076135,0.96036
530,35,662,260,-0.0033412,0.96245
530,40,662,260,0.1014,0.96397
530,45,662,260,0.19417,0.964
530,50,662,260,0.32575,0.96376
530,55,662,260,0.47086,0.96258
530,60,662,260,0.66507,0.95908
530,65,662,260,0.847,0.95601
530,70,662,260,1.074,0.9551
530,75,662,260,1.3015,0.95348
530,80,662,260,1.5794,0.95062
530,85,662,260,1.9142,0.95182
530,90,662,260,2.2479,0.95105
530,95,662,260,2.554,0.95167
530,100,662,260,2.9114,0.95645
530,105,662,260,-3.0018,0.96123
530,110,662,260,-2.6164,0.96932
530,115,662,260,-2.2422,0.96064
530,120,662,260,-1.8253,0.92284
530,125,662,260,-1.426,0.86348
530,130,662,260,-0.95384,0.78878
530,135,662,260,-0.51764,0.74756
530,140,662,260,-0.35428,0.74805
530,145,662,260,-0.15822,0.76666
530,150,662,260,-0.034131,0.78402
540,25,662,260,-0.13854,0.95801
540,30,662,260,-0.069604,0.96004
540,35,662,260,0.0045352,0.96181
540,40,662,260,0.1111,0.96294
540,45,662,260,0.20545,0.9627
540,50,662,260,0.33919,0.96221
540,55,662,260,0.4867,0.96107
540,60,662,260,0.68415,0.95784
540,65,662,260,0.86931,0.95555
540,70,662,260,1.1008,0.95618
540,75,662,260,1.3327,0.95559
540,80,662,260,1.6161,0.95458
540,85,662,260,1.9582,0.95592
540,90,662,260,2.2997,0.95798
540,95,662,260,2.6142,0.95991
540,100,662,260,2.9804,0.9665
540,105,662,260,-2.9224,0.96964
540,110,662,260,-2.5261,0.96878
540,115,662,260,-2.1449,0.94872
540,120,662,260,-1.726,0.89612
540,125,662,260,-1.3298,0.83461
540,130,662,260,-0.86096,0.77732
540,135,662,260,-0.4195,0.76507
540,140,662,260,-0.24901,0.77821
540,145,662,260,-0.039747,0.81341
540,150,662,260,0.094887,0.83887
550,25,662,260,-0.12717,0.95812
550,30,662,260,-0.057007,0.95986
550,35,662,260,0.018448,0.96131
550,40,662,260,0.1268,0.96209
550,45,662,260,0.22272,0.96165
550,50,662,260,0.3586,0.96101
550,55,662,260,0.50854,0.96007
550,60,662,260,0.70927,0.95735
550,65,662,260,0.89775,0.95599
550,70,662,260,1.1338,0.9582
550,75,662,260,1.3704,0.95878
550,80,662,260,1.6597,0.95928
550,85,662,260,2.0094,0.96216
550,90,662,260,2.3596,0.96639
550,95,662,260,2.6807,0.968
550,100,662,260,3.0578,0.97302
550,105,662,260,-2.8364,0.97406
550,110,662,260,-2.4296,0.96086
550,115,662,260,-2.0455,0.93014
550,120,662,260,-1.6273,0.87119
550,125,662,260,-1.2344,0.81406
550,130,662,260,-0.76422,0.77844
550,135,662,260,-0.30882,0.79558
550,140,662,260,-0.12791,0.82084
550,145,662,260,0.098826,0.86802
550,150,662,260,0.24514,0.89616
560,25,662,260,-0.13634,0.95667
560,30,662,260,-0.065209,0.9581
560,35,662,260,0.011587,0.95921
560,40,662,260,0.12147,0.95969
560,45,662,260,0.21862,0.95914
560,50,662,260,0.35645,0.95843
560,55,662,260,0.50889,0.9578
560,60,662,260,0.71252,0.95588
560,65,662,260,0.90401,0.95572
560,70,662,260,1.145,0.95949
560,75,662,260,1.3862,0.96134
560,80,662,260,1.6812,0.96294
560,85,662,260,2.0388,0.96676
560,90,662,260,2.3968,0.97072
560,95,662,260,2.7257,0.97237
560,100,662,260,3.1108,0.97604
560,105,662,260,-2.775,0.96963
560,110,662,260,-2.3636,0.94696
560,115,662,260,-1.9767,0.91067
560,120,662,260,-1.561,0.84786
560,125,662,260,-1.1692,0.80028
560,130,662,260,-0.69398,0.78727
560,135,662,260,-0.22095,0.83101
560,140,662,260,-0.028312,0.86398
560,145,662,260,0.21635,0.91315
560,150,662,260,0.37343,0.93647
570,25,662,260,-0.13146,0.95696
570,30,662,260,-0.059171,0.95812
570,35,662,260,0.018878,0.95899
570,40,662,260,0.13048,0.95927
570,45,662,260,0.22915,0.95868
570,50,662,260,0.3691,0.95806
570,55,662,260,0.52402,0.95794
570,60,662,260,0.73115,0.95668
570,65,662,260,0.92615,0.95792
570,70,662,260,1.1721,0.96322
570,75,662,260,1.4183,0.96605
570,80,662,260,1.7195,0.9691
570,85,662,260,2.0852,0.97293
570,90,662,260,2.4512,0.97656
570,95,662,260,2.7877,0.97645
570,100,662,260,-3.1008,0.97636
570,105,662,260,-2.6952,0.96581
570,110,662,260,-2.2791,0.93081
570,115,662,260,-1.8909,0.89003
570,120,662,260,-1.4767,0.83174
570,125,662,260,-1.085,0.80008
570,130,662,260,-0.59769,0.81228
570,135,662,260,-0.097569,0.87769
570,140,662,260,0.10978,0.91249
570,145,662,260,0.37325,0.94978
570,150,662,260,0.53973,0.95844
580,25,662,260,-0.13968,0.95577
580,30,662,260,-0.066474,0.95666
580,35,662,260,0.012855,0.95727
580,40,662,260,0.12595,0.95743
580,45,662,260,0.22587,0.95692
580,50,662,260,0.3678,0.95652
580,55,662,260,0.52534,0.95705
580,60,662,260,0.73558,0.9569
580,65,662,260,0.9339,0.95943
580,70,662,260,1.1851,0.96603
580,75,662,260,1.4363,0.96974
580,80,662,260,1.7436,0.97343
580,85,662,260,2.1167,0.97717
580,90,662,260,2.4912,0.97922
580,95,662,260,2.8344,0.97781
580,100,662,260,-3.047,0.9712
580,105,662,260,-2.6344,0.95403
580,110,662,260,-2.217,0.91337
580,115,662,260,-1.8271,0.87187
580,120,662,260,-1.4158,0.82215
580,125,662,260,-1.0196,0.80451
580,130,662,260,-0.51744,0.8402
580,135,662,260,0.011536,0.91687
580,140,662,260,0.23208,0.94391
580,145,662,260,0.50858,0.95794
580,150,662,260,0.67941,0.94791
590,25,662,260,-0.13461,0.95632
590,30,662,260,-0.0603,0.95699
590,35,662,260,0.020237,0.95745
590,40,662,260,0.13502,0.9576
590,45,662,260,0.23647,0.95723
590,50,662,260,0.38056,0.95713
590,55,662,260,0.54071,0.9584
590,60,662,260,0.75461,0.95937
590,65,662,260,0.9568,0.96307
590,70,662,260,1.2133,0.97079
590,75,662,260,1.4698,0.97511
590,80,662,260,1.7835,0.97922
590,85,662,260,2.1649,0.9819
590,90,662,260,2.5475,0.98285
590,95,662,260,2.8976,0.97664
590,100,662,260,-2.9765,0.96672
590,105,662,260,-2.5584,0.94313
590,110,662,260,-2.1389,0.89799
590,115,662,260,-1.7479,0.85997
590,120,662,260,-1.3353,0.82247
590,125,662,260,-0.93177,0.82401
590,130,662,260,-0.40655,0.87924
590,135,662,260,0.15563,0.94973
590,140,662,260,0.38695,0.95861
590,145,662,260,0.67021,0.93925
590,150,662,260,0.84048,0.91054
600,25,662,260,-0.13002,0.95705
600,30,662,260,-0.054612,0.95754
600,35,662,260,0.02713,0.95791
600,40,662,260,0.14362,0.95815
600,45,662,260,0.24663,0.95802
600,50,662,260,0.39291,0.95835
600,55,662,260,0.55578,0.96046
600,60,662,260,0.77343,0.96246
600,65,662,260,0.97964,0.96725
600,70,662,260,1.2416,0.97577
600,75,662,260,1.5034,0.98036
600,80,662,260,1.8236,0.98447
600,85,662,260,2.2131,0.9853
600,90,662,260,2.6031,0.9828
600,95,662,260,2.9593,0.97474
600,100,662,260,-2.9067,0.95837
600,105,662,260,-2.4852,0.92927
600,110,662,260,-2.0637,0.88533
600,115,662,260,-1.6721,0.85372
600,120,662,260,-1.2552,0.83227
600,125,662,260,-0.83944,0.85031
600,130,662,260,-0.28655,0.91773
600,135,662,260,0.30462,0.96103
600,140,662,260,0.54144,0.94614
600,145,662,260,0.8228,0.89745
600,150,662,260,0.98818,0.85771
