500,5,644,450,-0.23493,0.95424
500,11.5,644,450,-0.23493,0.95424
500,18,644,450,-0.21881,0.95521
500,24.5,644,450,-0.20147,0.95626
500,31,644,450,-0.17262,0.95741
500,37.5,644,450,-0.13869,0.95876
500,44,644,450,-0.095145,0.96042
500,50.5,644,450,-0.034156,0.96142
500,57,644,450,0.058033,0.96115
500,63.5,644,450,0.15047,0.95869
500,70,644,450,0.28008,0.95457
500,76.5,644,450,0.46484,0.94527
500,83,644,450,0.68785,0.93136
500,89.5,644,450,0.99201,0.91312
500,96,644,450,1.3749,0.89588
500,102.5,644,450,1.9918,0.87193
500,109,644,450,2.7955,0.30021
500,115.5,644,450,2.777,0.38037
500,122,644,450,-3.0612,0.45464
500,128.5,644,450,-2.5922,0.54008
500,135,644,450,-2.2379,0.59417
500,141.5,644,450,-1.956,0.62513
500,148,644,450,-1.7244,0.64182
500,154.5,644,450,-1.5057,0.67621
500,161,644,450,-1.244,0.60746
500,167.5,644,450,-1.0859,0.44135
500,174,644,450,-1.1881,0.33968
500,180.5,644,450,-1.2488,0.46692
500,187,644,450,-1.1122,0.61076
500,193.5,644,450,-0.93617,0.68138
500,200,644,450,-0.7673,0.70843
551,5,644,450,-0.24024,0.95348
551,11.5,644,450,-0.24024,0.95348
551,18,644,450,-0.22249,0.95416
551,24.5,644,450,-0.20314,0.9548
551,31,644,450,-0.17164,0.95531
551,37.5,644,450,-0.13436,0.95598
551,44,644,450,-0.08616,0.95672
551,50.5,644,450,-0.019365,0.95652
551,57,644,450,0.081363,0.95477
551,63.5,644,450,0.18223,0.95133
551,70,644,450,0.32469,0.94674
551,76.5,644,450,0.52778,0.93749
551,83,644,450,0.77432,0.92629
551,89.5,644,450,1.1102,0.91112
551,96,644,450,1.5275,0.89699
551,102.5,644,450,2.1616,0.88139
551,109,644,450,2.7176,0.32527
551,115.5,644,450,3.0817,0.61221
551,122,644,450,-2.7223,0.70605
551,128.5,644,450,-2.2585,0.79348
551,135,644,450,-1.8725,0.83526
551,141.5,644,450,-1.5445,0.80349
551,148,644,450,-1.2797,0.75466
551,154.5,644,450,-0.96591,0.63548
551,161,644,450,-0.99219,0.29065
551,167.5,644,450,-1.0455,0.37639
551,174,644,450,-1.1479,0.44868
551,180.5,644,450,-0.86556,0.76272
551,187,644,450,-0.66489,0.79514
551,193.5,644,450,-0.47725,0.79663
551,200,644,450,-0.28842,0.78191
602,5,644,450,-0.25242,0.95623
602,11.5,644,450,-0.25242,0.95623
602,18,644,450,-0.23321,0.95641
602,24.5,644,450,-0.21216,0.95648
602,31,644,450,-0.17834,0.95649
602,37.5,644,450,-0.13808,0.95654
602,44,644,450,-0.085702,0.9566
602,50.5,644,450,-0.013599,0.95595
602,57,644,450,0.095236,0.9543
602,63.5,644,450,0.20444,0.95133
602,70,644,450,0.35974,0.94793
602,76.5,644,450,0.58203,0.94236
602,83,644,450,0.85396,0.93442
602,89.5,644,450,1.2219,0.92133
602,96,644,450,1.668,0.90295
602,102.5,644,450,2.2937,0.88399
602,109,644,450,2.7693,0.69473
602,115.5,644,450,-2.8772,0.84729
602,122,644,450,-2.3775,0.88133
602,128.5,644,450,-1.9174,0.85205
602,135,644,450,-1.5739,0.74756
602,141.5,644,450,-1.3449,0.71841
602,148,644,450,-1.0698,0.73529
602,154.5,644,450,-0.71123,0.50387
602,161,644,450,-0.89122,0.50608
602,167.5,644,450,-0.84029,0.41223
602,174,644,450,-0.79098,0.79781
602,180.5,644,450,-0.45748,0.93291
602,187,644,450,-0.25635,0.94494
602,193.5,644,450,-0.056529,0.94283
602,200,644,450,0.1309,0.90086
653,5,644,450,-0.25581,0.96
653,11.5,644,450,-0.25581,0.96
653,18,644,450,-0.23532,0.95999
653,24.5,644,450,-0.21279,0.95982
653,31,644,450,-0.17677,0.95991
653,37.5,644,450,-0.13369,0.95996
653,44,644,450,-0.077267,0.96022
653,50.5,644,450,0.00024793,0.96032
653,57,644,450,0.11763,0.96018
653,63.5,644,450,0.23587,0.95878
653,70,644,450,0.40532,0.95773
653,76.5,644,450,0.6489,0.95457
653,83,644,450,0.9475,0.94641
653,89.5,644,450,1.3478,0.93108
653,96,644,450,1.8209,0.90786
653,102.5,644,450,2.4447,0.89067
653,109,644,450,3.0547,0.89169
653,115.5,644,450,-2.6012,0.88378
653,122,644,450,-2.1164,0.84018
653,128.5,644,450,-1.7486,0.71234
653,135,644,450,-1.4719,0.76995
653,141.5,644,450,-1.168,0.81102
653,148,644,450,-0.8762,0.79011
653,154.5,644,450,-0.67246,0.69658
653,161,644,450,-0.33208,0.57925
653,167.5,644,450,-0.50325,0.45001
653,174,644,450,-0.29456,0.7821
653,180.5,644,450,0.031932,0.85861
653,187,644,450,0.25491,0.81625
653,193.5,644,450,0.38746,0.69685
653,200,644,450,0.60511,0.81554
704,5,644,450,-0.25795,0.96132
704,11.5,644,450,-0.25795,0.96132
704,18,644,450,-0.23622,0.96156
704,24.5,644,450,-0.21212,0.96177
704,31,644,450,-0.17371,0.96243
704,37.5,644,450,-0.12764,0.96308
704,44,644,450,-0.066847,0.96417
704,50.5,644,450,0.016671,0.96544
704,57,644,450,0.1436,0.96669
704,63.5,644,450,0.27166,0.96607
704,70,644,450,0.45622,0.96525
704,76.5,644,450,0.7215,0.95994
704,83,644,450,1.0455,0.94752
704,89.5,644,450,1.4766,0.92742
704,96,644,450,1.9797,0.90453
704,102.5,644,450,2.6518,0.8785
704,109,644,450,-3.0503,0.87348
704,115.5,644,450,-2.4177,0.82077
704,122,644,450,-1.9781,0.74095
704,128.5,644,450,-1.6312,0.85482
704,135,644,450,-1.2116,0.88189
704,141.5,644,450,-0.85072,0.82188
704,148,644,450,-0.55383,0.69539
704,154.5,644,450,-0.24578,0.87656
704,161,644,450,0.12827,0.33643
704,167.5,644,450,-0.16943,0.40888
704,174,644,450,0.16836,0.58669
704,180.5,644,450,0.50845,0.48809
704,187,644,450,0.45384,0.33678
704,193.5,644,450,0.55931,0.7207
704,200,644,450,0.90121,0.9011
755,5,644,450,-0.26063,0.95907
755,11.5,644,450,-0.26063,0.95907
755,18,644,450,-0.23747,0.9597
755,24.5,644,450,-0.21154,0.96052
755,31,644,450,-0.17041,0.96171
755,37.5,644,450,-0.121,0.96296
755,44,644,450,-0.055398,0.96469
755,50.5,644,450,0.034589,0.96631
755,57,644,450,0.17137,0.96719
755,63.5,644,450,0.30929,0.96548
755,70,644,450,0.50833,0.96262
755,76.5,644,450,0.79357,0.95241
755,83,644,450,1.1396,0.9347
755,89.5,644,450,1.5996,0.91498
755,96,644,450,2.1403,0.89443
755,102.5,644,450,2.9179,0.79859
755,109,644,450,-2.9116,0.83598
755,115.5,644,450,-2.2719,0.75448
755,122,644,450,-1.8662,0.8652
755,128.5,644,450,-1.3147,0.84264
755,135,644,450,-0.88064,0.73111
755,141.5,644,450,-0.51378,0.56546
755,148,644,450,-0.31565,0.40532
755,154.5,644,450,0.11576,0.70788
755,161,644,450,0.26268,0.19437
755,167.5,644,450,0.25723,0.44364
755,174,644,450,0.71112,0.39703
755,180.5,644,450,0.75771,0.17362
755,187,644,450,0.52893,0.55804
755,193.5,644,450,1.053,0.89651
755,200,644,450,1.4215,0.94387
806,5,644,450,-0.26484,0.95537
806,11.5,644,450,-0.26484,0.95537
806,18,644,450,-0.24005,0.95627
806,24.5,644,450,-0.21203,0.95728
806,31,644,450,-0.16804,0.95848
806,37.5,644,450,-0.11512,0.95977
806,44,644,450,-0.044578,0.96131
806,50.5,644,450,0.051732,0.96221
806,57,644,450,0.19767,0.96129
806,63.5,644,450,0.3445,0.9577
806,70,644,450,0.5564,0.95268
806,76.5,644,450,0.85898,0.94057
806,83,644,450,1.2264,0.92602
806,89.5,644,450,1.7177,0.91072
806,96,644,450,2.3003,0.89167
806,102.5,644,450,-3.0871,0.69884
806,109,644,450,-2.7347,0.81368
806,115.5,644,450,-2.0999,0.64189
806,122,644,450,-1.5938,0.77278
806,128.5,644,450,-1.0386,0.6377
806,135,644,450,-0.58778,0.50986
806,141.5,644,450,-0.22014,0.36791
806,148,644,450,-0.013065,0.26151
806,154.5,644,450,0.54172,0.34432
806,161,644,450,0.39964,0.19586
806,167.5,644,450,1.0861,0.21835
806,174,644,450,1.0278,0.17381
806,180.5,644,450,0.68723,0.18562
806,187,644,450,1.1956,0.59642
806,193.5,644,450,1.71,0.68804
806,200,644,450,2.0932,0.60448
857,5,644,450,-0.27038,0.95368
857,11.5,644,450,-0.27038,0.95368
857,18,644,450,-0.24393,0.95459
857,24.5,644,450,-0.21391,0.95514
857,31,644,450,-0.16721,0.95581
857,37.5,644,450,-0.11091,0.95658
857,44,644,450,-0.035741,0.95735
857,50.5,644,450,0.066271,0.95702
857,57,644,450,0.22031,0.95495
857,63.5,644,450,0.37533,0.95138
857,70,644,450,0.59947,0.94654
857,76.5,644,450,0.91968,0.93764
857,83,644,450,1.312,0.9299
857,89.5,644,450,1.8384,0.92096
857,96,644,450,2.4625,0.89567
857,102.5,644,450,-2.8206,0.67428
857,109,644,450,-2.4652,0.75674
857,115.5,644,450,-2.0156,0.54626
857,122,644,450,-1.3753,0.63788
857,128.5,644,450,-0.74897,0.49715
857,135,644,450,-0.1968,0.38547
857,141.5,644,450,0.38417,0.25685
857,148,644,450,1.2097,0.080177
857,154.5,644,450,0.20276,0.065305
857,161,644,450,0.43942,0.13202
857,167.5,644,450,1.075,0.22229
857,174,644,450,1.6799,0.19829
857,180.5,644,450,1.3486,0.24474
857,187,644,450,1.9419,0.44165
857,193.5,644,450,2.4235,0.41305
857,200,644,450,2.4775,0.20254
908,5,644,450,-0.27567,0.95567
908,11.5,644,450,-0.27567,0.95567
908,18,644,450,-0.24774,0.95614
908,24.5,644,450,-0.21598,0.95609
908,31,644,450,-0.16686,0.9562
908,37.5,644,450,-0.10751,0.95641
908,44,644,450,-0.028115,0.95662
908,50.5,644,450,0.0792,0.95605
908,57,644,450,0.24128,0.9547
908,63.5,644,450,0.40481,0.95249
908,70,644,450,0.64216,0.95067
908,76.5,644,450,0.98285,0.94815
908,83,644,450,1.4036,0.94362
908,89.5,644,450,1.9678,0.93074
908,96,644,450,2.6272,0.90206
908,102.5,644,450,-2.5588,0.72606
908,109,644,450,-2.0518,0.59582
908,115.5,644,450,-1.8129,0.5278
908,122,644,450,-1.0851,0.56442
908,128.5,644,450,-0.2662,0.42349
908,135,644,450,0.63313,0.26212
908,141.5,644,450,1.8309,0.071787
908,148,644,450,-2.0055,0.034001
908,154.5,644,450,0.34981,0.15374
908,161,644,450,0.94281,0.26541
908,167.5,644,450,1.8019,0.3079
908,174,644,450,2.3979,0.20611
908,180.5,644,450,2.3635,0.41592
908,187,644,450,2.9543,0.49547
908,193.5,644,450,-2.6454,0.2913
908,200,644,450,3.0547,0.099284
959,5,644,450,-0.28801,0.9593
959,11.5,644,450,-0.28801,0.9593
959,18,644,450,-0.25866,0.95932
959,24.5,644,450,-0.22545,0.9593
959,31,644,450,-0.17412,0.95932
959,37.5,644,450,-0.11189,0.95945
959,44,644,450,-0.028379,0.95983
959,50.5,644,450,0.084439,0.96015
959,57,644,450,0.2555,0.96063
959,63.5,644,450,0.42844,0.9605
959,70,644,450,0.68095,0.9611
959,76.5,644,450,1.0451,0.95848
959,83,644,450,1.4935,0.94832
959,89.5,644,450,2.0892,0.9259
959,96,644,450,2.7847,0.89716
959,102.5,644,450,-2.3346,0.78147
959,109,644,450,-1.5893,0.37779
959,115.5,644,450,-1.4915,0.50126
959,122,644,450,-0.6054,0.50037
959,128.5,644,450,0.58686,0.30276
959,135,644,450,1.892,0.082088
959,141.5,644,450,-2.27,0.0053455
959,148,644,450,-0.025436,0.025764
959,154.5,644,450,1.5488,0.15356
959,161,644,450,1.8478,0.2175
959,167.5,644,450,2.5773,0.38112
959,174,644,450,3.0038,0.38661
959,180.5,644,450,-2.6941,0.57197
959,187,644,450,-2.1145,0.51754
959,193.5,644,450,-1.111,0.060347
959,200,644,450,2.8932,0.12351
1010,5,644,450,-0.29021,0.96115
1010,11.5,644,450,-0.29021,0.96115
1010,18,644,450,-0.25976,0.96153
1010,24.5,644,450,-0.22479,0.96182
1010,31,644,450,-0.17115,0.96229
1010,37.5,644,450,-0.10594,0.96286
1010,44,644,450,-0.018027,0.96396
1010,50.5,644,450,0.1009,0.96536
1010,57,644,450,0.28178,0.96696
1010,63.5,644,450,0.46498,0.96708
1010,70,644,450,0.73306,0.9659
1010,76.5,644,450,1.1185,0.9576
1010,83,644,450,1.5899,0.93919
1010,89.5,644,450,2.2143,0.91438
1010,96,644,450,2.9441,0.89458
1010,102.5,644,450,-2.1565,0.80431
1010,109,644,450,-1.1869,0.26521
1010,115.5,644,450,-0.99421,0.4633
1010,122,644,450,0.10259,0.37665
1010,128.5,644,450,1.5029,0.15481
1010,135,644,450,2.5665,0.010008
1010,141.5,644,450,1.1884,0.04367
1010,148,644,450,2.0859,0.14369
1010,154.5,644,450,2.9936,0.33516
1010,161,644,450,2.7996,0.15057
1010,167.5,644,450,-2.8558,0.39139
1010,174,644,450,-2.5509,0.49383
1010,180.5,644,450,-1.9487,0.55806
1010,187,644,450,-1.2626,0.40122
1010,193.5,644,450,-2.6774,0.0098513
1010,200,644,450,-2.1633,0.36865
1061,5,644,450,-0.29253,0.95988
1061,11.5,644,450,-0.29253,0.95988
1061,18,644,450,-0.26051,0.96058
1061,24.5,644,450,-0.22381,0.96125
1061,31,644,450,-0.16752,0.96232
1061,37.5,644,450,-0.09905,0.96345
1061,44,644,450,-0.0063502,0.96505
1061,50.5,644,450,0.11906,0.96657
1061,57,644,450,0.30986,0.96713
1061,63.5,644,450,0.50276,0.96539
1061,70,644,450,0.78464,0.95977
1061,76.5,644,450,1.1876,0.94581
1061,83,644,450,1.6789,0.92752
1061,89.5,644,450,2.3319,0.91133
1061,96,644,450,3.1004,0.8938
1061,102.5,644,450,-2.0377,0.82339
1061,109,644,450,-0.82148,0.26147
1061,115.5,644,450,-0.42018,0.41215
1061,122,644,450,0.76423,0.27037
1061,128.5,644,450,1.9289,0.082009
1061,135,644,450,1.5912,0.078999
1061,141.5,644,450,2.3311,0.29639
1061,148,644,450,3.0789,0.32733
1061,154.5,644,450,-2.555,0.48359
1061,161,644,450,-2.8127,0.21418
1061,167.5,644,450,-2.411,0.30094
1061,174,644,450,-2.0312,0.63875
1061,180.5,644,450,-1.421,0.56701
1061,187,644,450,-1.1702,0.1036
1061,193.5,644,450,-1.5735,0.50362
1061,200,644,450,-0.98884,0.66164
1112,5,644,450,-0.2966,0.9567
1112,11.5,644,450,-0.2966,0.9567
1112,18,644,450,-0.26269,0.95725
1112,24.5,644,450,-0.22408,0.95817
1112,31,644,450,-0.16495,0.95941
1112,37.5,644,450,-0.093023,0.96066
1112,44,644,450,0.0045381,0.96206
1112,50.5,644,450,0.13619,0.96265
1112,57,644,450,0.33588,0.96101
1112,63.5,644,450,0.53708,0.95712
1112,70,644,450,0.83092,0.9498
1112,76.5,644,450,1.2497,0.93747
1112,83,644,450,1.7639,0.92796
1112,89.5,644,450,2.4521,0.92081
1112,96,644,450,-3.0247,0.90042
1112,102.5,644,450,-1.9219,0.86333
1112,109,644,450,-0.52506,0.26986
1112,115.5,644,450,0.051525,0.42062
1112,122,644,450,1.2092,0.27445
1112,128.5,644,450,1.7499,0.13745
1112,135,644,450,2.2771,0.3398
1112,141.5,644,450,2.9687,0.44711
1112,148,644,450,-2.8181,0.3608
1112,154.5,644,450,-2.2839,0.57882
1112,161,644,450,-2.251,0.51683
1112,167.5,644,450,-1.9661,0.63926
1112,174,644,450,-1.4222,0.70754
1112,180.5,644,450,-1.1987,0.37343
1112,187,644,450,-1.0917,0.62891
1112,193.5,644,450,-0.66729,0.73588
1112,200,644,450,-0.091087,0.58952
1163,5,644,450,-0.30255,0.95686
1163,11.5,644,450,-0.30255,0.95686
1163,18,644,450,-0.26744,0.95768
1163,24.5,644,450,-0.22685,0.95854
1163,31,644,450,-0.16492,0.95929
1163,37.5,644,450,-0.089614,0.96009
1163,44,644,450,0.012518,0.96077
1163,50.5,644,450,0.14978,0.96025
1163,57,644,450,0.35742,0.95761
1163,63.5,644,450,0.56653,0.95367
1163,70,644,450,0.87247,0.94919
1163,76.5,644,450,1.3103,0.94343
1163,83,644,450,1.8526,0.94036
1163,89.5,644,450,2.5787,0.93034
1163,96,644,450,-2.864,0.90488
1163,102.5,644,450,-1.7285,0.83579
1163,109,644,450,-0.46067,0.2664
1163,115.5,644,450,0.4138,0.5526
1163,122,644,450,1.5582,0.34216
1163,128.5,644,450,2.0374,0.34474
1163,135,644,450,2.6983,0.49247
1163,141.5,644,450,-3.031,0.55844
1163,148,644,450,-2.6288,0.52863
1163,154.5,644,450,-2.1108,0.78076
1163,161,644,450,-1.6474,0.81185
1163,167.5,644,450,-1.2501,0.73048
1163,174,644,450,-1.0322,0.34707
1163,180.5,644,450,-1.0933,0.55199
1163,187,644,450,-0.62758,0.78358
1163,193.5,644,450,-0.19648,0.78697
1163,200,644,450,0.11413,0.38652
1214,5,644,450,-0.30825,0.95763
1214,11.5,644,450,-0.30825,0.95763
1214,18,644,450,-0.27154,0.95819
1214,24.5,644,450,-0.2291,0.95878
1214,31,644,450,-0.1647,0.95895
1214,37.5,644,450,-0.086253,0.95925
1214,44,644,450,0.020133,0.95952
1214,50.5,644,450,0.16269,0.95896
1214,57,644,450,0.37836,0.95757
1214,63.5,644,450,0.59613,0.95558
1214,70,644,450,0.91591,0.95548
1214,76.5,644,450,1.377,0.95472
1214,83,644,450,1.9488,0.9487
1214,89.5,644,450,2.7086,0.92747
1214,96,644,450,-2.6999,0.89939
1214,102.5,644,450,-1.4676,0.53754
1214,109,644,450,-0.53969,0.46741
1214,115.5,644,450,0.776,0.75017
1214,122,644,450,1.7815,0.33602
1214,128.5,644,450,2.294,0.51261
1214,135,644,450,2.9496,0.67401
1214,141.5,644,450,-2.7575,0.78381
1214,148,644,450,-2.2632,0.7328
1214,154.5,644,450,-1.8043,0.80379
1214,161,644,450,-1.3184,0.81603
1214,167.5,644,450,-0.79861,0.42077
1214,174,644,450,-0.81788,0.4771
1214,180.5,644,450,-0.69143,0.84341
1214,187,644,450,-0.23101,0.92736
1214,193.5,644,450,0.18803,0.90072
1214,200,644,450,0.56384,0.84411
1265,5,644,450,-0.31255,0.96102
1265,11.5,644,450,-0.31255,0.96102
1265,18,644,450,-0.27441,0.96129
1265,24.5,644,450,-0.23026,0.96156
1265,31,644,450,-0.16364,0.96156
1265,37.5,644,450,-0.082261,0.96171
1265,44,644,450,0.028328,0.96218
1265,50.5,644,450,0.17647,0.96262
1265,57,644,450,0.40124,0.96343
1265,63.5,644,450,0.62883,0.96372
1265,70,644,450,0.96489,0.96529
1265,76.5,644,450,1.4493,0.96061
1265,83,644,450,2.0462,0.94406
1265,89.5,644,450,2.8342,0.91737
1265,96,644,450,-2.5397,0.89226
1265,102.5,644,450,-1.4049,0.27937
1265,109,644,450,-0.28329,0.83576
1265,115.5,644,450,1.0954,0.79663
1265,122,644,450,1.7617,0.41963
1265,128.5,644,450,2.5271,0.7377
1265,135,644,450,-3.0216,0.8619
1265,141.5,644,450,-2.4004,0.77791
1265,148,644,450,-2.0233,0.71337
1265,154.5,644,450,-1.6669,0.68531
1265,161,644,450,-1.0427,0.88972
1265,167.5,644,450,-0.76123,0.687
1265,174,644,450,-0.24019,0.46746
1265,180.5,644,450,-0.17366,0.85595
1265,187,644,450,0.28483,0.86135
1265,193.5,644,450,0.61197,0.8496
1265,200,644,450,1.0071,0.84348
1316,5,644,450,-0.32469,0.96393
1316,11.5,644,450,-0.32469,0.96393
1316,18,644,450,-0.28527,0.96405
1316,24.5,644,450,-0.23947,0.96431
1316,31,644,450,-0.17053,0.96473
1316,37.5,644,450,-0.086175,0.96516
1316,44,644,450,0.028868,0.96623
1316,50.5,644,450,0.18321,0.96766
1316,57,644,450,0.41804,0.96939
1316,63.5,644,450,0.65639,0.96911
1316,70,644,450,1.0078,0.96683
1316,76.5,644,450,1.512,0.9543
1316,83,644,450,2.1284,0.93217
1316,89.5,644,450,2.9438,0.91229
1316,96,644,450,-2.3938,0.89373
1316,102.5,644,450,-1.3569,0.20832
1316,109,644,450,-0.046133,0.89684
1316,115.5,644,450,1.273,0.69691
1316,122,644,450,1.9082,0.73162
1316,128.5,644,450,2.8335,0.87294
1316,135,644,450,-2.7186,0.7549
1316,141.5,644,450,-2.273,0.60053
1316,148,644,450,-1.7818,0.85013
1316,154.5,644,450,-1.4318,0.57206
1316,161,644,450,-0.75455,0.89585
1316,167.5,644,450,-0.16804,0.80811
1316,174,644,450,0.2062,0.22474
1316,180.5,644,450,0.34257,0.58497
1316,187,644,450,0.6066,0.33278
1316,193.5,644,450,0.86851,0.87488
1316,200,644,450,1.3715,0.8896
1367,5,644,450,-0.32658,0.96362
1367,11.5,644,450,-0.32658,0.96362
1367,18,644,450,-0.28583,0.96388
1367,24.5,644,450,-0.23836,0.9644
1367,31,644,450,-0.16678,0.96541
1367,37.5,644,450,-0.079207,0.96637
1367,44,644,450,0.040598,0.96779
1367,50.5,644,450,0.20148,0.96929
1367,57,644,450,0.44604,0.9692
1367,63.5,644,450,0.69388,0.96632
1367,70,644,450,1.0582,0.95918
1367,76.5,644,450,1.5779,0.94318
1367,83,644,450,2.2147,0.92822
1367,89.5,644,450,3.0633,0.92067
1367,96,644,450,-2.2336,0.9017
1367,102.5,644,450,-1.1309,0.17765
1367,109,644,450,0.11008,0.8613
1367,115.5,644,450,1.28,0.70733
1367,122,644,450,2.2136,0.88636
1367,128.5,644,450,3.1101,0.74148
1367,135,644,450,-2.5722,0.56063
1367,141.5,644,450,-2.1089,0.79682
1367,148,644,450,-1.3903,0.71049
1367,154.5,644,450,-1.1763,0.41136
1367,161,644,450,-0.48117,0.57649
1367,167.5,644,450,0.31659,0.591
1367,174,644,450,0.27448,0.17579
1367,180.5,644,450,0.86289,0.32075
1367,187,644,450,0.52869,0.47203
1367,193.5,644,450,1.3463,0.94155
1367,200,644,450,1.8647,0.93544
1418,5,644,450,-0.32957,0.96049
1418,11.5,644,450,-0.32957,0.96049
1418,18,644,450,-0.28738,0.96119
1418,24.5,644,450,-0.23807,0.9619
1418,31,644,450,-0.16366,0.96299
1418,37.5,644,450,-0.072687,0.96416
1418,44,644,450,0.051914,0.96534
1418,50.5,644,450,0.21892,0.96564
1418,57,644,450,0.47218,0.96326
1418,63.5,644,450,0.72801,0.95838
1418,70,644,450,1.1033,0.95028
1418,76.5,644,450,1.6393,0.94034
1418,83,644,450,2.3023,0.9371
1418,89.5,644,450,-3.0928,0.92971
1418,96,644,450,-2.0684,0.90513
1418,102.5,644,450,-0.85555,0.17328
1418,109,644,450,0.25541,0.8284
1418,115.5,644,450,1.494,0.89458
1418,122,644,450,2.457,0.80046
1418,128.5,644,450,-2.9838,0.57385
1418,135,644,450,-2.4952,0.62076
1418,141.5,644,450,-1.6549,0.65715
1418,148,644,450,-1.1219,0.41608
1418,154.5,644,450,-0.86069,0.29629
1418,161,644,450,-0.24802,0.49628
1418,167.5,644,450,0.7991,0.35909
1418,174,644,450,0.89326,0.29834
1418,180.5,644,450,1.2109,0.13917
1418,187,644,450,1.2016,0.57361
1418,193.5,644,450,2.0124,0.67402
1418,200,644,450,2.2253,0.61183
1469,5,644,450,-0.3345,0.95766
1469,11.5,644,450,-0.3345,0.95766
1469,18,644,450,-0.29078,0.9585
1469,24.5,644,450,-0.23948,0.95936
1469,31,644,450,-0.16233,0.95981
1469,37.5,644,450,-0.067975,0.96069
1469,44,644,450,0.061162,0.96128
1469,50.5,644,450,0.23368,0.9606
1469,57,644,450,0.49463,0.95756
1469,63.5,644,450,0.75803,0.95343
1469,70,644,450,1.1454,0.95009
1469,76.5,644,450,1.7025,0.94911
1469,83,644,450,2.3965,0.94742
1469,89.5,644,450,-2.9627,0.92803
1469,96,644,450,-1.9051,0.89889
1469,102.5,644,450,-0.69703,0.24306
1469,109,644,450,0.46162,0.79901
1469,115.5,644,450,1.698,0.78346
1469,122,644,450,2.6559,0.69581
1469,128.5,644,450,-2.8022,0.40688
1469,135,644,450,-2.1026,0.56911
1469,141.5,644,450,-1.3012,0.41082
1469,148,644,450,-0.82164,0.27136
1469,154.5,644,450,-0.31668,0.2994
1469,161,644,450,0.5358,0.18181
1469,167.5,644,450,1.4343,0.086341
1469,174,644,450,0.99085,0.14526
1469,180.5,644,450,1.8422,0.10193
1469,187,644,450,1.9693,0.41032
1469,193.5,644,450,2.6659,0.24799
1469,200,644,450,2.6871,0.38426
