500,25,601,260,-0.1595,0.95693
500,30,601,260,-0.086635,0.9588
500,35,601,260,-0.0081963,0.96041
500,40,601,260,0.10785,0.96135
500,45,601,260,0.21093,0.96092
500,50,601,260,0.35824,0.96038
500,55,601,260,0.52079,0.95971
500,60,601,260,0.74472,0.95718
500,65,601,260,0.95713,0.9566
500,70,601,260,1.2263,0.96038
500,75,601,260,1.4956,0.96133
500,80,601,260,1.8209,0.961
500,85,601,260,2.2118,0.96408
500,90,601,260,2.6002,0.96686
500,95,601,260,2.9465,0.96815
500,100,601,260,-2.9488,0.97244
500,105,601,260,-2.56,0.96648
500,110,601,260,-2.162,0.93879
500,115,601,260,-1.8025,0.89874
500,120,601,260,-1.4215,0.8376
500,125,601,260,-1.0732,0.79485
500,130,601,260,-0.64861,0.78221
500,135,601,260,-0.21985,0.81521
500,140,601,260,-0.048876,0.84299
500,145,601,260,0.17056,0.88863
500,150,601,260,0.306,0.91145
510,25,601,260,-0.17093,0.95546
510,30,601,260,-0.096985,0.95698
510,35,601,260,-0.016998,0.95819
510,40,601,260,0.10084,0.9588
510,45,601,260,0.20539,0.95828
510,50,601,260,0.35508,0.95773
510,55,601,260,0.52071,0.95752
510,60,601,260,0.74839,0.95607
510,65,601,260,0.96473,0.95703
510,70,601,260,1.2404,0.96252
510,75,601,260,1.5157,0.96467
510,80,601,260,1.8483,0.96535
510,85,601,260,2.2484,0.96895
510,90,601,260,2.6455,0.97022
510,95,601,260,3.0013,0.97008
510,100,601,260,-2.8852,0.9715
510,105,601,260,-2.4888,0.95576
510,110,601,260,-2.0883,0.91884
510,115,601,260,-1.728,0.87513
510,120,601,260,-1.3491,0.81621
510,125,601,260,-1.0015,0.78636
510,130,601,260,-0.56974,0.79972
510,135,601,260,-0.11891,0.85774
510,140,601,260,0.064001,0.88862
510,145,601,260,0.30101,0.93266
510,150,601,260,0.45428,0.94483
520,25,601,260,-0.16477,0.95617
520,30,601,260,-0.089492,0.9574
520,35,601,260,-0.0080543,0.95834
520,40,601,260,0.11184,0.95876
520,45,601,260,0.21823,0.95824
520,50,601,260,0.37051,0.95784
520,55,601,260,0.53923,0.95829
520,60,601,260,0.77132,0.95794
520,65,601,260,0.99238,0.96036
520,70,601,260,1.2747,0.96747
520,75,601,260,1.5565,0.97054
520,80,601,260,1.8966,0.97239
520,85,601,260,2.307,0.97594
520,90,601,260,2.715,0.9772
520,95,601,260,3.0793,0.97281
520,100,601,260,-2.7979,0.96658
520,105,601,260,-2.3942,0.94463
520,110,601,260,-1.9918,0.89682
520,115,601,260,-1.6322,0.85604
520,120,601,260,-1.2546,0.81024
520,125,601,260,-0.9046,0.79736
520,130,601,260,-0.45393,0.83396
520,135,601,260,0.029661,0.90736
520,140,601,260,0.22786,0.93689
520,145,601,260,0.48211,0.95968
520,150,601,260,0.6403,0.94769
530,25,601,260,-0.17476,0.95498
530,30,601,260,-0.09847,0.95591
530,35,601,260,-0.015558,0.95657
530,40,601,260,0.1061,0.9569
530,45,601,260,0.21397,0.95654
530,50,601,260,0.36867,0.95648
530,55,601,260,0.54063,0.95776
530,60,601,260,0.77679,0.95881
530,65,601,260,1.0022,0.9629
530,70,601,260,1.2915,0.97086
530,75,601,260,1.5796,0.97443
530,80,601,260,1.9273,0.97655
530,85,601,260,2.3464,0.97792
530,90,601,260,2.764,0.97651
530,95,601,260,3.1349,0.96861
530,100,601,260,-2.7346,0.95312
530,105,601,260,-2.3267,0.92706
530,110,601,260,-1.9236,0.8776
530,115,601,260,-1.5631,0.84197
530,120,601,260,-1.1865,0.80779
530,125,601,260,-0.82883,0.81525
530,130,601,260,-0.35656,0.87251
530,135,601,260,0.15649,0.94138
530,140,601,260,0.3655,0.95447
530,145,601,260,0.62822,0.9495
530,150,601,260,0.79133,0.91754
540,25,601,260,-0.16947,0.95597
540,30,601,260,-0.091915,0.95667
540,35,601,260,-0.0076054,0.95717
540,40,601,260,0.11608,0.95753
540,45,601,260,0.22582,0.95738
540,50,601,260,0.38317,0.95773
540,55,601,260,0.55843,0.95992
540,60,601,260,0.79932,0.96226
540,65,601,260,1.0299,0.96764
540,70,601,260,1.3261,0.97639
540,75,601,260,1.6209,0.98022
540,80,601,260,1.9766,0.98203
540,85,601,260,2.4056,0.98201
540,90,601,260,2.8315,0.97533
540,95,601,260,-3.0728,0.96444
540,100,601,260,-2.6518,0.94116
540,105,601,260,-2.2401,0.91057
540,110,601,260,-1.837,0.86439
540,115,601,260,-1.4742,0.83455
540,120,601,260,-1.0925,0.82582
540,125,601,260,-0.71953,0.84937
540,130,601,260,-0.22214,0.91447
540,135,601,260,0.32229,0.95813
540,140,601,260,0.53933,0.94882
540,145,601,260,0.80081,0.9067
540,150,601,260,0.97949,0.89059
550,25,601,260,-0.15575,0.95714
550,30,601,260,-0.076955,0.95765
550,35,601,260,0.0087416,0.95807
550,40,601,260,0.13446,0.95858
550,45,601,260,0.24609,0.95874
550,50,601,260,0.40615,0.95961
550,55,601,260,0.5848,0.96275
550,60,601,260,0.83058,0.96635
550,65,601,260,1.0664,0.97278
550,70,601,260,1.3697,0.98179
550,75,601,260,1.6712,0.98537
550,80,601,260,2.035,0.98649
550,85,601,260,2.4734,0.98374
550,90,601,260,2.9087,0.97381
550,95,601,260,-2.989,0.95697
550,100,601,260,-2.5629,0.93029
550,105,601,260,-2.1489,0.89418
550,110,601,260,-1.7443,0.85658
550,115,601,260,-1.3776,0.84123
550,120,601,260,-0.98435,0.84786
550,125,601,260,-0.59427,0.88962
550,130,601,260,-0.066676,0.94799
550,135,601,260,0.4973,0.94549
550,140,601,260,0.71429,0.91371
550,145,601,260,0.9695,0.8548
550,150,601,260,1.4305,0.4035
560,25,601,260,-0.16666,0.95633
560,30,601,260,-0.086918,0.95671
560,35,601,260,0.0001986,0.9571
560,40,601,260,0.12771,0.95789
560,45,601,260,0.24094,0.9585
560,50,601,260,0.40361,0.96006
560,55,601,260,0.58586,0.9642
560,60,601,260,0.83629,0.96907
560,65,601,260,1.077,0.97615
560,70,601,260,1.3874,0.98452
560,75,601,260,1.6952,0.98714
560,80,601,260,2.0664,0.98667
560,85,601,260,2.5128,0.97888
560,90,601,260,2.9556,0.96565
560,95,601,260,-2.9381,0.94856
560,100,601,260,-2.5087,0.91532
560,105,601,260,-2.0899,0.88167
560,110,601,260,-1.684,0.85498
560,115,601,260,-1.31,0.84907
560,120,601,260,-0.90584,0.87341
560,125,601,260,-0.49878,0.92219
560,130,601,260,0.054121,0.96067
560,135,601,260,0.62442,0.9113
560,140,601,260,0.83511,0.8645
560,145,601,260,1.0804,0.80147
560,150,601,260,1.2059,0.73972
570,25,601,260,-0.16146,0.95773
570,30,601,260,-0.080513,0.95804
570,35,601,260,0.0079872,0.95849
570,40,601,260,0.1376,0.95961
570,45,601,260,0.25281,0.96065
570,50,601,260,0.41835,0.96284
570,55,601,260,0.60425,0.96787
570,60,601,260,0.8599,0.97395
570,65,601,260,1.1061,0.98113
570,70,601,260,1.4235,0.98851
570,75,601,260,1.7379,0.98998
570,80,601,260,2.1166,0.98726
570,85,601,260,2.5714,0.97604
570,90,601,260,3.0203,0.95866
570,95,601,260,-2.8667,0.93878
570,100,601,260,-2.4335,0.90663
570,105,601,260,-2.0104,0.87839
570,110,601,260,-1.6018,0.8627
570,115,601,260,-1.2156,0.87067
570,120,601,260,-0.79307,0.90852
570,125,601,260,-0.36348,0.95015
570,130,601,260,0.20603,0.95323
570,135,601,260,0.77137,0.8634
570,140,601,260,0.9738,0.81462
570,145,601,260,1.2075,0.75764
570,150,601,260,1.3333,0.72009
580,25,601,260,-0.17078,0.95716
580,30,601,260,-0.088889,0.95751
580,35,601,260,0.0010431,0.95812
580,40,601,260,0.13254,0.95973
580,45,601,260,0.24946,0.96131
580,50,601,260,0.41779,0.96426
580,55,601,260,0.60752,0.97009
580,60,601,260,0.86813,0.97686
580,65,601,260,1.1193,0.9838
580,70,601,260,1.4436,0.98935
580,75,601,260,1.7639,0.98902
580,80,601,260,2.1493,0.984
580,85,601,260,2.6109,0.97042
580,90,601,260,3.0661,0.95059
580,95,601,260,-2.8157,0.93094
580,100,601,260,-2.3796,0.89907
580,105,601,260,-1.9531,0.87442
580,110,601,260,-1.5359,0.87402
580,115,601,260,-1.1415,0.89373
580,120,601,260,-0.70089,0.93623
580,125,601,260,-0.25169,0.96362
580,130,601,260,0.32334,0.92319
580,135,601,260,0.87705,0.81639
580,140,601,260,1.0721,0.77355
580,145,601,260,1.2974,0.7329
580,150,601,260,1.4239,0.71127
590,25,601,260,-0.16503,0.95862
590,30,601,260,-0.081934,0.95903
590,35,601,260,0.0094173,0.95985
590,40,601,260,0.14311,0.96193
590,45,601,260,0.26213,0.96399
590,50,601,260,0.43349,0.96756
590,55,601,260,0.62707,0.97399
590,60,601,260,0.89307,0.98112
590,65,601,260,1.1497,0.98747
590,70,601,260,1.4806,0.99096
590,75,601,260,1.807,0.98882
590,80,601,260,2.1995,0.9812
590,85,601,260,2.6684,0.96481
590,90,601,260,3.1304,0.9422
590,95,601,260,-2.7478,0.92437
590,100,601,260,-2.3074,0.89442
590,105,601,260,-1.8742,0.8821
590,110,601,260,-1.4471,0.89201
590,115,601,260,-1.0366,0.92096
590,120,601,260,-0.57457,0.96009
590,125,601,260,-0.11308,0.96061
590,130,601,260,0.46216,0.88476
590,135,601,260,0.99767,0.77848
590,140,601,260,1.1883,0.74844
590,145,601,260,1.4106,0.72802
590,150,601,260,1.5387,0.72647
600,25,601,260,-0.15979,0.96015
600,30,601,260,-0.075481,0.96067
600,35,601,260,0.017304,0.96174
600,40,601,260,0.15323,0.96432
600,45,601,260,0.2744,0.96682
600,50,601,260,0.44886,0.9709
600,55,601,260,0.64636,0.9777
600,60,601,260,0.91785,0.9849
600,65,601,260,1.1799,0.99024
600,70,601,260,1.5171,0.99133
600,75,601,260,1.8494,0.98725
600,80,601,260,2.2484,0.9771
600,85,601,260,2.7241,0.95874
600,90,601,260,-3.092,0.93632
600,95,601,260,-2.6802,0.9201
600,100,601,260,-2.2344,0.89792
600,105,601,260,-1.7954,0.89356
600,110,601,260,-1.3529,0.9173
600,115,601,260,-0.92624,0.94338
600,120,601,260,-0.44598,0.96668
600,125,601,260,0.023284,0.93554
600,130,601,260,0.58747,0.8423
600,135,601,260,1.1109,0.75857
600,140,601,260,1.3002,0.74177
600,145,601,260,1.5231,0.74602
600,150,601,260,1.658,0.75621
