500,25,679,260,-0.12646,0.9629
500,30,679,260,-0.064366,0.96603
500,35,679,260,0.0015685,0.96939
500,40,679,260,0.09704,0.97284
500,45,679,260,0.182,0.97453
500,50,679,260,0.30206,0.97636
500,55,679,260,0.43407,0.97698
500,60,679,260,0.61119,0.97481
500,65,679,260,0.77672,0.97113
500,70,679,260,0.98074,0.96647
500,75,679,260,1.1852,0.96166
500,80,679,260,1.4358,0.95408
500,85,679,260,1.7344,0.94751
500,90,679,260,2.0319,0.93788
500,95,679,260,2.3066,0.92989
500,100,679,260,2.6295,0.91832
500,105,679,260,2.9594,0.91288
500,110,679,260,-2.9852,0.92038
500,115,679,260,-2.6546,0.9346
500,120,679,260,-2.2762,0.96028
500,125,679,260,-1.8856,0.97012
500,130,679,260,-1.3868,0.93134
500,135,679,260,-0.91511,0.84045
500,140,679,260,-0.74336,0.79874
500,145,679,260,-0.54773,0.74922
500,150,679,260,-0.43223,0.72574
510,25,679,260,-0.13533,0.96134
510,30,679,260,-0.072147,0.96435
510,35,679,260,-0.0046834,0.96746
510,40,679,260,0.092551,0.97046
510,45,679,260,0.17891,0.97174
510,50,679,260,0.30113,0.973
510,55,679,260,0.43571,0.97295
510,60,679,260,0.61559,0.97012
510,65,679,260,0.78358,0.96624
510,70,679,260,0.9914,0.96187
510,75,679,260,1.1995,0.95753
510,80,679,260,1.4543,0.95042
510,85,679,260,1.7593,0.94514
510,90,679,260,2.0617,0.93722
510,95,679,260,2.3421,0.93297
510,100,679,260,2.6705,0.92275
510,105,679,260,3.0085,0.92318
510,110,679,260,-2.9271,0.93459
510,115,679,260,-2.5852,0.94958
510,120,679,260,-2.1925,0.96928
510,125,679,260,-1.7921,0.96084
510,130,679,260,-1.2909,0.89769
510,135,679,260,-0.82746,0.80061
510,140,679,260,-0.66012,0.76355
510,145,679,260,-0.47021,0.72571
510,150,679,260,-0.35595,0.71009
520,25,679,260,-0.12915,0.96124
520,30,679,260,-0.064671,0.96409
520,35,679,260,0.0041942,0.96695
520,40,679,260,0.10333,0.96953
520,45,679,260,0.19135,0.97041
520,50,679,260,0.31577,0.97118
520,55,679,260,0.45275,0.97068
520,60,679,260,0.63576,0.96741
520,65,679,260,0.80669,0.96351
520,70,679,260,1.0182,0.95983
520,75,679,260,1.2302,0.95593
520,80,679,260,1.4897,0.94999
520,85,679,260,1.801,0.946
520,90,679,260,2.1101,0.94132
520,95,679,260,2.3964,0.937
520,100,679,260,2.7317,0.93245
520,105,679,260,3.0783,0.93504
520,110,679,260,-2.8453,0.95064
520,115,679,260,-2.4914,0.96327
520,120,679,260,-2.0847,0.96946
520,125,679,260,-1.6772,0.94114
520,130,679,260,-1.1786,0.8612
520,135,679,260,-0.72429,0.77044
520,140,679,260,-0.56035,0.74291
520,145,679,260,-0.37214,0.72044
520,150,679,260,-0.25707,0.71438
530,25,679,260,-0.1371,0.95967
530,30,679,260,-0.071556,0.96228
530,35,679,260,-0.0012337,0.96478
530,40,679,260,0.099572,0.96686
530,45,679,260,0.18891,0.96736
530,50,679,260,0.31537,0.96762
530,55,679,260,0.45479,0.96669
530,60,679,260,0.64046,0.96319
530,65,679,260,0.81398,0.95959
530,70,679,260,1.0293,0.95679
530,75,679,260,1.245,0.95379
530,80,679,260,1.5091,0.94892
530,85,679,260,1.8259,0.94752
530,90,679,260,2.1419,0.94334
530,95,679,260,2.434,0.94161
530,100,679,260,2.7771,0.9404
530,105,679,260,3.1328,0.94615
530,110,679,260,-2.7805,0.96184
530,115,679,260,-2.4165,0.96807
530,120,679,260,-2.0004,0.95715
530,125,679,260,-1.589,0.91311
530,130,679,260,-1.0964,0.82704
530,135,679,260,-0.64936,0.75085
530,140,679,260,-0.48623,0.73305
530,145,679,260,-0.29694,0.72662
530,150,679,260,-0.17888,0.73028
540,25,679,260,-0.13173,0.95953
540,30,679,260,-0.064948,0.9619
540,35,679,260,0.006716,0.96411
540,40,679,260,0.10933,0.96576
540,45,679,260,0.20022,0.96591
540,50,679,260,0.32879,0.9658
540,55,679,260,0.47053,0.96467
540,60,679,260,0.65924,0.96112
540,65,679,260,0.83572,0.95795
540,70,679,260,1.0549,0.95635
540,75,679,260,1.2748,0.95422
540,80,679,260,1.5437,0.9507
540,85,679,260,1.8679,0.95052
540,90,679,260,2.1901,0.94993
540,95,679,260,2.4894,0.95046
540,100,679,260,2.8408,0.95183
540,105,679,260,-3.0772,0.95859
540,110,679,260,-2.6953,0.97073
540,115,679,260,-2.3213,0.96742
540,120,679,260,-1.8974,0.9389
540,125,679,260,-1.4868,0.88233
540,130,679,260,-0.99964,0.80012
540,135,679,260,-0.55601,0.74639
540,140,679,260,-0.39068,0.74186
540,145,679,260,-0.19488,0.75288
540,150,679,260,-0.07044,0.76751
550,25,679,260,-0.12078,0.95943
550,30,679,260,-0.052766,0.96154
550,35,679,260,0.020212,0.96343
550,40,679,260,0.12459,0.96469
550,45,679,260,0.21703,0.96456
550,50,679,260,0.34768,0.96416
550,55,679,260,0.49171,0.963
550,60,679,260,0.68348,0.95962
550,65,679,260,0.86297,0.95707
550,70,679,260,1.0862,0.95682
550,75,679,260,1.3102,0.95571
550,80,679,260,1.5844,0.95368
550,85,679,260,1.9156,0.95517
550,90,679,260,2.2457,0.95657
550,95,679,260,2.5511,0.9573
550,100,679,260,2.911,0.96249
550,105,679,260,-2.9969,0.96775
550,110,679,260,-2.6024,0.9732
550,115,679,260,-2.2209,0.95983
550,120,679,260,-1.7941,0.91441
550,125,679,260,-1.3848,0.85206
550,130,679,260,-0.90302,0.78384
550,135,679,260,-0.45633,0.75683
550,140,679,260,-0.28533,0.76536
550,145,679,260,-0.078339,0.7939
550,150,679,260,0.055131,0.81735
560,25,679,260,-0.12945,0.95793
560,30,679,260,-0.060462,0.95974
560,35,679,260,0.013861,0.96125
560,40,679,260,0.11976,0.9621
560,45,679,260,0.21341,0.96173
560,50,679,260,0.34596,0.96109
560,55,679,260,0.49235,0.95997
560,60,679,260,0.68677,0.95704
560,65,679,260,0.86892,0.95539
560,70,679,260,1.0965,0.95659
560,75,679,260,1.3247,0.95673
560,80,679,260,1.604,0.95613
560,85,679,260,1.9419,0.95943
560,90,679,260,2.279,0.96154
560,95,679,260,2.5914,0.96446
560,100,679,260,2.96,0.96784
560,105,679,260,-2.9383,0.97166
560,110,679,260,-2.5368,0.96774
560,115,679,260,-2.1482,0.94459
560,120,679,260,-1.7214,0.88839
560,125,679,260,-1.3164,0.82714
560,130,679,260,-0.83553,0.77583
560,135,679,260,-0.38108,0.7757
560,140,679,260,-0.20258,0.79558
560,145,679,260,0.018277,0.83819
560,150,679,260,0.16195,0.86686
570,25,679,260,-0.12453,0.95801
570,30,679,260,-0.054377,0.95954
570,35,679,260,0.021192,0.96077
570,40,679,260,0.12878,0.96132
570,45,679,260,0.2239,0.96079
570,50,679,260,0.35847,0.96005
570,55,679,260,0.50716,0.95919
570,60,679,260,0.70484,0.95683
570,65,679,260,0.89003,0.95616
570,70,679,260,1.122,0.9589
570,75,679,260,1.3546,0.96012
570,80,679,260,1.6394,0.96097
570,85,679,260,1.9849,0.96556
570,90,679,260,2.3298,0.96944
570,95,679,260,2.6501,0.97109
570,100,679,260,3.0278,0.97479
570,105,679,260,-2.8623,0.97432
570,110,679,260,-2.452,0.95924
570,115,679,260,-2.0603,0.92671
570,120,679,260,-1.6344,0.86543
570,125,679,260,-1.2313,0.81058
570,130,679,260,-0.74766,0.78137
570,135,679,260,-0.27662,0.81115
570,140,679,260,-0.086439,0.84152
570,145,679,260,0.15327,0.8916
570,150,679,260,0.30901,0.91924
580,25,679,260,-0.13234,0.95663
580,30,679,260,-0.061255,0.95786
580,35,679,260,0.015593,0.95877
580,40,679,260,0.12464,0.95908
580,45,679,260,0.22095,0.95849
580,50,679,260,0.3574,0.95778
580,55,679,260,0.5085,0.95733
580,60,679,260,0.70897,0.95578
580,65,679,260,0.89707,0.9563
580,70,679,260,1.1338,0.96053
580,75,679,260,1.3708,0.96287
580,80,679,260,1.6612,0.96504
580,85,679,260,2.0137,0.96956
580,90,679,260,2.3667,0.97314
580,95,679,260,2.6927,0.97411
580,100,679,260,3.079,0.97587
580,105,679,260,-2.8023,0.97129
580,110,679,260,-2.387,0.94451
580,115,679,260,-1.9928,0.90607
580,120,679,260,-1.57,0.84527
580,125,679,260,-1.168,0.80065
580,130,679,260,-0.67744,0.79519
580,135,679,260,-0.18586,0.84906
580,140,679,260,0.017353,0.88473
580,145,679,260,0.27474,0.9318
580,150,679,260,0.44059,0.95009
590,25,679,260,-0.12731,0.95691
590,30,679,260,-0.055119,0.95789
590,35,679,260,0.02292,0.95858
590,40,679,260,0.1336,0.95873
590,45,679,260,0.23136,0.95815
590,50,679,260,0.36982,0.95756
590,55,679,260,0.52331,0.95766
590,60,679,260,0.72705,0.95702
590,65,679,260,0.91858,0.95867
590,70,679,260,1.16,0.9643
590,75,679,260,1.4018,0.9676
590,80,679,260,1.6981,0.97074
590,85,679,260,2.0583,0.97587
590,90,679,260,2.4198,0.97888
590,95,679,260,2.7528,0.97938
590,100,679,260,-3.1355,0.97742
590,105,679,260,-2.7262,0.96381
590,110,679,260,-2.3064,0.92971
590,115,679,260,-1.9116,0.8889
590,120,679,260,-1.4899,0.8309
590,125,679,260,-1.086,0.80244
590,130,679,260,-0.58192,0.82186
590,135,679,260,-0.061523,0.89523
590,140,679,260,0.15628,0.92838
590,145,679,260,0.43106,0.95738
590,150,679,260,0.60433,0.9577
600,25,679,260,-0.12273,0.95734
600,30,679,260,-0.049462,0.9581
600,35,679,260,0.029753,0.95862
600,40,679,260,0.14205,0.95874
600,45,679,260,0.24127,0.95826
600,50,679,260,0.38177,0.95793
600,55,679,260,0.5377,0.95871
600,60,679,260,0.74484,0.95896
600,65,679,260,0.93993,0.96178
600,70,679,260,1.1863,0.96866
600,75,679,260,1.433,0.97272
600,80,679,260,1.7353,0.97655
600,85,679,260,2.1034,0.9814
600,90,679,260,2.4721,0.98291
600,95,679,260,2.8129,0.98062
600,100,679,260,-3.0671,0.97401
600,105,679,260,-2.6526,0.95538
600,110,679,260,-2.2296,0.91428
600,115,679,260,-1.8334,0.87358
600,120,679,260,-1.4123,0.82555
600,125,679,260,-1.0033,0.81396
600,130,679,260,-0.47959,0.85745
600,135,679,260,0.073023,0.93496
600,140,679,260,0.30389,0.95536
600,145,679,260,0.58977,0.9547
600,150,679,260,0.76514,0.93459
