500,5,684,450,-0.21379,0.95755
500,11.5,684,450,-0.21379,0.95755
500,18,684,450,-0.19882,0.95851
500,24.5,684,450,-0.18296,0.95967
500,31,684,450,-0.1568,0.96122
500,37.5,684,450,-0.12646,0.96308
500,44,684,450,-0.087912,0.96541
500,50.5,684,450,-0.034806,0.96822
500,57,684,450,0.043352,0.97165
500,63.5,684,450,0.11985,0.97428
500,70,684,450,0.22521,0.97759
500,76.5,684,450,0.36937,0.97914
500,83,684,450,0.5346,0.97941
500,89.5,684,450,0.74979,0.97742
500,96,684,450,1.0042,0.97363
500,102.5,684,450,1.3674,0.97128
500,109,684,450,1.797,0.9718
500,115.5,684,450,2.4664,0.95681
500,122,684,450,-2.4886,0.2768
500,128.5,684,450,2.3405,0.34887
500,135,684,450,2.9877,0.57141
500,141.5,684,450,-2.8783,0.64319
500,148,684,450,-2.5478,0.69205
500,154.5,684,450,-2.2662,0.73683
500,161,684,450,-1.987,0.77066
500,167.5,684,450,-1.125,0.26654
500,174,684,450,-1.6914,0.88441
500,180.5,684,450,-1.4267,0.88998
500,187,684,450,-1.1644,0.87424
500,193.5,684,450,-0.63343,0.69963
500,200,684,450,-2.4951,0.11167
551,5,684,450,-0.2174,0.95501
551,11.5,684,450,-0.2174,0.95501
551,18,684,450,-0.20083,0.95592
551,24.5,684,450,-0.1831,0.95707
551,31,684,450,-0.15436,0.95824
551,37.5,684,450,-0.12081,0.95974
551,44,684,450,-0.077862,0.96148
551,50.5,684,450,-0.019295,0.96325
551,57,684,450,0.066634,0.96511
551,63.5,684,450,0.15052,0.96652
551,70,684,450,0.26654,0.96734
551,76.5,684,450,0.4252,0.96699
551,83,684,450,0.60724,0.96676
551,89.5,684,450,0.84488,0.96591
551,96,684,450,1.1266,0.96733
551,102.5,684,450,1.526,0.9717
551,109,684,450,1.9886,0.98137
551,115.5,684,450,2.6757,0.98993
551,122,684,450,1.6408,0.010362
551,128.5,684,450,3.0341,0.70728
551,135,684,450,-2.7488,0.80361
551,141.5,684,450,-2.3792,0.84903
551,148,684,450,-2.0667,0.89061
551,154.5,684,450,-1.79,0.92514
551,161,684,450,-1.5062,0.94484
551,167.5,684,450,-1.4043,0.96709
551,174,684,450,-1.0375,0.95897
551,180.5,684,450,-0.53013,0.82769
551,187,684,450,-2.4525,0.00011918
551,193.5,684,450,-1.3852,0.56073
551,200,684,450,-1.0047,0.71402
602,5,684,450,-0.2278,0.955
602,11.5,684,450,-0.2278,0.955
602,18,684,450,-0.20972,0.9556
602,24.5,684,450,-0.19019,0.9564
602,31,684,450,-0.15914,0.95695
602,37.5,684,450,-0.12269,0.95775
602,44,684,450,-0.075744,0.9586
602,50.5,684,450,-0.012302,0.95936
602,57,684,450,0.080603,0.96012
602,63.5,684,450,0.17138,0.96105
602,70,684,450,0.29753,0.96201
602,76.5,684,450,0.46997,0.96278
602,83,684,450,0.66952,0.96621
602,89.5,684,450,0.93093,0.97005
602,96,684,450,1.2423,0.97673
602,102.5,684,450,1.6767,0.98057
602,109,684,450,2.1602,0.97767
602,115.5,684,450,2.8149,0.9906
602,122,684,450,2.8739,0.79775
602,128.5,684,450,-2.7677,0.9125
602,135,684,450,-2.3354,0.94713
602,141.5,684,450,-1.9767,0.9715
602,148,684,450,-1.6638,0.98559
602,154.5,684,450,-1.3736,0.98347
602,161,684,450,-1.0175,0.9766
602,167.5,684,450,-0.76766,0.96921
602,174,684,450,0.51386,0.16685
602,180.5,684,450,-1.0335,0.52769
602,187,684,450,-1.7187,0.78802
602,193.5,684,450,-0.72554,0.87006
602,200,684,450,-0.5005,0.86554
653,5,684,450,-0.23199,0.95761
653,11.5,684,450,-0.23199,0.95761
653,18,684,450,-0.21264,0.95786
653,24.5,684,450,-0.19149,0.95824
653,31,684,450,-0.15837,0.95846
653,37.5,684,450,-0.1193,0.95882
653,44,684,450,-0.068729,0.95925
653,50.5,684,450,-0.00072087,0.95993
653,57,684,450,0.099065,0.96126
653,63.5,684,450,0.19674,0.96303
653,70,684,450,0.33343,0.96599
653,76.5,684,450,0.52123,0.9705
653,83,684,450,0.74055,0.97791
653,89.5,684,450,1.0286,0.98495
653,96,684,450,1.3706,0.98998
653,102.5,684,450,1.8374,0.98467
653,109,684,450,2.3345,0.97055
653,115.5,684,450,2.9159,0.96201
653,122,684,450,-2.9383,0.95927
653,128.5,684,450,-2.4471,0.97787
653,135,684,450,-2.031,0.98252
653,141.5,684,450,-1.6665,0.98104
653,148,684,450,-1.3299,0.97162
653,154.5,684,450,-0.77892,0.89798
653,161,684,450,-0.97951,0.92692
653,167.5,684,450,-0.026357,0.70606
653,174,684,450,-0.71813,0.79943
653,180.5,684,450,-0.079749,0.6071
653,187,684,450,-0.56985,0.96089
653,193.5,684,450,-0.2169,0.96258
653,200,684,450,0.01244,0.9917
704,5,684,450,-0.23492,0.96082
704,11.5,684,450,-0.23492,0.96082
704,18,684,450,-0.21442,0.96091
704,24.5,684,450,-0.19183,0.96112
704,31,684,450,-0.15666,0.96155
704,37.5,684,450,-0.11505,0.96209
704,44,684,450,-0.060845,0.96292
704,50.5,684,450,0.011975,0.96451
704,57,684,450,0.11918,0.96741
704,63.5,684,450,0.22455,0.97075
704,70,684,450,0.37306,0.97589
704,76.5,684,450,0.57804,0.98264
704,83,684,450,0.8185,0.98963
704,89.5,684,450,1.1339,0.99314
704,96,684,450,1.5036,0.99069
704,102.5,684,450,1.9995,0.97918
704,109,684,450,2.5192,0.96761
704,115.5,684,450,-2.9616,0.83607
704,122,684,450,-2.7134,0.98038
704,128.5,684,450,-2.2181,0.97961
704,135,684,450,-1.8001,0.96955
704,141.5,684,450,-1.4065,0.95449
704,148,684,450,-1.6274,0.78984
704,154.5,684,450,-0.97608,0.95656
704,161,684,450,-0.65514,0.96192
704,167.5,684,450,-0.47302,0.97154
704,174,684,450,-0.10661,0.9808
704,180.5,684,450,-1.1839,0.058957
704,187,684,450,-0.036949,0.81848
704,193.5,684,450,0.2842,0.84727
704,200,684,450,0.54916,0.81795
755,5,684,450,-0.23688,0.96192
755,11.5,684,450,-0.23688,0.96192
755,18,684,450,-0.21516,0.96225
755,24.5,684,450,-0.19113,0.9627
755,31,684,450,-0.15372,0.96368
755,37.5,684,450,-0.10934,0.96484
755,44,684,450,-0.051157,0.96651
755,50.5,684,450,0.027039,0.96917
755,57,684,450,0.14251,0.97321
755,63.5,684,450,0.25622,0.97715
755,70,684,450,0.41717,0.98195
755,76.5,684,450,0.63996,0.98714
755,83,684,450,0.89965,0.98858
755,89.5,684,450,1.2394,0.98543
755,96,684,450,1.6319,0.97763
755,102.5,684,450,2.1585,0.96944
755,109,684,450,2.7218,0.9721
755,115.5,684,450,2.9732,0.97057
755,122,684,450,-2.5428,0.98256
755,128.5,684,450,-2.0173,0.96981
755,135,684,450,-1.5554,0.94708
755,141.5,684,450,-1.4075,0.97687
755,148,684,450,-0.96992,0.98673
755,154.5,684,450,-0.63979,0.98898
755,161,684,450,-0.29046,0.98665
755,167.5,684,450,-0.02163,0.98235
755,174,684,450,0.4197,0.95879
755,180.5,684,450,-0.19045,0.41952
755,187,684,450,0.42894,0.71579
755,193.5,684,450,0.78715,0.70324
755,200,684,450,1.4566,0.29201
806,5,684,450,-0.23876,0.95999
806,11.5,684,450,-0.23876,0.95999
806,18,684,450,-0.21568,0.96071
806,24.5,684,450,-0.19001,0.96171
806,31,684,450,-0.15011,0.96308
806,37.5,684,450,-0.10265,0.96476
806,44,684,450,-0.040102,0.96696
806,50.5,684,450,0.043756,0.96985
806,57,684,450,0.16777,0.9733
806,63.5,684,450,0.28967,0.97621
806,70,684,450,0.46251,0.9786
806,76.5,684,450,0.70065,0.97885
806,83,684,450,0.97721,0.97556
806,89.5,684,450,1.3372,0.9707
806,96,684,450,1.754,0.96777
806,102.5,684,450,2.3175,0.96856
806,109,684,450,2.9346,0.95799
806,115.5,684,450,3.1301,0.96619
806,122,684,450,-2.3561,0.97886
806,128.5,684,450,-1.7455,0.95105
806,135,684,450,-1.8324,0.85089
806,141.5,684,450,-1.0754,0.99482
806,148,684,450,-0.66431,0.98688
806,154.5,684,450,-0.28323,0.96043
806,161,684,450,0.17534,0.88746
806,167.5,684,450,0.35038,0.94146
806,174,684,450,0.94307,0.79788
806,180.5,684,450,0.48216,0.69414
806,187,684,450,1.0696,0.79618
806,193.5,684,450,1.8029,0.69052
806,200,684,450,0.60918,0.91259
857,5,684,450,-0.24184,0.95673
857,11.5,684,450,-0.24184,0.95673
857,18,684,450,-0.21728,0.95763
857,24.5,684,450,-0.18968,0.95894
857,31,684,450,-0.14718,0.96029
857,37.5,684,450,-0.096527,0.96196
857,44,684,450,-0.029545,0.9639
857,50.5,684,450,0.05994,0.96594
857,57,684,450,0.19177,0.9681
857,63.5,684,450,0.32097,0.96876
857,70,684,450,0.50428,0.96864
857,76.5,684,450,0.75537,0.96716
857,83,684,450,1.0473,0.965
857,89.5,684,450,1.4283,0.96587
857,96,684,450,1.875,0.97336
857,102.5,684,450,2.48,0.97726
857,109,684,450,-3.1294,0.95417
857,115.5,684,450,-2.9325,0.92991
857,122,684,450,-2.0888,0.95248
857,128.5,684,450,-0.87896,0.46847
857,135,684,450,-1.3683,0.97144
857,141.5,684,450,-0.78603,0.97719
857,148,684,450,-0.31724,0.94031
857,154.5,684,450,0.1331,0.89121
857,161,684,450,0.71757,0.77417
857,167.5,684,450,0.88989,0.79552
857,174,684,450,1.6018,0.49641
857,180.5,684,450,1.8121,0.67932
857,187,684,450,-3.0672,3.883e-05
857,193.5,684,450,2.4197,0.017109
857,200,684,450,1.5206,0.83558
908,5,684,450,-0.24624,0.95485
908,11.5,684,450,-0.24624,0.95485
908,18,684,450,-0.2201,0.95559
908,24.5,684,450,-0.19052,0.95672
908,31,684,450,-0.14558,0.95768
908,37.5,684,450,-0.091872,0.95884
908,44,684,450,-0.020751,0.96002
908,50.5,684,450,0.073744,0.96098
908,57,684,450,0.21257,0.9619
908,63.5,684,450,0.3485,0.96177
908,70,684,450,0.54118,0.96214
908,76.5,684,450,0.80579,0.96328
908,83,684,450,1.1154,0.96879
908,89.5,684,450,1.5226,0.97753
908,96,684,450,2.0031,0.98741
908,102.5,684,450,2.6482,0.98474
908,109,684,450,-2.9239,0.96179
908,115.5,684,450,-2.6384,0.83079
908,122,684,450,-1.6549,0.81236
908,128.5,684,450,-2.2386,0.49576
908,135,684,450,-1.0442,0.95351
908,141.5,684,450,-0.41744,0.92993
908,148,684,450,0.14027,0.87554
908,154.5,684,450,0.70458,0.8079
908,161,684,450,1.4766,0.75912
908,167.5,684,450,1.7627,0.28342
908,174,684,450,2.7274,0.076083
908,180.5,684,450,0.52224,0.15293
908,187,684,450,1.6937,0.61783
908,193.5,684,450,1.2235,0.4024
908,200,684,450,2.2018,0.7155
959,5,684,450,-0.25803,0.95594
959,11.5,684,450,-0.25803,0.95594
959,18,684,450,-0.2304,0.95656
959,24.5,684,450,-0.19919,0.95692
959,31,684,450,-0.152,0.95744
959,37.5,684,450,-0.09553,0.95805
959,44,684,450,-0.020644,0.95866
959,50.5,684,450,0.078465,0.95928
959,57,684,450,0.22398,0.96032
959,63.5,684,450,0.36671,0.96186
959,70,684,450,0.57006,0.96514
959,76.5,684,450,0.85032,0.97169
959,83,684,450,1.1814,0.98222
959,89.5,684,450,1.6182,0.99132
959,96,684,450,2.1299,0.99281
959,102.5,684,450,2.8097,0.9773
959,109,684,450,-2.7258,0.96626
959,115.5,684,450,-2.2851,0.74906
959,122,684,450,-1.0425,0.47389
959,128.5,684,450,-1.6572,0.70732
959,135,684,450,-0.63327,0.86622
959,141.5,684,450,0.087586,0.81414
959,148,684,450,0.78559,0.69193
959,154.5,684,450,1.4762,0.52888
959,161,684,450,2.4011,0.47523
959,167.5,684,450,2.7577,0.0013181
959,174,684,450,0.27319,0.22289
959,180.5,684,450,1.7274,0.6458
959,187,684,450,2.6222,0.62588
959,193.5,684,450,2.3697,0.80942
959,200,684,450,3.0025,0.87359
1010,5,684,450,-0.26156,0.95925
1010,11.5,684,450,-0.26156,0.95925
1010,18,684,450,-0.23276,0.95917
1010,24.5,684,450,-0.20018,0.9594
1010,31,684,450,-0.15088,0.95977
1010,37.5,684,450,-0.09181,0.96027
1010,44,684,450,-0.013282,0.96099
1010,50.5,684,450,0.090547,0.96232
1010,57,684,450,0.2434,0.96513
1010,63.5,684,450,0.39377,0.96856
1010,70,684,450,0.60923,0.97475
1010,76.5,684,450,0.90784,0.98343
1010,83,684,450,1.2612,0.99143
1010,89.5,684,450,1.7252,0.99167
1010,96,684,450,2.2614,0.98179
1010,102.5,684,450,2.9713,0.9709
1010,109,684,450,-2.5283,0.9773
1010,115.5,684,450,-1.8986,0.74523
1010,122,684,450,-0.41419,0.21892
1010,128.5,684,450,-1.1327,0.6609
1010,135,684,450,-0.1012,0.70663
1010,141.5,684,450,0.7223,0.58647
1010,148,684,450,1.4875,0.41845
1010,154.5,684,450,2.2122,0.28
1010,161,684,450,-3.0184,0.16752
1010,167.5,684,450,1.0419,0.25371
1010,174,684,450,1.4523,0.30904
1010,180.5,684,450,2.5578,0.66353
1010,187,684,450,-2.8096,0.34955
1010,193.5,684,450,-2.823,0.8275
1010,200,684,450,-2.2799,0.85331
1061,5,684,450,-0.26381,0.96166
1061,11.5,684,450,-0.26381,0.96166
1061,18,684,450,-0.23392,0.96189
1061,24.5,684,450,-0.19988,0.96217
1061,31,684,450,-0.14845,0.96279
1061,37.5,684,450,-0.086707,0.96369
1061,44,684,450,-0.0043213,0.96504
1061,50.5,684,450,0.10475,0.9675
1061,57,684,450,0.26584,0.97179
1061,63.5,684,450,0.42474,0.97607
1061,70,684,450,0.65326,0.98188
1061,76.5,684,450,0.96976,0.98703
1061,83,684,450,1.3424,0.98629
1061,89.5,684,450,1.8274,0.97739
1061,96,684,450,2.3852,0.96924
1061,102.5,684,450,3.1301,0.97059
1061,109,684,450,-2.3294,0.9761
1061,115.5,684,450,-1.5063,0.80898
1061,122,684,450,0.19822,0.14558
1061,128.5,684,450,-0.57015,0.55894
1061,135,684,450,0.47667,0.56432
1061,141.5,684,450,1.3194,0.45186
1061,148,684,450,2.1168,0.33862
1061,154.5,684,450,3.0167,0.15859
1061,161,684,450,1.3854,0.055565
1061,167.5,684,450,2.6123,0.83042
1061,174,684,450,2.3702,0.20467
1061,180.5,684,450,-2.9979,0.60713
1061,187,684,450,-2.6197,0.65442
1061,193.5,684,450,-2.1501,0.6899
1061,200,684,450,-1.412,0.77444
1112,5,684,450,-0.26565,0.96096
1112,11.5,684,450,-0.26565,0.96096
1112,18,684,450,-0.23443,0.9623
1112,24.5,684,450,-0.1988,0.96292
1112,31,684,450,-0.14508,0.96397
1112,37.5,684,450,-0.08041,0.96538
1112,44,684,450,0.0062057,0.96737
1112,50.5,684,450,0.12096,0.97028
1112,57,684,450,0.29071,0.97429
1112,63.5,684,450,0.45797,0.9772
1112,70,684,450,0.69873,0.97976
1112,76.5,684,450,1.0301,0.97827
1112,83,684,450,1.4177,0.97275
1112,89.5,684,450,1.921,0.96604
1112,96,684,450,2.505,0.97089
1112,102.5,684,450,-2.9916,0.97918
1112,109,684,450,-2.139,0.9663
1112,115.5,684,450,-1.16,0.89828
1112,122,684,450,0.85739,0.095649
1112,128.5,684,450,-0.012322,0.55244
1112,135,684,450,1.0087,0.57281
1112,141.5,684,450,1.8814,0.51794
1112,148,684,450,2.8628,0.34106
1112,154.5,684,450,1.1614,0.012274
1112,161,684,450,2.6582,0.68103
1112,167.5,684,450,-2.7345,0.92756
1112,174,684,450,3.0968,0.25295
1112,180.5,684,450,-2.2045,0.4692
1112,187,684,450,-2.1233,0.7719
1112,193.5,684,450,-1.5984,0.77055
1112,200,684,450,1.0172,0.091383
1163,5,684,450,-0.26909,0.96156
1163,11.5,684,450,-0.26909,0.96156
1163,18,684,450,-0.23635,0.96228
1163,24.5,684,450,-0.19898,0.96317
1163,31,684,450,-0.14274,0.96451
1163,37.5,684,450,-0.074929,0.96611
1163,44,684,450,0.016094,0.96804
1163,50.5,684,450,0.13652,0.97019
1163,57,684,450,0.31433,0.97225
1163,63.5,684,450,0.48897,0.97303
1163,70,684,450,0.73967,0.97209
1163,76.5,684,450,1.0833,0.96857
1163,83,684,450,1.4855,0.96724
1163,89.5,684,450,2.0122,0.97172
1163,96,684,450,2.6301,0.98492
1163,102.5,684,450,-2.8261,0.98272
1163,109,684,450,-1.9512,0.96572
1163,115.5,684,450,-0.8833,0.97164
1163,122,684,450,-1.478,0.00047822
1163,128.5,684,450,0.5083,0.6768
1163,135,684,450,1.4988,0.73
1163,141.5,684,450,2.4908,0.65253
1163,148,684,450,-2.2143,0.022716
1163,154.5,684,450,2.5282,0.54134
1163,161,684,450,-2.8735,0.78311
1163,167.5,684,450,-2.2824,0.89035
1163,174,684,450,-2.4557,0.58378
1163,180.5,684,450,-3.0001,0.55312
1163,187,684,450,-1.5448,0.9421
1163,193.5,684,450,-0.69817,0.72769
1163,200,684,450,-1.3155,0.75986
1214,5,684,450,-0.27268,0.95848
1214,11.5,684,450,-0.27268,0.95848
1214,18,684,450,-0.23845,0.95937
1214,24.5,684,450,-0.19924,0.96027
1214,31,684,450,-0.14045,0.96153
1214,37.5,684,450,-0.069579,0.96287
1214,44,684,450,0.025669,0.96426
1214,50.5,684,450,0.15125,0.9653
1214,57,684,450,0.33608,0.9658
1214,63.5,684,450,0.51735,0.96564
1214,70,684,450,0.77698,0.96477
1214,76.5,684,450,1.1337,0.9659
1214,83,684,450,1.5547,0.97375
1214,89.5,684,450,2.1101,0.9865
1214,96,684,450,2.7628,0.99277
1214,102.5,684,450,-2.6605,0.97808
1214,109,684,450,-1.7507,0.9715
1214,115.5,684,450,-0.67629,0.99314
1214,122,684,450,-0.45435,0.463
1214,128.5,684,450,0.96148,0.8596
1214,135,684,450,1.9525,0.89799
1214,141.5,684,450,-2.9556,0.44466
1214,148,684,450,2.3995,0.52119
1214,154.5,684,450,-3.0804,0.7811
1214,161,684,450,-2.429,0.82169
1214,167.5,684,450,-1.9916,0.92394
1214,174,684,450,-1.7283,0.95055
1214,180.5,684,450,-1.5624,0.89449
1214,187,684,450,-0.75659,0.97589
1214,193.5,684,450,-0.67342,0.16508
1214,200,684,450,-0.66418,0.78083
1265,5,684,450,-0.2773,0.95745
1265,11.5,684,450,-0.2773,0.95745
1265,18,684,450,-0.24157,0.95816
1265,24.5,684,450,-0.20059,0.95886
1265,31,684,450,-0.13937,0.95968
1265,37.5,684,450,-0.065587,0.9606
1265,44,684,450,0.03355,0.96138
1265,50.5,684,450,0.1638,0.96185
1265,57,684,450,0.35522,0.9625
1265,63.5,684,450,0.54294,0.96365
1265,70,684,450,0.81301,0.96638
1265,76.5,684,450,1.1859,0.9742
1265,83,684,450,1.6296,0.98679
1265,89.5,684,450,2.2158,0.99465
1265,96,684,450,2.895,0.9852
1265,102.5,684,450,-2.4983,0.97313
1265,109,684,450,-1.5455,0.96915
1265,115.5,684,450,-0.51841,0.98297
1265,122,684,450,0.25014,0.89505
1265,128.5,684,450,1.322,0.97026
1265,135,684,450,2.3437,0.95917
1265,141.5,684,450,2.0518,0.45269
1265,148,684,450,3.0594,0.84904
1265,154.5,684,450,-2.6453,0.92534
1265,161,684,450,-2.0153,0.96652
1265,167.5,684,450,-1.6592,0.97643
1265,174,684,450,-1.2101,0.9749
1265,180.5,684,450,-0.79986,0.94377
1265,187,684,450,-0.97577,0.5179
1265,193.5,684,450,-0.78607,0.95087
1265,200,684,450,-0.22261,0.89344
1316,5,684,450,-0.28973,0.95927
1316,11.5,684,450,-0.28973,0.95927
1316,18,684,450,-0.25258,0.9597
1316,24.5,684,450,-0.20999,0.9601
1316,31,684,450,-0.14658,0.96049
1316,37.5,684,450,-0.070063,0.96116
1316,44,684,450,0.032768,0.96184
1316,50.5,684,450,0.16766,0.96284
1316,57,684,450,0.36623,0.96524
1316,63.5,684,450,0.56153,0.96869
1316,70,684,450,0.84383,0.97534
1316,76.5,684,450,1.2359,0.9853
1316,83,684,450,1.7025,0.99248
1316,89.5,684,450,2.3129,0.98667
1316,96,684,450,3.0139,0.97289
1316,102.5,684,450,-2.3463,0.9705
1316,109,684,450,-1.3471,0.95613
1316,115.5,684,450,-0.37469,0.96905
1316,122,684,450,0.58436,0.97277
1316,128.5,684,450,1.5747,0.98875
1316,135,684,450,3.0984,0.64742
1316,141.5,684,450,2.8048,0.90715
1316,148,684,450,-2.8263,0.96745
1316,154.5,684,450,-2.2759,0.98012
1316,161,684,450,-1.5618,0.96
1316,167.5,684,450,-0.60507,0.31722
1316,174,684,450,-0.15126,0.30262
1316,180.5,684,450,-0.99694,0.65617
1316,187,684,450,-0.18103,0.75669
1316,193.5,684,450,-0.21333,0.95583
1316,200,684,450,0.28748,0.95583
1367,5,684,450,-0.29281,0.9625
1367,11.5,684,450,-0.29281,0.9625
1367,18,684,450,-0.2544,0.96277
1367,24.5,684,450,-0.21027,0.96299
1367,31,684,450,-0.14486,0.96338
1367,37.5,684,450,-0.065647,0.96414
1367,44,684,450,0.040985,0.96526
1367,50.5,684,450,0.18092,0.96753
1367,57,684,450,0.38769,0.97195
1367,63.5,684,450,0.5917,0.97641
1367,70,684,450,0.88753,0.98296
1367,76.5,684,450,1.2977,0.98793
1367,83,684,450,1.7826,0.98454
1367,89.5,684,450,2.4113,0.97255
1367,96,684,450,3.1345,0.97137
1367,102.5,684,450,-2.1834,0.97769
1367,109,684,450,-1.146,0.95856
1367,115.5,684,450,-0.1569,0.96306
1367,122,684,450,0.79135,0.98258
1367,128.5,684,450,1.7657,0.97645
1367,135,684,450,2.4353,0.93969
1367,141.5,684,450,-3.122,0.97743
1367,148,684,450,-2.4981,0.96931
1367,154.5,684,450,-1.9353,0.92774
1367,161,684,450,-0.95733,0.63693
1367,167.5,684,450,-1.7621,0.78622
1367,174,684,450,-0.73515,0.98584
1367,180.5,684,450,-0.2269,0.9817
1367,187,684,450,0.84826,0.68793
1367,193.5,684,450,0.33625,0.78759
1367,200,684,450,0.93021,0.6906
1418,5,684,450,-0.29467,0.96443
1418,11.5,684,450,-0.29467,0.96443
1418,18,684,450,-0.25506,0.9646
1418,24.5,684,450,-0.2094,0.96505
1418,31,684,450,-0.14182,0.96594
1418,37.5,684,450,-0.0598,0.967
1418,44,684,450,0.050953,0.96875
1418,50.5,684,450,0.19656,0.97164
1418,57,684,450,0.41208,0.97623
1418,63.5,684,450,0.62474,0.97956
1418,70,684,450,0.9329,0.98201
1418,76.5,684,450,1.3579,0.97922
1418,83,684,450,1.856,0.97168
1418,89.5,684,450,2.5032,0.96781
1418,96,684,450,-3.0255,0.98145
1418,102.5,684,450,-2.0189,0.98229
1418,109,684,450,-0.95227,0.9664
1418,115.5,684,450,0.27286,0.8418
1418,122,684,450,0.96186,0.98017
1418,128.5,684,450,1.9724,0.94713
1418,135,684,450,2.7251,0.98273
1418,141.5,684,450,-2.8447,0.96605
1418,148,684,450,-2.1978,0.92328
1418,154.5,684,450,-1.5417,0.85435
1418,161,684,450,-1.7992,0.68077
1418,167.5,684,450,-1.3821,0.83666
1418,174,684,450,-0.3521,0.98651
1418,180.5,684,450,0.29416,0.96768
1418,187,684,450,-0.68828,0.0013344
1418,193.5,684,450,0.8518,0.65797
1418,200,684,450,2.1147,0.016868
1469,5,684,450,-0.29649,0.96324
1469,11.5,684,450,-0.29649,0.96324
1469,18,684,450,-0.25553,0.9636
1469,24.5,684,450,-0.20829,0.96435
1469,31,684,450,-0.1382,0.96597
1469,37.5,684,450,-0.05322,0.96734
1469,44,684,450,0.06188,0.96927
1469,50.5,684,450,0.21323,0.97176
1469,57,684,450,0.43705,0.97444
1469,63.5,684,450,0.65731,0.97497
1469,70,684,450,0.97544,0.97336
1469,76.5,684,450,1.4119,0.96832
1469,83,684,450,1.9243,0.9676
1469,89.5,684,450,2.5973,0.97882
1469,96,684,450,-2.8944,0.99172
1469,102.5,684,450,-1.8528,0.97756
1469,109,684,450,-0.74572,0.97222
1469,115.5,684,450,1.0733,0.28596
1469,122,684,450,1.1605,0.97822
1469,128.5,684,450,1.9291,0.95992
1469,135,684,450,2.9531,0.97914
1469,141.5,684,450,-2.5655,0.94127
1469,148,684,450,-1.7863,0.88181
1469,154.5,684,450,-2.8846,0.013464
1469,161,684,450,-0.9704,0.87492
1469,167.5,684,450,-0.92746,0.76803
1469,174,684,450,0.38251,0.69384
1469,180.5,684,450,0.77646,0.896
1469,187,684,450,0.49082,0.51514
1469,193.5,684,450,1.8715,0.72686
1469,200,684,450,1.1833,0.91956
