500,5,671,450,-0.22009,0.95645
500,11.5,671,450,-0.22009,0.95645
500,18,671,450,-0.20477,0.95743
500,24.5,671,450,-0.18844,0.95862
500,31,671,450,-0.16145,0.96014
500,37.5,671,450,-0.13003,0.9621
500,44,671,450,-0.089977,0.96446
500,50.5,671,450,-0.03468,0.96736
500,57,671,450,0.047412,0.97085
500,63.5,671,450,0.12825,0.97339
500,70,671,450,0.24034,0.97581
500,76.5,671,450,0.39592,0.97678
500,83,671,450,0.5764,0.97682
500,89.5,671,450,0.81436,0.97544
500,96,671,450,1.0992,0.97354
500,102.5,671,450,1.5165,0.97362
500,109,671,450,2.0362,0.97746
500,115.5,671,450,-3.1066,0.6567
500,122,671,450,1.9739,0.2176
500,128.5,671,450,2.8762,0.60087
500,135,671,450,-2.9237,0.67604
500,141.5,671,450,-2.5622,0.71156
500,148,671,450,-2.2629,0.74655
500,154.5,671,450,-1.9906,0.78187
500,161,671,450,-1.5579,0.68873
500,167.5,671,450,-1.6269,0.89812
500,174,671,450,-1.3707,0.88393
500,180.5,671,450,-1.0372,0.84071
500,187,671,450,-0.45444,0.53414
500,193.5,671,450,-2.2473,0.20324
500,200,671,450,-1.4825,0.70255
551,5,671,450,-0.22425,0.95428
551,11.5,671,450,-0.22425,0.95428
551,18,671,450,-0.2073,0.95513
551,24.5,671,450,-0.18903,0.95621
551,31,671,450,-0.15943,0.95726
551,37.5,671,450,-0.12475,0.95875
551,44,671,450,-0.08021,0.96038
551,50.5,671,450,-0.019355,0.96214
551,57,671,450,0.070709,0.96396
551,63.5,671,450,0.15931,0.96481
551,70,671,450,0.28279,0.96549
551,76.5,671,450,0.45342,0.96546
551,83,671,450,0.65228,0.96621
551,89.5,671,450,0.91532,0.96778
551,96,671,450,1.231,0.97282
551,102.5,671,450,1.6867,0.97792
551,109,671,450,2.2301,0.98879
551,115.5,671,450,-2.5555,0.44402
551,122,671,450,2.752,0.64467
551,128.5,671,450,-2.8859,0.80076
551,135,671,450,-2.4549,0.85139
551,141.5,671,450,-2.1096,0.89235
551,148,671,450,-1.8087,0.92482
551,154.5,671,450,-1.5304,0.94853
551,161,671,450,-1.3154,0.95586
551,167.5,671,450,-0.94056,0.93628
551,174,671,450,-0.28106,0.6211
551,180.5,671,450,-1.6551,0.26915
551,187,671,450,-1.4123,0.65975
551,193.5,671,450,-0.98244,0.75217
551,200,671,450,-0.76048,0.7816
602,5,671,450,-0.23533,0.95512
602,11.5,671,450,-0.23533,0.95512
602,18,671,450,-0.21688,0.95558
602,24.5,671,450,-0.19681,0.95619
602,31,671,450,-0.16489,0.95662
602,37.5,671,450,-0.12728,0.9574
602,44,671,450,-0.078715,0.95816
602,50.5,671,450,-0.01288,0.95905
602,57,671,450,0.084456,0.96021
602,63.5,671,450,0.18024,0.96076
602,70,671,450,0.31434,0.96216
602,76.5,671,450,0.50042,0.96433
602,83,671,450,0.71913,0.96958
602,89.5,671,450,1.0092,0.97605
602,96,671,450,1.3572,0.98291
602,102.5,671,450,1.8449,0.98036
602,109,671,450,2.3874,0.97345
602,115.5,671,450,2.4017,0.57198
602,122,671,450,-3.0043,0.8988
602,128.5,671,450,-2.4929,0.94556
602,135,671,450,-2.0789,0.96951
602,141.5,671,450,-1.7189,0.98238
602,148,671,450,-1.3797,0.97965
602,154.5,671,450,-0.8056,0.85717
602,161,671,450,-0.83852,0.96021
602,167.5,671,450,0.71925,0.044052
602,174,671,450,-1.0406,0.57015
602,180.5,671,450,-2.0722,0.42194
602,187,671,450,-0.74728,0.92886
602,193.5,671,450,-0.49144,0.90589
602,200,671,450,-0.29584,0.90807
653,5,671,450,-0.2394,0.95832
653,11.5,671,450,-0.2394,0.95832
653,18,671,450,-0.21968,0.95848
653,24.5,671,450,-0.19802,0.95862
653,31,671,450,-0.16401,0.95882
653,37.5,671,450,-0.12375,0.95928
653,44,671,450,-0.071456,0.95981
653,50.5,671,450,-0.00083361,0.9609
653,57,671,450,0.10378,0.96295
653,63.5,671,450,0.2071,0.9648
653,70,671,450,0.35279,0.96855
653,76.5,671,450,0.55606,0.97453
653,83,671,450,0.797,0.9829
653,89.5,671,450,1.1162,0.9905
653,96,671,450,1.4957,0.99095
653,102.5,671,450,2.01,0.97913
653,109,671,450,2.5473,0.96352
653,115.5,671,450,3.0989,0.95769
653,122,671,450,-2.6788,0.97641
653,128.5,671,450,-2.1927,0.98676
653,135,671,450,-1.7769,0.98249
653,141.5,671,450,-1.3492,0.9654
653,148,671,450,-1.9745,0.42671
653,154.5,671,450,-1.0653,0.91305
653,161,671,450,-0.55399,0.92895
653,167.5,671,450,-0.70343,0.83686
653,174,671,450,-0.26147,0.79542
653,180.5,671,450,-0.62528,0.9041
653,187,671,450,-0.24166,0.95177
653,193.5,671,450,0.0075118,0.95288
653,200,671,450,0.1923,0.9769
704,5,671,450,-0.24202,0.96124
704,11.5,671,450,-0.24202,0.96124
704,18,671,450,-0.22115,0.96136
704,24.5,671,450,-0.19807,0.96147
704,31,671,450,-0.16192,0.962
704,37.5,671,450,-0.119,0.96279
704,44,671,450,-0.062871,0.9639
704,50.5,671,450,0.012913,0.96608
704,57,671,450,0.12564,0.96988
704,63.5,671,450,0.23727,0.97319
704,70,671,450,0.39589,0.97869
704,76.5,671,450,0.61791,0.98548
704,83,671,450,0.8815,0.9914
704,89.5,671,450,1.2289,0.99332
704,96,671,450,1.6357,0.98507
704,102.5,671,450,2.1788,0.97374
704,109,671,450,2.7428,0.97423
704,115.5,671,450,-2.9665,0.98529
704,122,671,450,-2.4603,0.98509
704,128.5,671,450,-1.9622,0.9698
704,135,671,450,-1.4959,0.94601
704,141.5,671,450,-1.4788,0.92225
704,148,671,450,-1.0396,0.95811
704,154.5,671,450,-0.72896,0.96845
704,161,671,450,-0.19837,0.91257
704,167.5,671,450,-0.098473,0.99023
704,174,671,450,0.71036,0.69108
704,180.5,671,450,-0.08526,0.75
704,187,671,450,0.25269,0.80811
704,193.5,671,450,0.5482,0.77709
704,200,671,450,1.4628,0.14818
755,5,671,450,-0.24399,0.96136
755,11.5,671,450,-0.24399,0.96136
755,18,671,450,-0.22184,0.96178
755,24.5,671,450,-0.19725,0.96231
755,31,671,450,-0.15872,0.96344
755,37.5,671,450,-0.11286,0.96489
755,44,671,450,-0.052485,0.96685
755,50.5,671,450,0.029043,0.96995
755,57,671,450,0.15059,0.97451
755,63.5,671,450,0.27107,0.97797
755,70,671,450,0.44311,0.98218
755,76.5,671,450,0.68337,0.98608
755,83,671,450,0.96669,0.98599
755,89.5,671,450,1.3383,0.98018
755,96,671,450,1.7704,0.97199
755,102.5,671,450,2.3508,0.97375
755,109,671,450,3.0063,0.96008
755,115.5,671,450,-2.8147,0.98504
755,122,671,450,-2.2791,0.97383
755,128.5,671,450,-1.7229,0.9389
755,135,671,450,-1.524,1.0011
755,141.5,671,450,-1.0619,0.98629
755,148,671,450,-0.69556,0.9915
755,154.5,671,450,-0.33407,0.98466
755,161,671,450,-0.2646,0.95349
755,167.5,671,450,0.41541,0.9219
755,174,671,450,1.9342,0.028628
755,180.5,671,450,0.40632,0.68432
755,187,671,450,0.7924,0.68269
755,193.5,671,450,1.4164,0.36557
755,200,671,450,0.49141,0.95226
806,5,671,450,-0.24642,0.95856
806,11.5,671,450,-0.24642,0.95856
806,18,671,450,-0.22281,0.95937
806,24.5,671,450,-0.19642,0.96047
806,31,671,450,-0.15528,0.9619
806,37.5,671,450,-0.10618,0.96376
806,44,671,450,-0.041239,0.96604
806,50.5,671,450,0.046317,0.96907
806,57,671,450,0.17655,0.97258
806,63.5,671,450,0.30551,0.97442
806,70,671,450,0.48957,0.97584
806,76.5,671,450,0.74534,0.97488
806,83,671,450,1.0457,0.97252
806,89.5,671,450,1.4398,0.96798
806,96,671,450,1.9012,0.97055
806,102.5,671,450,2.5281,0.97431
806,109,671,450,-2.9907,0.91251
806,115.5,671,450,-2.6433,0.98941
806,122,671,450,-2.0586,0.96468
806,128.5,671,450,-2.2502,0.73124
806,135,671,450,-1.2126,0.99774
806,141.5,671,450,-0.74575,0.98023
806,148,671,450,-0.31977,0.93857
806,154.5,671,450,0.12694,0.84756
806,161,671,450,0.11396,0.99401
806,167.5,671,450,0.9571,0.70258
806,174,671,450,-0.18269,0.2706
806,180.5,671,450,1.229,0.79421
806,187,671,450,2.4568,0.27714
806,193.5,671,450,0.25051,0.74312
806,200,671,450,1.3208,0.96404
857,5,671,450,-0.25031,0.95539
857,11.5,671,450,-0.25031,0.95539
857,18,671,450,-0.22518,0.95634
857,24.5,671,450,-0.19675,0.95751
857,31,671,450,-0.15295,0.95878
857,37.5,671,450,-0.10057,0.96044
857,44,671,450,-0.03111,0.96224
857,50.5,671,450,0.062004,0.96413
857,57,671,450,0.20014,0.96554
857,63.5,671,450,0.33679,0.96602
857,70,671,450,0.53138,0.96578
857,76.5,671,450,0.80102,0.96509
857,83,671,450,1.1192,0.967
857,89.5,671,450,1.539,0.97025
857,96,671,450,2.0353,0.98069
857,102.5,671,450,2.7081,0.97566
857,109,671,450,-2.7239,0.85905
857,115.5,671,450,-2.4127,0.95446
857,122,671,450,-1.5512,0.82367
857,128.5,671,450,-1.5725,0.96428
857,135,671,450,-0.91755,0.96779
857,141.5,671,450,-0.38773,0.91666
857,148,671,450,0.1115,0.84431
857,154.5,671,450,0.65004,0.73738
857,161,671,450,0.774,0.62875
857,167.5,671,450,1.7501,0.31467
857,174,671,450,1.9802,0.44851
857,180.5,671,450,0.51173,0.13043
857,187,671,450,1.9588,0.2605
857,193.5,671,450,1.3577,0.75071
857,200,671,450,1.9875,0.76701
908,5,671,450,-0.25524,0.95461
908,11.5,671,450,-0.25524,0.95461
908,18,671,450,-0.22853,0.95528
908,24.5,671,450,-0.19816,0.95599
908,31,671,450,-0.15189,0.95679
908,37.5,671,450,-0.096459,0.95787
908,44,671,450,-0.022843,0.95888
908,50.5,671,450,0.0753,0.95983
908,57,671,450,0.22057,0.9605
908,63.5,671,450,0.36436,0.96091
908,70,671,450,0.56925,0.9629
908,76.5,671,450,0.85406,0.96641
908,83,671,450,1.1933,0.97471
908,89.5,671,450,1.6441,0.98549
908,96,671,450,2.1768,0.98922
908,102.5,671,450,2.8889,0.97652
908,109,671,450,-2.4772,0.89501
908,115.5,671,450,-2.0665,0.8751
908,122,671,450,-3.0639,0.067817
908,128.5,671,450,-1.2528,0.94029
908,135,671,450,-0.5491,0.90203
908,141.5,671,450,0.07499,0.83962
908,148,671,450,0.71945,0.75231
908,154.5,671,450,1.4489,0.64319
908,161,671,450,1.8025,0.023174
908,167.5,671,450,3.0031,0.00033225
908,174,671,450,0.62949,0.31919
908,180.5,671,450,1.7808,0.59458
908,187,671,450,0.48272,0.0039191
908,193.5,671,450,2.1545,0.70659
908,200,671,450,2.6868,0.7064
959,5,671,450,-0.26739,0.95681
959,11.5,671,450,-0.26739,0.95681
959,18,671,450,-0.23917,0.95723
959,24.5,671,450,-0.2073,0.95731
959,31,671,450,-0.1588,0.95768
959,37.5,671,450,-0.1006,0.95831
959,44,671,450,-0.023157,0.95895
959,50.5,671,450,0.079763,0.95998
959,57,671,450,0.23235,0.96201
959,63.5,671,450,0.38356,0.96405
959,70,671,450,0.60011,0.9689
959,76.5,671,450,0.90356,0.97784
959,83,671,450,1.2675,0.98832
959,89.5,671,450,1.7492,0.9936
959,96,671,450,2.3117,0.98568
959,102.5,671,450,3.058,0.97501
959,109,671,450,-2.2501,0.95569
959,115.5,671,450,-1.6265,0.70903
959,122,671,450,-2.217,0.52767
959,128.5,671,450,-0.86987,0.86844
959,135,671,450,-0.055123,0.79687
959,141.5,671,450,0.7368,0.66733
959,148,671,450,1.5564,0.44861
959,154.5,671,450,2.4136,0.27381
959,161,671,450,-0.27477,0.14083
959,167.5,671,450,-0.51494,0.0015179
959,174,671,450,1.6503,0.61606
959,180.5,671,450,2.5897,0.60141
959,187,671,450,2.2984,0.82007
959,193.5,671,450,3.1201,0.89328
959,200,671,450,-2.5012,0.95256
1010,5,671,450,-0.27043,0.96017
1010,11.5,671,450,-0.27043,0.96017
1010,18,671,450,-0.24116,0.96014
1010,24.5,671,450,-0.20785,0.96035
1010,31,671,450,-0.15722,0.96069
1010,37.5,671,450,-0.096335,0.9614
1010,44,671,450,-0.015063,0.9624
1010,50.5,671,450,0.092962,0.96446
1010,57,671,450,0.25366,0.96841
1010,63.5,671,450,0.41338,0.97219
1010,70,671,450,0.64353,0.97897
1010,76.5,671,450,0.9667,0.98746
1010,83,671,450,1.3534,0.99115
1010,89.5,671,450,1.8618,0.98558
1010,96,671,450,2.4476,0.97408
1010,102.5,671,450,-3.0501,0.97523
1010,109,671,450,-2.0326,0.99543
1010,115.5,671,450,-1.1485,0.57281
1010,122,671,450,-1.6768,0.57748
1010,128.5,671,450,-0.3682,0.7488
1010,135,671,450,0.57963,0.60304
1010,141.5,671,450,1.4641,0.39451
1010,148,671,450,2.3374,0.18845
1010,154.5,671,450,-2.909,0.025202
1010,161,671,450,1.2946,0.54167
1010,167.5,671,450,0.92235,0.00032978
1010,174,671,450,2.4784,0.56271
1010,180.5,671,450,-3.0629,0.64487
1010,187,671,450,-2.7283,0.74361
1010,193.5,671,450,-2.214,0.78228
1010,200,671,450,-0.74736,0.74525
1061,5,671,450,-0.27244,0.96166
1061,11.5,671,450,-0.27244,0.96166
1061,18,671,450,-0.24193,0.96211
1061,24.5,671,450,-0.2071,0.9625
1061,31,671,450,-0.15424,0.96326
1061,37.5,671,450,-0.090506,0.96444
1061,44,671,450,-0.0050968,0.9662
1061,50.5,671,450,0.10862,0.96927
1061,57,671,450,0.27829,0.97407
1061,63.5,671,450,0.44706,0.9778
1061,70,671,450,0.69092,0.98272
1061,76.5,671,450,1.0321,0.98481
1061,83,671,450,1.4373,0.98033
1061,89.5,671,450,1.9662,0.97117
1061,96,671,450,2.5788,0.97044
1061,102.5,671,450,-2.877,0.97586
1061,109,671,450,-1.8817,0.97852
1061,115.5,671,450,-0.70906,0.58471
1061,122,671,450,-1.1158,0.50924
1061,128.5,671,450,0.19433,0.62003
1061,135,671,450,1.1875,0.47288
1061,141.5,671,450,2.1253,0.28681
1061,148,671,450,-3.0189,0.032223
1061,154.5,671,450,1.5416,0.25145
1061,161,671,450,2.695,0.86034
1061,167.5,671,450,-1.2164,0.0078314
1061,174,671,450,-3.0548,0.48694
1061,180.5,671,450,-2.6469,0.65372
1061,187,671,450,-2.1292,0.7022
1061,193.5,671,450,-1.5118,0.76063
1061,200,671,450,2.1206,0.097939
1112,5,671,450,-0.27477,0.9598
1112,11.5,671,450,-0.27477,0.9598
1112,18,671,450,-0.24261,0.96117
1112,24.5,671,450,-0.20608,0.96191
1112,31,671,450,-0.15077,0.96316
1112,37.5,671,450,-0.083927,0.9648
1112,44,671,450,0.0059668,0.96697
1112,50.5,671,450,0.12568,0.97005
1112,57,671,450,0.30421,0.97363
1112,63.5,671,450,0.48144,0.97521
1112,70,671,450,0.73741,0.97599
1112,76.5,671,450,1.0926,0.97291
1112,83,671,450,1.5135,0.96821
1112,89.5,671,450,2.0647,0.96801
1112,96,671,450,2.7115,0.97983
1112,102.5,671,450,-2.7022,0.97619
1112,109,671,450,-1.7416,0.95541
1112,115.5,671,450,-0.29142,0.68278
1112,122,671,450,-0.54776,0.5063
1112,128.5,671,450,0.71248,0.60438
1112,135,671,450,1.7396,0.5186
1112,141.5,671,450,2.9522,0.18752
1112,148,671,450,1.5124,0.23263
1112,154.5,671,450,2.6832,0.75657
1112,161,671,450,-2.8186,0.89182
1112,167.5,671,450,2.6601,0.012677
1112,174,671,450,-2.375,0.54027
1112,180.5,671,450,-2.0927,0.84419
1112,187,671,450,-1.5744,0.83459
1112,193.5,671,450,-0.28875,0.4442
1112,200,671,450,-1.594,0.8473
1163,5,671,450,-0.2788,0.95977
1163,11.5,671,450,-0.2788,0.95977
1163,18,671,450,-0.24534,0.96057
1163,24.5,671,450,-0.20698,0.96151
1163,31,671,450,-0.14898,0.96289
1163,37.5,671,450,-0.078881,0.96453
1163,44,671,450,0.015524,0.96633
1163,50.5,671,450,0.14092,0.9683
1163,57,671,450,0.32734,0.96969
1163,63.5,671,450,0.51186,0.96931
1163,70,671,450,0.7778,0.96834
1163,76.5,671,450,1.1465,0.96697
1163,83,671,450,1.5854,0.97099
1163,89.5,671,450,2.1666,0.98074
1163,96,671,450,2.8511,0.9894
1163,102.5,671,450,-2.5293,0.97495
1163,109,671,450,-1.5646,0.96967
1163,115.5,671,450,0.098691,0.74273
1163,122,671,450,0.00079255,0.63027
1163,128.5,671,450,1.1765,0.72912
1163,135,671,450,2.335,0.61335
1163,141.5,671,450,1.21,0.072085
1163,148,671,450,2.6022,0.67055
1163,154.5,671,450,-2.9702,0.78146
1163,161,671,450,-2.4278,0.88711
1163,167.5,671,450,-2.5664,0.56175
1163,174,671,450,-1.6815,0.75095
1163,180.5,671,450,-1.4608,0.97087
1163,187,671,450,-0.61556,0.77296
1163,193.5,671,450,-1.2772,0.68712
1163,200,671,450,-0.72529,0.81796
1214,5,671,450,-0.28333,0.95732
1214,11.5,671,450,-0.28333,0.95732
1214,18,671,450,-0.2483,0.95817
1214,24.5,671,450,-0.20809,0.95899
1214,31,671,450,-0.1475,0.96007
1214,37.5,671,450,-0.074294,0.96137
1214,44,671,450,0.024346,0.9625
1214,50.5,671,450,0.1548,0.96346
1214,57,671,450,0.34829,0.96395
1214,63.5,671,450,0.53953,0.96404
1214,70,671,450,0.81558,0.96548
1214,76.5,671,450,1.2,0.97047
1214,83,671,450,1.6623,0.98219
1214,89.5,671,450,2.2764,0.99214
1214,96,671,450,2.9931,0.98691
1214,102.5,671,450,-2.3538,0.97582
1214,109,671,450,-1.2788,0.95563
1214,115.5,671,450,0.61726,0.53805
1214,122,671,450,0.47618,0.82024
1214,128.5,671,450,1.6066,0.89197
1214,135,671,450,-3.0196,0.28916
1214,141.5,671,450,2.3827,0.65085
1214,148,671,450,-3.138,0.80486
1214,154.5,671,450,-2.5786,0.86436
1214,161,671,450,-2.1147,0.94724
1214,167.5,671,450,-1.6985,0.98652
1214,174,671,450,-0.48722,0.57598
1214,180.5,671,450,-0.47527,0.88944
1214,187,671,450,-0.89853,0.46298
1214,193.5,671,450,-0.68936,0.8297
1214,200,671,450,-0.25591,0.84764
1265,5,671,450,-0.28827,0.95783
1265,11.5,671,450,-0.28827,0.95783
1265,18,671,450,-0.25176,0.95845
1265,24.5,671,450,-0.20977,0.95899
1265,31,671,450,-0.14682,0.95952
1265,37.5,671,450,-0.070705,0.96038
1265,44,671,450,0.031847,0.9611
1265,50.5,671,450,0.16708,0.96203
1265,57,671,450,0.36767,0.9637
1265,63.5,671,450,0.56639,0.96571
1265,70,671,450,0.85454,0.97128
1265,76.5,671,450,1.2583,0.98183
1265,83,671,450,1.7456,0.99181
1265,89.5,671,450,2.3899,0.99072
1265,96,671,450,3.1301,0.97798
1265,102.5,671,450,-2.1783,0.97393
1265,109,671,450,-0.86366,0.8104
1265,115.5,671,450,-0.48675,0.70399
1265,122,671,450,0.84761,0.95141
1265,128.5,671,450,1.9815,0.96226
1265,135,671,450,1.9667,0.58778
1265,141.5,671,450,2.9189,0.86293
1265,148,671,450,-2.7433,0.93748
1265,154.5,671,450,-2.1909,0.98062
1265,161,671,450,-1.7211,0.96595
1265,167.5,671,450,-1.2476,0.94609
1265,174,671,450,-0.84116,0.98049
1265,180.5,671,450,-0.88657,0.63379
1265,187,671,450,-1.4506,0.70518
1265,193.5,671,450,-0.22877,0.94799
1265,200,671,450,0.19597,0.95728
1316,5,671,450,-0.30076,0.96084
1316,11.5,671,450,-0.30076,0.96084
1316,18,671,450,-0.26288,0.96112
1316,24.5,671,450,-0.21929,0.96144
1316,31,671,450,-0.1542,0.96172
1316,37.5,671,450,-0.075315,0.96243
1316,44,671,450,0.031091,0.96337
1316,50.5,671,450,0.17138,0.96527
1316,57,671,450,0.38001,0.96919
1316,63.5,671,450,0.58757,0.97338
1316,70,671,450,0.88955,0.98073
1316,76.5,671,450,1.3141,0.98897
1316,83,671,450,1.8236,0.98909
1316,89.5,671,450,2.489,0.97683
1316,96,671,450,-3.0299,0.97283
1316,102.5,671,450,-2.0116,0.97254
1316,109,671,450,-0.51419,0.66547
1316,115.5,671,450,0.086979,0.97241
1316,122,671,450,1.1051,0.99065
1316,128.5,671,450,2.5123,0.85902
1316,135,671,450,2.5862,0.90894
1316,141.5,671,450,-2.9964,0.96967
1316,148,671,450,-2.3786,0.98154
1316,154.5,671,450,-1.7762,0.93188
1316,161,671,450,-1.1221,0.68096
1316,167.5,671,450,-1.2285,0.9852
1316,174,671,450,0.031706,0.65776
1316,180.5,671,450,-0.1599,0.87974
1316,187,671,450,-0.3643,0.81038
1316,193.5,671,450,0.30059,0.90333
1316,200,671,450,0.11431,0.79724
1367,5,671,450,-0.30317,0.96371
1367,11.5,671,450,-0.30317,0.96371
1367,18,671,450,-0.26403,0.96392
1367,24.5,671,450,-0.2189,0.96418
1367,31,671,450,-0.1517,0.9648
1367,37.5,671,450,-0.070018,0.96574
1367,44,671,450,0.040473,0.96732
1367,50.5,671,450,0.18649,0.97031
1367,57,671,450,0.40409,0.97505
1367,63.5,671,450,0.62088,0.97944
1367,70,671,450,0.93682,0.98419
1367,76.5,671,450,1.3787,0.984
1367,83,671,450,1.9045,0.97671
1367,89.5,671,450,2.5899,0.96947
1367,96,671,450,-2.8961,0.98029
1367,102.5,671,450,-1.8368,0.97474
1367,109,671,450,-0.14107,0.62212
1367,115.5,671,450,0.27953,0.98227
1367,122,671,450,1.2931,0.98174
1367,128.5,671,450,2.0599,0.92257
1367,135,671,450,2.9179,0.97877
1367,141.5,671,450,-2.669,0.96896
1367,148,671,450,-2.024,0.90054
1367,154.5,671,450,-1.1711,0.6017
1367,161,671,450,-1.3011,0.95788
1367,167.5,671,450,-0.83095,0.99174
1367,174,671,450,-0.3122,0.99345
1367,180.5,671,450,0.67004,0.87611
1367,187,671,450,0.22505,0.64977
1367,193.5,671,450,0.90575,0.63084
1367,200,671,450,0.75712,0.97954
1418,5,671,450,-0.30486,0.96405
1418,11.5,671,450,-0.30486,0.96405
1418,18,671,450,-0.26451,0.96436
1418,24.5,671,450,-0.21773,0.96489
1418,31,671,450,-0.14812,0.96611
1418,37.5,671,450,-0.06348,0.96743
1418,44,671,450,0.051418,0.96945
1418,50.5,671,450,0.20338,0.97258
1418,57,671,450,0.43007,0.97613
1418,63.5,671,450,0.6555,0.97798
1418,70,671,450,0.98313,0.97773
1418,76.5,671,450,1.4382,0.97265
1418,83,671,450,1.9788,0.96898
1418,89.5,671,450,2.6897,0.97682
1418,96,671,450,-2.7572,0.98779
1418,102.5,671,450,-1.6614,0.97421
1418,109,671,450,0.18249,0.69028
1418,115.5,671,450,0.42743,0.98534
1418,122,671,450,1.457,0.97181
1418,128.5,671,450,2.371,0.98693
1418,135,671,450,-3.0887,0.97073
1418,141.5,671,450,-2.3576,0.90761
1418,148,671,450,-1.4974,0.71537
1418,154.5,671,450,-1.6751,0.8824
1418,161,671,450,-0.39615,0.69361
1418,167.5,671,450,-0.38256,0.94743
1418,174,671,450,0.11971,0.95498
1418,180.5,671,450,1.708,0.3101
1418,187,671,450,0.81961,0.64896
1418,193.5,671,450,2.8401,0.32519
1418,200,671,450,1.3494,0.98111
1469,5,671,450,-0.30741,0.96149
1469,11.5,671,450,-0.30741,0.96149
1469,18,671,450,-0.26565,0.96198
1469,24.5,671,450,-0.21717,0.96287
1469,31,671,450,-0.1448,0.96443
1469,37.5,671,450,-0.057011,0.966
1469,44,671,450,0.062373,0.96785
1469,50.5,671,450,0.22009,0.96997
1469,57,671,450,0.45478,0.97114
1469,63.5,671,450,0.68746,0.97074
1469,70,671,450,1.0246,0.96848
1469,76.5,671,450,1.4922,0.96655
1469,83,671,450,2.0522,0.97455
1469,89.5,671,450,2.797,0.98969
1469,96,671,450,-2.616,0.98742
1469,102.5,671,450,-1.4856,0.97675
1469,109,671,450,0.46548,0.77061
1469,115.5,671,450,0.60537,0.9807
1469,122,671,450,2.2471,0.63615
1469,128.5,671,450,2.5997,0.97998
1469,135,671,450,-2.8045,0.9311
1469,141.5,671,450,-1.8777,0.80717
1469,148,671,450,-2.1218,0.68247
1469,154.5,671,450,-1.0548,0.90017
1469,161,671,450,0.3106,0.41207
1469,167.5,671,450,0.30119,0.6888
1469,174,671,450,0.58951,0.89869
1469,180.5,671,450,0.033458,0.25078
1469,187,671,450,2.5159,0.27324
1469,193.5,671,450,0.65759,0.55265
1469,200,671,450,1.991,0.85239
