500,5,700,450,-0.20665,0.95883
500,11.5,700,450,-0.20665,0.95883
500,18,700,450,-0.1921,0.95973
500,24.5,700,450,-0.17676,0.96081
500,31,700,450,-0.15154,0.96231
500,37.5,700,450,-0.12233,0.9641
500,44,700,450,-0.085406,0.96637
500,50.5,700,450,-0.034908,0.96938
500,57,700,450,0.038838,0.97298
500,63.5,700,450,0.11049,0.97556
500,70,700,450,0.20899,0.97888
500,76.5,700,450,0.34187,0.98143
500,83,700,450,0.49171,0.9827
500,89.5,700,450,0.68538,0.9809
500,96,700,450,0.90974,0.97768
500,102.5,700,450,1.2244,0.97294
500,109,700,450,1.5843,0.96877
500,115.5,700,450,2.0757,0.97177
500,122,700,450,2.729,0.92122
500,128.5,700,450,-2.0858,0.10882
500,135,700,450,2.4227,0.31832
500,141.5,700,450,2.9969,0.52429
500,148,700,450,-2.8971,0.61147
500,154.5,700,450,-2.5868,0.67426
500,161,700,450,-2.3035,0.72146
500,167.5,700,450,-2.0649,0.73762
500,174,700,450,-1.2201,0.2234
500,180.5,700,450,-1.7632,0.87003
500,187,700,450,-1.555,0.88003
500,193.5,700,450,-1.3118,0.87854
500,200,700,450,-0.85643,0.80408
551,5,700,450,-0.20967,0.95605
551,11.5,700,450,-0.20967,0.95605
551,18,700,450,-0.19355,0.95702
551,24.5,700,450,-0.17643,0.95812
551,31,700,450,-0.14867,0.95935
551,37.5,700,450,-0.11634,0.96094
551,44,700,450,-0.075124,0.96281
551,50.5,700,450,-0.019306,0.96498
551,57,700,450,0.061986,0.96713
551,63.5,700,450,0.14096,0.96844
551,70,700,450,0.24943,0.96969
551,76.5,700,450,0.39599,0.96947
551,83,700,450,0.56129,0.96914
551,89.5,700,450,0.77503,0.96655
551,96,700,450,1.0232,0.96617
551,102.5,700,450,1.3709,0.96698
551,109,700,450,1.7638,0.97271
551,115.5,700,450,2.2831,0.9851
551,122,700,450,2.9712,0.96887
551,128.5,700,450,2.1651,0.17833
551,135,700,450,3.129,0.69517
551,141.5,700,450,-2.7186,0.78268
551,148,700,450,-2.3764,0.83739
551,154.5,700,450,-2.0866,0.88153
551,161,700,450,-1.8088,0.91763
551,167.5,700,450,-1.5583,0.93092
551,174,700,450,-1.6,0.97059
551,180.5,700,450,-1.1638,0.9719
551,187,700,450,-0.85364,0.9545
551,193.5,700,450,0.031656,0.42975
551,200,700,450,-1.5155,0.44353
602,5,700,450,-0.21921,0.95515
602,11.5,700,450,-0.21921,0.95515
602,18,700,450,-0.2016,0.95591
602,24.5,700,450,-0.18274,0.95677
602,31,700,450,-0.15267,0.95741
602,37.5,700,450,-0.11743,0.95834
602,44,700,450,-0.072283,0.95935
602,50.5,700,450,-0.011673,0.96043
602,57,700,450,0.076399,0.96136
602,63.5,700,450,0.16189,0.96168
602,70,700,450,0.2799,0.96226
602,76.5,700,450,0.43889,0.96221
602,83,700,450,0.61934,0.96406
602,89.5,700,450,0.85379,0.96522
602,96,700,450,1.1278,0.97021
602,102.5,700,450,1.5084,0.97526
602,109,700,450,1.9323,0.97781
602,115.5,700,450,2.4543,0.97389
602,122,700,450,3.1323,0.96423
602,128.5,700,450,3.1263,0.83578
602,135,700,450,-2.6494,0.91295
602,141.5,700,450,-2.2736,0.94617
602,148,700,450,-1.9528,0.96823
602,154.5,700,450,-1.6694,0.98275
602,161,700,450,-1.3869,0.98885
602,167.5,700,450,-1.1125,0.99206
602,174,700,450,-0.89621,0.97481
602,180.5,700,450,-0.1407,0.76296
602,187,700,450,-1.3927,0.27912
602,193.5,700,450,-1.432,0.91035
602,200,700,450,-0.76695,0.80788
653,5,700,450,-0.22338,0.95694
653,11.5,700,450,-0.22338,0.95694
653,18,700,450,-0.20449,0.95729
653,24.5,700,450,-0.184,0.95786
653,31,700,450,-0.15188,0.95806
653,37.5,700,450,-0.11407,0.95845
653,44,700,450,-0.065371,0.95886
653,50.5,700,450,-0.00036883,0.95955
653,57,700,450,0.094082,0.96045
653,63.5,700,450,0.18595,0.96128
653,70,700,450,0.31348,0.96327
653,76.5,700,450,0.48594,0.96633
653,83,700,450,0.68351,0.9723
653,89.5,700,450,0.94107,0.97858
653,96,700,450,1.2432,0.98541
653,102.5,700,450,1.6576,0.98664
653,109,700,450,2.1076,0.97936
653,115.5,700,450,2.6253,0.96842
653,122,700,450,-2.8975,0.90381
653,128.5,700,450,-2.7389,0.96171
653,135,700,450,-2.3147,0.97628
653,141.5,700,450,-1.9507,0.98129
653,148,700,450,-1.6333,0.97485
653,154.5,700,450,-1.3446,0.97073
653,161,700,450,-1.0249,0.9607
653,167.5,700,450,-1.1812,0.85094
653,174,700,450,0.087565,0.63901
653,180.5,700,450,-0.75104,0.75022
653,187,700,450,-0.2754,0.64556
653,193.5,700,450,-0.55508,0.97301
653,200,700,450,-0.25243,0.97465
704,5,700,450,-0.22661,0.96013
704,11.5,700,450,-0.22661,0.96013
704,18,700,450,-0.20655,0.9602
704,24.5,700,450,-0.18459,0.96054
704,31,700,450,-0.15053,0.96083
704,37.5,700,450,-0.11028,0.9612
704,44,700,450,-0.058141,0.96177
704,50.5,700,450,0.011322,0.9631
704,57,700,450,0.11259,0.96543
704,63.5,700,450,0.21132,0.96758
704,70,700,450,0.34943,0.97191
704,76.5,700,450,0.53718,0.97805
704,83,700,450,0.75394,0.9856
704,89.5,700,450,1.0362,0.99224
704,96,700,450,1.3663,0.99367
704,102.5,700,450,1.8112,0.98716
704,109,700,450,2.2854,0.97473
704,115.5,700,450,2.8184,0.9684
704,122,700,450,-3.0149,0.97844
704,128.5,700,450,-2.504,0.97878
704,135,700,450,-2.0802,0.97528
704,141.5,700,450,-1.7127,0.96539
704,148,700,450,-1.3859,0.95401
704,154.5,700,450,-1.0127,0.92363
704,161,700,450,-0.96222,0.95325
704,167.5,700,450,-0.64785,0.95615
704,174,700,450,-0.54651,0.94072
704,180.5,700,450,-0.11775,0.95616
704,187,700,450,-1.4705,0.006516
704,193.5,700,450,-0.020911,0.88273
704,200,700,450,0.25968,0.88841
755,5,700,450,-0.22873,0.96215
755,11.5,700,450,-0.22873,0.96215
755,18,700,450,-0.20751,0.96238
755,24.5,700,450,-0.18414,0.96277
755,31,700,450,-0.14798,0.96353
755,37.5,700,450,-0.10516,0.96441
755,44,700,450,-0.049323,0.96574
755,50.5,700,450,0.025086,0.96818
755,57,700,450,0.13394,0.97198
755,63.5,700,450,0.24028,0.97513
755,70,700,450,0.38986,0.9803
755,76.5,700,450,0.5941,0.98665
755,83,700,450,0.82971,0.99068
755,89.5,700,450,1.1355,0.9905
755,96,700,450,1.4883,0.98451
755,102.5,700,450,1.9613,0.97471
755,109,700,450,2.4648,0.96485
755,115.5,700,450,3.0612,0.95673
755,122,700,450,-2.9027,0.98998
755,128.5,700,450,-2.3162,0.97902
755,135,700,450,-1.8746,0.96795
755,141.5,700,450,-1.4807,0.95808
755,148,700,450,-0.26069,0.22151
755,154.5,700,450,-0.95104,0.98836
755,161,700,450,-0.61349,0.99088
755,167.5,700,450,-0.31442,0.9908
755,174,700,450,-0.039169,0.98156
755,180.5,700,450,0.46862,0.9775
755,187,700,450,-0.18543,0.45164
755,193.5,700,450,0.43502,0.74758
755,200,700,450,0.743,0.72849
806,5,700,450,-0.23022,0.96142
806,11.5,700,450,-0.23022,0.96142
806,18,700,450,-0.20774,0.96201
806,24.5,700,450,-0.18288,0.96279
806,31,700,450,-0.14435,0.96403
806,37.5,700,450,-0.098659,0.96551
806,44,700,450,-0.038742,0.96754
806,50.5,700,450,0.041147,0.97049
806,57,700,450,0.15799,0.97459
806,63.5,700,450,0.27215,0.97729
806,70,700,450,0.43322,0.98075
806,76.5,700,450,0.65248,0.98305
806,83,700,450,0.90412,0.98126
806,89.5,700,450,1.2298,0.97649
806,96,700,450,1.6036,0.96961
806,102.5,700,450,2.1057,0.96541
806,109,700,450,2.6481,0.96326
806,115.5,700,450,-2.939,0.91305
806,122,700,450,-2.7514,0.99241
806,128.5,700,450,-2.1102,0.97647
806,135,700,450,-1.5919,0.94823
806,141.5,700,450,-2.5731,0.081872
806,148,700,450,-1.0451,0.98739
806,154.5,700,450,-0.65134,0.9896
806,161,700,450,-0.27079,0.97793
806,167.5,700,450,0.10465,0.93835
806,174,700,450,0.33296,0.9536
806,180.5,700,450,1.1081,0.77392
806,187,700,450,0.42737,0.65296
806,193.5,700,450,0.94791,0.77555
806,200,700,450,1.4262,0.6937
857,5,700,450,-0.23244,0.95853
857,11.5,700,450,-0.23244,0.95853
857,18,700,450,-0.20853,0.95931
857,24.5,700,450,-0.1819,0.9606
857,31,700,450,-0.14088,0.96195
857,37.5,700,450,-0.092111,0.96361
857,44,700,450,-0.027915,0.9657
857,50.5,700,450,0.057343,0.96822
857,57,700,450,0.18206,0.97063
857,63.5,700,450,0.30341,0.97204
857,70,700,450,0.47483,0.97276
857,76.5,700,450,0.7069,0.97102
857,83,700,450,0.97231,0.96835
857,89.5,700,450,1.3158,0.96411
857,96,700,450,1.713,0.9669
857,102.5,700,450,2.2504,0.97263
857,109,700,450,2.8366,0.97332
857,115.5,700,450,-2.6593,0.88134
857,122,700,450,-2.5425,0.96787
857,128.5,700,450,-1.8089,0.94075
857,135,700,450,-0.70098,0.43947
857,141.5,700,450,-1.3061,0.96557
857,148,700,450,-0.75351,0.98742
857,154.5,700,450,-0.31746,0.96665
857,161,700,450,0.12479,0.925
857,167.5,700,450,0.61352,0.83335
857,174,700,450,0.78468,0.89347
857,180.5,700,450,1.8875,0.29495
857,187,700,450,1.3622,0.89864
857,193.5,700,450,2.2864,0.55612
857,200,700,450,-0.76105,4.1422e-06
908,5,700,450,-0.23603,0.95573
908,11.5,700,450,-0.23603,0.95573
908,18,700,450,-0.21055,0.95655
908,24.5,700,450,-0.18202,0.95797
908,31,700,450,-0.13859,0.95899
908,37.5,700,450,-0.086791,0.96031
908,44,700,450,-0.018481,0.96176
908,50.5,700,450,0.071778,0.9632
908,57,700,450,0.20341,0.964
908,63.5,700,450,0.33129,0.96429
908,70,700,450,0.51167,0.96396
908,76.5,700,450,0.75548,0.96278
908,83,700,450,1.0356,0.96434
908,89.5,700,450,1.4,0.96803
908,96,700,450,1.8252,0.97917
908,102.5,700,450,2.4024,0.9843
908,109,700,450,3.024,0.97231
908,115.5,700,450,-2.4022,0.89118
908,122,700,450,-2.2474,0.88602
908,128.5,700,450,-1.3104,0.75174
908,135,700,450,-2.0716,0.50821
908,141.5,700,450,-0.96854,0.96306
908,148,700,450,-0.39218,0.95376
908,154.5,700,450,0.11206,0.9136
908,161,700,450,0.65304,0.85186
908,167.5,700,450,1.2921,0.83593
908,174,700,450,1.4856,0.59644
908,180.5,700,450,1.9434,0.50548
908,187,700,450,3.0461,0.010828
908,193.5,700,450,1.5265,0.56259
908,200,700,450,1.3834,0.55097
959,5,700,450,-0.2471,0.95543
959,11.5,700,450,-0.2471,0.95543
959,18,700,450,-0.22021,0.95621
959,24.5,700,450,-0.18988,0.95696
959,31,700,450,-0.14421,0.95754
959,37.5,700,450,-0.089632,0.95828
959,44,700,450,-0.017572,0.959
959,50.5,700,450,0.077184,0.95974
959,57,700,450,0.21506,0.96035
959,63.5,700,450,0.34907,0.96081
959,70,700,450,0.53875,0.96213
959,76.5,700,450,0.79569,0.96569
959,83,700,450,1.0937,0.97285
959,89.5,700,450,1.4834,0.98342
959,96,700,450,1.9402,0.99179
959,102.5,700,450,2.552,0.98671
959,109,700,450,-3.0747,0.97016
959,115.5,700,450,-2.1751,0.93868
959,122,700,450,-1.894,0.77915
959,128.5,700,450,-0.64253,0.35766
959,135,700,450,-1.4788,0.71986
959,141.5,700,450,-0.55697,0.89452
959,148,700,450,0.097167,0.84848
959,154.5,700,450,0.70439,0.76256
959,161,700,450,1.3634,0.6362
959,167.5,700,450,2.208,0.7388
959,174,700,450,2.3705,0.1278
959,180.5,700,450,0.17464,0.01981
959,187,700,450,1.4276,0.58847
959,193.5,700,450,2.6709,0.61972
959,200,700,450,2.2843,0.74532
1010,5,700,450,-0.25112,0.95805
1010,11.5,700,450,-0.25112,0.95805
1010,18,700,450,-0.22286,0.95807
1010,24.5,700,450,-0.19114,0.95837
1010,31,700,450,-0.1434,0.95876
1010,37.5,700,450,-0.086274,0.95918
1010,44,700,450,-0.010715,0.95968
1010,50.5,700,450,0.088419,0.96071
1010,57,700,450,0.23286,0.96253
1010,63.5,700,450,0.37362,0.96468
1010,70,700,450,0.57368,0.96927
1010,76.5,700,450,0.84665,0.97693
1010,83,700,450,1.1649,0.98673
1010,89.5,700,450,1.5812,0.99346
1010,96,700,450,2.0647,0.99012
1010,102.5,700,450,2.705,0.97704
1010,109,700,450,-2.8909,0.96732
1010,115.5,700,450,-1.9363,0.9866
1010,122,700,450,-1.4888,0.71919
1010,128.5,700,450,0.047977,0.11854
1010,135,700,450,-0.93862,0.66153
1010,141.5,700,450,-0.022309,0.72526
1010,148,700,450,0.71333,0.62676
1010,154.5,700,450,1.3689,0.50936
1010,161,700,450,2.0592,0.39469
1010,167.5,700,450,2.9892,0.48863
1010,174,700,450,0.3304,0.012123
1010,180.5,700,450,1.5025,0.44824
1010,187,700,450,2.3855,0.73315
1010,193.5,700,450,1.5894,0.26072
1010,200,700,450,-3.034,0.91293
1061,5,700,450,-0.25384,0.96104
1061,11.5,700,450,-0.25384,0.96104
1061,18,700,450,-0.2246,0.96101
1061,24.5,700,450,-0.19144,0.96121
1061,31,700,450,-0.14165,0.9617
1061,37.5,700,450,-0.08203,0.96229
1061,44,700,450,-0.0028888,0.96325
1061,50.5,700,450,0.10099,0.96531
1061,57,700,450,0.25285,0.96893
1061,63.5,700,450,0.40123,0.97264
1061,70,700,450,0.61321,0.97862
1061,76.5,700,450,0.9033,0.98615
1061,83,700,450,1.2411,0.99039
1061,89.5,700,450,1.68,0.98683
1061,96,700,450,2.1839,0.97607
1061,102.5,700,450,2.851,0.96719
1061,109,700,450,-2.7107,0.96797
1061,115.5,700,450,-1.7471,0.97872
1061,122,700,450,-1.0985,0.75111
1061,128.5,700,450,0.73471,0.049215
1061,135,700,450,-0.36224,0.53667
1061,141.5,700,450,0.54989,0.55812
1061,148,700,450,1.2963,0.48333
1061,154.5,700,450,1.9597,0.42595
1061,161,700,450,2.7347,0.32938
1061,167.5,700,450,-2.3607,0.12211
1061,174,700,450,2.0663,0.57179
1061,180.5,700,450,2.4859,0.48318
1061,187,700,450,3.1117,0.66135
1061,193.5,700,450,-2.7111,0.70552
1061,200,700,450,-2.2655,0.72555
1112,5,700,450,-0.25544,0.96188
1112,11.5,700,450,-0.25544,0.96188
1112,18,700,450,-0.22527,0.96277
1112,24.5,700,450,-0.19065,0.96322
1112,31,700,450,-0.13868,0.96403
1112,37.5,700,450,-0.076363,0.96513
1112,44,700,450,0.0066687,0.96681
1112,50.5,700,450,0.11585,0.96977
1112,57,700,450,0.27579,0.97408
1112,63.5,700,450,0.43222,0.97746
1112,70,700,450,0.65614,0.98208
1112,76.5,700,450,0.96176,0.98388
1112,83,700,450,1.3153,0.98038
1112,89.5,700,450,1.7714,0.97119
1112,96,700,450,2.2947,0.96591
1112,102.5,700,450,2.9944,0.97052
1112,109,700,450,-2.5293,0.97434
1112,115.5,700,450,-1.5965,0.95827
1112,122,700,450,-0.74105,0.85871
1112,128.5,700,450,1.4901,0.0043006
1112,135,700,450,0.20158,0.52264
1112,141.5,700,450,1.077,0.55672
1112,148,700,450,1.8329,0.55339
1112,154.5,700,450,2.5846,0.52143
1112,161,700,450,-2.5544,0.16261
1112,167.5,700,450,2.2083,0.31217
1112,174,700,450,-2.9447,0.93017
1112,180.5,700,450,-3.06,0.44962
1112,187,700,450,-2.4352,0.52153
1112,193.5,700,450,-2.2055,0.70216
1112,200,700,450,-1.7096,0.71447
1163,5,700,450,-0.25848,0.96334
1163,11.5,700,450,-0.25848,0.96334
1163,18,700,450,-0.22658,0.96395
1163,24.5,700,450,-0.19034,0.9647
1163,31,700,450,-0.13603,0.96585
1163,37.5,700,450,-0.070741,0.9673
1163,44,700,450,0.016492,0.96927
1163,50.5,700,450,0.1312,0.97207
1163,57,700,450,0.29914,0.97508
1163,63.5,700,450,0.46316,0.97676
1163,70,700,450,0.6975,0.97722
1163,76.5,700,450,1.0154,0.97438
1163,83,700,450,1.3819,0.9697
1163,89.5,700,450,1.8555,0.96634
1163,96,700,450,2.4046,0.97402
1163,102.5,700,450,-3.1395,0.98273
1163,109,700,450,-2.3451,0.97423
1163,115.5,700,450,-1.4305,0.96657
1163,122,700,450,-0.44147,0.96033
1163,128.5,700,450,-0.77119,0.11299
1163,135,700,450,0.73124,0.65745
1163,141.5,700,450,1.5769,0.72067
1163,148,700,450,2.3938,0.74607
1163,154.5,700,450,-2.881,0.48888
1163,161,700,450,2.2,0.23393
1163,167.5,700,450,-2.9605,0.75838
1163,174,700,450,-2.2986,0.91313
1163,180.5,700,450,-2.4329,0.58298
1163,187,700,450,2.9461,0.47329
1163,193.5,700,450,-1.6881,0.86895
1163,200,700,450,-0.91709,0.70245
1214,5,700,450,-0.26097,0.96044
1214,11.5,700,450,-0.26097,0.96044
1214,18,700,450,-0.22765,0.96128
1214,24.5,700,450,-0.18964,0.96221
1214,31,700,450,-0.13292,0.96344
1214,37.5,700,450,-0.064603,0.96483
1214,44,700,450,0.026795,0.9665
1214,50.5,700,450,0.14667,0.96834
1214,57,700,450,0.32177,0.96941
1214,63.5,700,450,0.49234,0.96919
1214,70,700,450,0.7355,0.96815
1214,76.5,700,450,1.0646,0.96557
1214,83,700,450,1.4452,0.96653
1214,89.5,700,450,1.9407,0.97402
1214,96,700,450,2.5218,0.98836
1214,102.5,700,450,-2.9845,0.98832
1214,109,700,450,-2.1609,0.97125
1214,115.5,700,450,-1.2008,0.97986
1214,122,700,450,-0.21396,0.99458
1214,128.5,700,450,0.097849,0.62688
1214,135,700,450,1.2043,0.85355
1214,141.5,700,450,2.0485,0.90632
1214,148,700,450,2.9924,0.81695
1214,154.5,700,450,1.8853,0.078098
1214,161,700,450,-3.117,0.71695
1214,167.5,700,450,-2.2588,0.56305
1214,174,700,450,-1.9443,0.90959
1214,180.5,700,450,-1.7897,0.86659
1214,187,700,450,-1.782,0.93007
1214,193.5,700,450,-1.0054,0.97797
1214,200,700,450,-1.0894,0.32544
1265,5,700,450,-0.26478,0.95802
1265,11.5,700,450,-0.26478,0.95802
1265,18,700,450,-0.22998,0.95881
1265,24.5,700,450,-0.1902,0.95968
1265,31,700,450,-0.13106,0.96069
1265,37.5,700,450,-0.059851,0.96171
1265,44,700,450,0.035464,0.96271
1265,50.5,700,450,0.15999,0.9636
1265,57,700,450,0.34143,0.96374
1265,63.5,700,450,0.51798,0.96365
1265,70,700,450,0.7698,0.9638
1265,76.5,700,450,1.1116,0.96716
1265,83,700,450,1.5102,0.97596
1265,89.5,700,450,2.0339,0.98909
1265,96,700,450,2.645,0.99333
1265,102.5,700,450,-2.8302,0.97903
1265,109,700,450,-1.9782,0.96885
1265,115.5,700,450,-0.89078,0.92837
1265,122,700,450,-0.056802,0.98318
1265,128.5,700,450,0.66718,0.9157
1265,135,700,450,1.5805,0.9687
1265,141.5,700,450,2.4357,0.97715
1265,148,700,450,-1.9219,0.036806
1265,154.5,700,450,3.0233,0.78084
1265,161,700,450,-2.6129,0.90091
1265,167.5,700,450,-0.92344,0.043282
1265,174,700,450,-1.6731,0.95389
1265,180.5,700,450,-1.1891,0.99436
1265,187,700,450,-1.0998,0.87879
1265,193.5,700,450,-1.3979,0.20229
1265,200,700,450,-0.77504,0.84547
1316,5,700,450,-0.27667,0.95803
1316,11.5,700,450,-0.27667,0.95803
1316,18,700,450,-0.24042,0.95863
1316,24.5,700,450,-0.199,0.95917
1316,31,700,450,-0.13759,0.95978
1316,37.5,700,450,-0.063701,0.96047
1316,44,700,450,0.035234,0.96102
1316,50.5,700,450,0.16411,0.96181
1316,57,700,450,0.35182,0.9629
1316,63.5,700,450,0.53479,0.96445
1316,70,700,450,0.79673,0.96855
1316,76.5,700,450,1.1546,0.97736
1316,83,700,450,1.5747,0.98887
1316,89.5,700,450,2.1248,0.99317
1316,96,700,450,2.76,0.98422
1316,102.5,700,450,-2.6907,0.96808
1316,109,700,450,-1.8008,0.96827
1316,115.5,700,450,-0.52135,0.78208
1316,122,700,450,0.061037,0.96535
1316,128.5,700,450,0.98436,0.97495
1316,135,700,450,1.8436,0.9894
1316,141.5,700,450,2.8218,0.96205
1316,148,700,450,2.8609,0.86609
1316,154.5,700,450,-2.7903,0.95052
1316,161,700,450,-2.2271,0.97602
1316,167.5,700,450,-2.496,0.46401
1316,174,700,450,-1.7478,0.85732
1316,180.5,700,450,-0.64673,0.91315
1316,187,700,450,-1.7789,0.036159
1316,193.5,700,450,-0.26805,0.58988
1316,200,700,450,-0.27956,0.9528
1367,5,700,450,-0.28047,0.9606
1367,11.5,700,450,-0.28047,0.9606
1367,18,700,450,-0.24295,0.96095
1367,24.5,700,450,-0.19998,0.96124
1367,31,700,450,-0.13654,0.9615
1367,37.5,700,450,-0.060066,0.96211
1367,44,700,450,0.042427,0.96282
1367,50.5,700,450,0.17591,0.96432
1367,57,700,450,0.37078,0.96745
1367,63.5,700,450,0.56113,0.97115
1367,70,700,450,0.83518,0.97793
1367,76.5,700,450,1.2109,0.98692
1367,83,700,450,1.6508,0.99107
1367,89.5,700,450,2.2217,0.98345
1367,96,700,450,2.875,0.97031
1367,102.5,700,450,-2.547,0.97143
1367,109,700,450,-1.6189,0.97254
1367,115.5,700,450,-0.18649,0.69429
1367,122,700,450,0.33448,0.92668
1367,128.5,700,450,1.1995,0.98108
1367,135,700,450,2.0421,0.9754
1367,141.5,700,450,2.5546,0.90926
1367,148,700,450,-3.0086,0.9725
1367,154.5,700,450,-2.4483,0.97293
1367,161,700,450,-1.8839,0.94591
1367,167.5,700,450,-1.889,0.64658
1367,174,700,450,-1.2981,0.98736
1367,180.5,700,450,-0.671,0.99419
1367,187,700,450,-0.37801,0.91234
1367,193.5,700,450,1.3323,0.060563
1367,200,700,450,0.27619,0.89663
1418,5,700,450,-0.28298,0.96358
1418,11.5,700,450,-0.28298,0.96358
1418,18,700,450,-0.24421,0.96371
1418,24.5,700,450,-0.19982,0.96406
1418,31,700,450,-0.1344,0.96449
1418,37.5,700,450,-0.055263,0.96532
1418,44,700,450,0.050985,0.96664
1418,50.5,700,450,0.18955,0.96934
1418,57,700,450,0.39245,0.97371
1418,63.5,700,450,0.59105,0.978
1418,70,700,450,0.87762,0.98333
1418,76.5,700,450,1.2693,0.98585
1418,83,700,450,1.7246,0.98043
1418,89.5,700,450,2.311,0.96953
1418,96,700,450,2.9844,0.97018
1418,102.5,700,450,-2.3987,0.98104
1418,109,700,450,-1.4323,0.97144
1418,115.5,700,450,0.10437,0.76595
1418,122,700,450,0.060731,0.91535
1418,128.5,700,450,1.3854,0.97338
1418,135,700,450,2.2435,0.96231
1418,141.5,700,450,2.9091,0.97967
1418,148,700,450,-2.726,0.96925
1418,154.5,700,450,-2.1516,0.93985
1418,161,700,450,-1.5408,0.89956
1418,167.5,700,450,-1.4111,0.83062
1418,174,700,450,-1.2082,0.98703
1418,180.5,700,450,-0.19544,0.97787
1418,187,700,450,0.18522,0.99219
1418,193.5,700,450,-0.11827,0.36357
1418,200,700,450,0.79433,0.69714
1469,5,700,450,-0.28451,0.96438
1469,11.5,700,450,-0.28451,0.96438
1469,18,700,450,-0.24448,0.96469
1469,24.5,700,450,-0.19861,0.96518
1469,31,700,450,-0.13108,0.96638
1469,37.5,700,450,-0.049162,0.96752
1469,44,700,450,0.061151,0.96936
1469,50.5,700,450,0.2052,0.9724
1469,57,700,450,0.41637,0.97615
1469,63.5,700,450,0.6229,0.97866
1469,70,700,450,0.92031,0.97968
1469,76.5,700,450,1.3244,0.97562
1469,83,700,450,1.7916,0.96886
1469,89.5,700,450,2.3949,0.96729
1469,96,700,450,3.0978,0.98164
1469,102.5,700,450,-2.2438,0.98872
1469,109,700,450,-1.2474,0.96997
1469,115.5,700,450,0.40895,0.89628
1469,122,700,450,0.27932,0.94449
1469,128.5,700,450,1.6127,0.97332
1469,135,700,450,2.2258,0.97551
1469,141.5,700,450,3.1412,0.98256
1469,148,700,450,-2.4539,0.94891
1469,154.5,700,450,-1.8083,0.92004
1469,161,700,450,-0.87177,0.73912
1469,167.5,700,450,-1.6992,0.43893
1469,174,700,450,-0.75795,0.95729
1469,180.5,700,450,0.0062702,0.97179
1469,187,700,450,0.66914,0.94854
1469,193.5,700,450,0.57615,0.56714
1469,200,700,450,1.3905,0.66656
