500,5,650,450,-0.23142,0.9547
500,11.5,650,450,-0.23142,0.9547
500,18,650,450,-0.21548,0.95568
500,24.5,650,450,-0.19837,0.95678
500,31,650,450,-0.16993,0.95804
500,37.5,650,450,-0.13654,0.95961
500,44,650,450,-0.093777,0.96149
500,50.5,650,450,-0.033891,0.96314
500,57,650,450,0.056279,0.96406
500,63.5,650,450,0.14653,0.96308
500,70,650,450,0.2728,0.96057
500,76.5,650,450,0.45142,0.95306
500,83,650,450,0.66442,0.94215
500,89.5,650,450,0.95263,0.92899
500,96,650,450,1.3115,0.91597
500,102.5,650,450,1.8693,0.90282
500,109,650,450,2.75,0.55704
500,115.5,650,450,2.6238,0.3778
500,122,650,450,3.0825,0.47818
500,128.5,650,450,-2.7048,0.56503
500,135,650,450,-2.3418,0.61044
500,141.5,650,450,-2.0489,0.63731
500,148,650,450,-1.8028,0.6353
500,154.5,650,450,-1.6401,0.6629
500,161,650,450,-1.3436,0.68984
500,167.5,650,450,-1.1055,0.53453
500,174,650,450,-1.1195,0.29255
500,180.5,650,450,-1.3481,0.36728
500,187,650,450,-1.2452,0.5778
500,193.5,650,450,-1.0525,0.68662
500,200,650,450,-0.87456,0.73292
551,5,650,450,-0.23648,0.95355
551,11.5,650,450,-0.23648,0.95355
551,18,650,450,-0.21891,0.95427
551,24.5,650,450,-0.19979,0.95503
551,31,650,450,-0.16871,0.95568
551,37.5,650,450,-0.13199,0.9566
551,44,650,450,-0.08461,0.9576
551,50.5,650,450,-0.018981,0.95803
551,57,650,450,0.079593,0.95743
551,63.5,650,450,0.17823,0.95504
551,70,650,450,0.31672,0.95144
551,76.5,650,450,0.51292,0.94439
551,83,650,450,0.74852,0.93581
551,89.5,650,450,1.0671,0.92578
551,96,650,450,1.4608,0.91617
551,102.5,650,450,2.0442,0.90442
551,109,650,450,2.9029,0.47726
551,115.5,650,450,2.9462,0.60333
551,122,650,450,-2.8502,0.70024
551,128.5,650,450,-2.379,0.78709
551,135,650,450,-1.9916,0.84309
551,141.5,650,450,-1.6549,0.84903
551,148,650,450,-1.3733,0.79067
551,154.5,650,450,-1.0723,0.72644
551,161,650,450,-0.82085,0.31268
551,167.5,650,450,-1.1278,0.33559
551,174,650,450,-1.1111,0.33893
551,180.5,650,450,-0.98351,0.7361
551,187,650,450,-0.76046,0.78944
551,193.5,650,450,-0.56718,0.7978
551,200,650,450,-0.38325,0.79423
602,5,650,450,-0.24847,0.95588
602,11.5,650,450,-0.24847,0.95588
602,18,650,450,-0.22943,0.95612
602,24.5,650,450,-0.20858,0.95629
602,31,650,450,-0.17519,0.9564
602,37.5,650,450,-0.1355,0.95667
602,44,650,450,-0.083981,0.95694
602,50.5,650,450,-0.013134,0.95682
602,57,650,450,0.093288,0.95614
602,63.5,650,450,0.20001,0.95404
602,70,650,450,0.35099,0.95199
602,76.5,650,450,0.56538,0.94771
602,83,650,450,0.82484,0.94287
602,89.5,650,450,1.1747,0.93499
602,96,650,450,1.5994,0.9209
602,102.5,650,450,2.1883,0.90096
602,109,650,450,2.7329,0.53164
602,115.5,650,450,-3.0101,0.84644
602,122,650,450,-2.5081,0.8888
602,128.5,650,450,-2.0316,0.89232
602,135,650,450,-1.6414,0.79434
602,141.5,650,450,-1.4216,0.70033
602,148,650,450,-1.1634,0.7516
602,154.5,650,450,-0.7898,0.64052
602,161,650,450,-1.0245,0.4478
602,167.5,650,450,-0.76945,0.42018
602,174,650,450,-0.96409,0.67474
602,180.5,650,450,-0.56289,0.92448
602,187,650,450,-0.35181,0.9367
602,193.5,650,450,-0.15066,0.93738
602,200,650,450,0.047936,0.91316
653,5,650,450,-0.25205,0.95963
653,11.5,650,450,-0.25205,0.95963
653,18,650,450,-0.23173,0.95965
653,24.5,650,450,-0.20939,0.95949
653,31,650,450,-0.17383,0.95961
653,37.5,650,450,-0.13137,0.95981
653,44,650,450,-0.075893,0.96017
653,50.5,650,450,0.0002029,0.96069
653,57,650,450,0.11491,0.96137
653,63.5,650,450,0.23027,0.96082
653,70,650,450,0.39478,0.96107
653,76.5,650,450,0.62946,0.9595
653,83,650,450,0.9145,0.95504
653,89.5,650,450,1.2961,0.94546
653,96,650,450,1.7484,0.92531
653,102.5,650,450,2.3467,0.90638
653,109,650,450,2.938,0.89856
653,115.5,650,450,-2.7221,0.90694
653,122,650,450,-2.2251,0.88117
653,128.5,650,450,-1.7945,0.72073
653,135,650,450,-1.5676,0.72243
653,141.5,650,450,-1.262,0.80931
653,148,650,450,-0.95827,0.80695
653,154.5,650,450,-0.67737,0.64146
653,161,650,450,-0.4337,0.70862
653,167.5,650,450,-0.42398,0.32457
653,174,650,450,-0.43768,0.74408
653,180.5,650,450,-0.080551,0.88789
653,187,650,450,0.15045,0.87798
653,193.5,650,450,0.37842,0.76841
653,200,650,450,0.51812,0.7842
704,5,650,450,-0.25426,0.96142
704,11.5,650,450,-0.25426,0.96142
704,18,650,450,-0.23272,0.96163
704,24.5,650,450,-0.20887,0.96177
704,31,650,450,-0.17099,0.9624
704,37.5,650,450,-0.12562,0.96315
704,44,650,450,-0.065901,0.96432
704,50.5,650,450,0.015998,0.96601
704,57,650,450,0.13987,0.96824
704,63.5,650,450,0.26474,0.96864
704,70,650,450,0.44386,0.96941
704,76.5,650,450,0.69958,0.96658
704,83,650,450,1.0092,0.95727
704,89.5,650,450,1.4209,0.94335
704,96,650,450,1.9022,0.92342
704,102.5,650,450,2.5413,0.90598
704,109,650,450,3.1156,0.8845
704,115.5,650,450,-2.518,0.85127
704,122,650,450,-2.0392,0.77432
704,128.5,650,450,-1.7618,0.78062
704,135,650,450,-1.3257,0.89668
704,141.5,650,450,-0.95371,0.87057
704,148,650,450,-0.61641,0.77284
704,154.5,650,450,-0.47712,0.76178
704,161,650,450,0.15238,0.51946
704,167.5,650,450,-0.23356,0.26988
704,174,650,450,0.02983,0.5996
704,180.5,650,450,0.4296,0.58989
704,187,650,450,0.6275,0.38366
704,193.5,650,450,0.4682,0.61451
704,200,650,450,0.77705,0.87454
755,5,650,450,-0.25668,0.9597
755,11.5,650,450,-0.25668,0.9597
755,18,650,450,-0.23376,0.96028
755,24.5,650,450,-0.20815,0.96103
755,31,650,450,-0.16763,0.96224
755,37.5,650,450,-0.11901,0.96363
755,44,650,450,-0.054609,0.9655
755,50.5,650,450,0.033602,0.96769
755,57,650,450,0.1671,0.96978
755,63.5,650,450,0.3016,0.96949
755,70,650,450,0.49468,0.96768
755,76.5,650,450,0.76929,0.96049
755,83,650,450,1.1007,0.94816
755,89.5,650,450,1.5407,0.93207
755,96,650,450,2.0564,0.91484
755,102.5,650,450,2.7663,0.87607
755,109,650,450,-3.0374,0.86008
755,115.5,650,450,-2.3531,0.78845
755,122,650,450,-1.9779,0.71482
755,128.5,650,450,-1.4432,0.89113
755,135,650,450,-0.98301,0.81419
755,141.5,650,450,-0.56951,0.66089
755,148,650,450,-0.26032,0.44585
755,154.5,650,450,-0.26042,0.72916
755,161,650,450,0.49625,0.24902
755,167.5,650,450,0.048768,0.34697
755,174,650,450,0.56895,0.48309
755,180.5,650,450,0.93003,0.23257
755,187,650,450,0.28301,0.31326
755,193.5,650,450,0.87895,0.88175
755,200,650,450,1.2843,0.95471
806,5,650,450,-0.26043,0.95605
806,11.5,650,450,-0.26043,0.95605
806,18,650,450,-0.23591,0.95694
806,24.5,650,450,-0.20826,0.95801
806,31,650,450,-0.16493,0.95931
806,37.5,650,450,-0.11285,0.96083
806,44,650,450,-0.043585,0.96263
806,50.5,650,450,0.050817,0.96418
806,57,650,450,0.19341,0.96455
806,63.5,650,450,0.33678,0.96244
806,70,650,450,0.54236,0.95786
806,76.5,650,450,0.83374,0.94857
806,83,650,450,1.186,0.93799
806,89.5,650,450,1.6549,0.92631
806,96,650,450,2.2104,0.91204
806,102.5,650,450,2.9949,0.83594
806,109,650,450,-2.8822,0.83195
806,115.5,650,450,-2.1288,0.70086
806,122,650,450,-1.7406,0.80671
806,128.5,650,450,-1.1364,0.71803
806,135,650,450,-0.65573,0.59102
806,141.5,650,450,-0.24109,0.42335
806,148,650,450,0.037834,0.26137
806,154.5,650,450,0.17372,0.57161
806,161,650,450,0.56381,0.12366
806,167.5,650,450,0.8806,0.41123
806,174,650,450,1.0266,0.14156
806,180.5,650,450,0.87068,0.089667
806,187,650,450,0.93994,0.57096
806,193.5,650,450,1.5375,0.76034
806,200,650,450,1.9499,0.72545
857,5,650,450,-0.26564,0.95388
857,11.5,650,450,-0.26564,0.95388
857,18,650,450,-0.23949,0.95482
857,24.5,650,450,-0.2098,0.95552
857,31,650,450,-0.16376,0.95637
857,37.5,650,450,-0.10832,0.95742
857,44,650,450,-0.03444,0.95849
857,50.5,650,450,0.065703,0.95884
857,57,650,450,0.21642,0.95759
857,63.5,650,450,0.36758,0.95458
857,70,650,450,0.58487,0.9506
857,76.5,650,450,0.89297,0.9449
857,83,650,450,1.2682,0.94008
857,89.5,650,450,1.7707,0.93428
857,96,650,450,2.3654,0.91501
857,102.5,650,450,-3.0721,0.83202
857,109,650,450,-2.6369,0.79833
857,115.5,650,450,-2.0371,0.32681
857,122,650,450,-1.5035,0.69136
857,128.5,650,450,-0.84247,0.56269
857,135,650,450,-0.29477,0.44732
857,141.5,650,450,0.24778,0.3208
857,148,650,450,0.90034,0.17825
857,154.5,650,450,0.33396,0.027529
857,161,650,450,0.42578,0.059416
857,167.5,650,450,0.79497,0.18815
857,174,650,450,1.4552,0.2721
857,180.5,650,450,1.1402,0.12773
857,187,650,450,1.7149,0.47034
857,193.5,650,450,2.2479,0.49899
857,200,650,450,2.6425,0.2977
908,5,650,450,-0.27096,0.95525
908,11.5,650,450,-0.27096,0.95525
908,18,650,450,-0.2433,0.95577
908,24.5,650,450,-0.21183,0.95583
908,31,650,450,-0.16334,0.95611
908,37.5,650,450,-0.10485,0.95658
908,44,650,450,-0.026776,0.957
908,50.5,650,450,0.078581,0.95694
908,57,650,450,0.23706,0.95605
908,63.5,650,450,0.39613,0.95438
908,70,650,450,0.62598,0.9537
908,76.5,650,450,0.95412,0.95371
908,83,650,450,1.3562,0.95275
908,89.5,650,450,1.8941,0.94452
908,96,650,450,2.5225,0.92072
908,102.5,650,450,-2.8568,0.86854
908,109,650,450,-2.3,0.70682
908,115.5,650,450,-2.0507,0.44504
908,122,650,450,-1.2344,0.6182
908,128.5,650,450,-0.43591,0.49578
908,135,650,450,0.35207,0.38262
908,141.5,650,450,1.3466,0.20957
908,148,650,450,2.9166,0.067402
908,154.5,650,450,-0.41299,0.23416
908,161,650,450,0.46265,0.18322
908,167.5,650,450,1.4932,0.35385
908,174,650,450,2.2186,0.30519
908,180.5,650,450,1.9824,0.32257
908,187,650,450,2.6478,0.52839
908,193.5,650,450,-3.0195,0.47213
908,200,650,450,3.0875,0.08731
959,5,650,450,-0.2833,0.95873
959,11.5,650,450,-0.2833,0.95873
959,18,650,450,-0.25419,0.95882
959,24.5,650,450,-0.22129,0.95874
959,31,650,450,-0.1706,0.95882
959,37.5,650,450,-0.10928,0.9591
959,44,650,450,-0.02718,0.95956
959,50.5,650,450,0.083481,0.96024
959,57,650,450,0.25042,0.96146
959,63.5,650,450,0.4184,0.96146
959,70,650,450,0.66286,0.9638
959,76.5,650,450,1.0133,0.96452
959,83,650,450,1.4421,0.95945
959,89.5,650,450,2.0115,0.94219
959,96,650,450,2.6742,0.9182
959,102.5,650,450,-2.6503,0.88888
959,109,650,450,-1.8984,0.60334
959,115.5,650,450,-1.7358,0.48478
959,122,650,450,-0.83391,0.57772
959,128.5,650,450,0.24211,0.44673
959,135,650,450,1.4043,0.22897
959,141.5,650,450,2.758,0.051286
959,148,650,450,-1.3032,0.012643
959,154.5,650,450,0.8116,0.31724
959,161,650,450,1.4173,0.16216
959,167.5,650,450,2.2695,0.3998
959,174,650,450,2.8648,0.39567
959,180.5,650,450,-3.017,0.62647
959,187,650,450,-2.4692,0.62269
959,193.5,650,450,-1.4613,0.28477
959,200,650,450,2.6492,0.028612
1010,5,650,450,-0.28562,0.9611
1010,11.5,650,450,-0.28562,0.9611
1010,18,650,450,-0.25547,0.96137
1010,24.5,650,450,-0.22089,0.96162
1010,31,650,450,-0.16796,0.96203
1010,37.5,650,450,-0.10374,0.96268
1010,44,650,450,-0.017381,0.96382
1010,50.5,650,450,0.099151,0.96563
1010,57,650,450,0.27554,0.96827
1010,63.5,650,450,0.4534,0.96889
1010,70,650,450,0.71305,0.97051
1010,76.5,650,450,1.0844,0.96612
1010,83,650,450,1.5363,0.95254
1010,89.5,650,450,2.1325,0.93273
1010,96,650,450,2.8274,0.91255
1010,102.5,650,450,-2.4604,0.89325
1010,109,650,450,-1.5036,0.56461
1010,115.5,650,450,-1.2843,0.48247
1010,122,650,450,-0.23023,0.50364
1010,128.5,650,450,1.0752,0.31224
1010,135,650,450,2.3024,0.086234
1010,141.5,650,450,1.0423,0.0029686
1010,148,650,450,1.6899,0.096555
1010,154.5,650,450,2.3843,0.48668
1010,161,650,450,2.7068,0.072052
1010,167.5,650,450,3.0943,0.42191
1010,174,650,450,-2.7735,0.42462
1010,180.5,650,450,-2.2066,0.60072
1010,187,650,450,-1.6294,0.55583
1010,193.5,650,450,-0.45126,0.018016
1010,200,650,450,-2.5448,0.3107
1061,5,650,450,-0.28775,0.96048
1061,11.5,650,450,-0.28775,0.96048
1061,18,650,450,-0.25609,0.96116
1061,24.5,650,450,-0.21983,0.96177
1061,31,650,450,-0.16437,0.96279
1061,37.5,650,450,-0.096991,0.96401
1061,44,650,450,-0.0059805,0.96576
1061,50.5,650,450,0.11689,0.96794
1061,57,650,450,0.30303,0.97001
1061,63.5,650,450,0.49054,0.96887
1061,70,650,450,0.76392,0.96669
1061,76.5,650,450,1.153,0.95596
1061,83,650,450,1.624,0.941
1061,89.5,650,450,2.2476,0.9259
1061,96,650,450,2.9795,0.91184
1061,102.5,650,450,-2.2941,0.87745
1061,109,650,450,-1.1363,0.6204
1061,115.5,650,450,-0.7423,0.4605
1061,122,650,450,0.39698,0.39912
1061,128.5,650,450,1.6749,0.22077
1061,135,650,450,1.9366,0.027163
1061,141.5,650,450,1.9391,0.23115
1061,148,650,450,2.8016,0.40349
1061,154.5,650,450,-2.9491,0.66191
1061,161,650,450,-2.8336,0.076419
1061,167.5,650,450,-2.4741,0.36379
1061,174,650,450,-2.3209,0.61063
1061,180.5,650,450,-1.6699,0.65182
1061,187,650,450,-0.97988,0.32374
1061,193.5,650,450,-2.0162,0.31578
1061,200,650,450,-1.3347,0.67821
1112,5,650,450,-0.29138,0.95741
1112,11.5,650,450,-0.29138,0.95741
1112,18,650,450,-0.25781,0.9582
1112,24.5,650,450,-0.21968,0.9591
1112,31,650,450,-0.16145,0.96042
1112,37.5,650,450,-0.090683,0.96185
1112,44,650,450,0.0051232,0.96355
1112,50.5,650,450,0.13418,0.96494
1112,57,650,450,0.32927,0.96489
1112,63.5,650,450,0.52536,0.96151
1112,70,650,450,0.81033,0.95618
1112,76.5,650,450,1.2143,0.9464
1112,83,650,450,1.7064,0.93777
1112,89.5,650,450,2.3616,0.93236
1112,96,650,450,3.1318,0.91745
1112,102.5,650,450,-2.1247,0.88911
1112,109,650,450,-0.80838,0.70633
1112,115.5,650,450,-0.25857,0.46462
1112,122,650,450,0.86873,0.39849
1112,128.5,650,450,1.927,0.16749
1112,135,650,450,1.9477,0.26263
1112,141.5,650,450,2.7171,0.48316
1112,148,650,450,-2.9314,0.46549
1112,154.5,650,450,-2.5395,0.73335
1112,161,650,450,-2.5636,0.30833
1112,167.5,650,450,-2.0785,0.4005
1112,174,650,450,-1.6977,0.78458
1112,180.5,650,450,-1.1235,0.47163
1112,187,650,450,-1.3595,0.49701
1112,193.5,650,450,-0.91391,0.74723
1112,200,650,450,-0.40072,0.7505
1163,5,650,450,-0.29686,0.95727
1163,11.5,650,450,-0.29686,0.95727
1163,18,650,450,-0.26213,0.95811
1163,24.5,650,450,-0.22205,0.95901
1163,31,650,450,-0.16101,0.95998
1163,37.5,650,450,-0.086866,0.96105
1163,44,650,450,0.013507,0.96204
1163,50.5,650,450,0.14819,0.96222
1163,57,650,450,0.35116,0.96071
1163,63.5,650,450,0.55495,0.95711
1163,70,650,450,0.85108,0.95299
1163,76.5,650,450,1.2726,0.94964
1163,83,650,450,1.7906,0.94826
1163,89.5,650,450,2.4822,0.94309
1163,96,650,450,-2.9966,0.92188
1163,102.5,650,450,-1.9312,0.90185
1163,109,650,450,-0.55732,0.73673
1163,115.5,650,450,0.10905,0.5705
1163,122,650,450,1.2658,0.50503
1163,128.5,650,450,1.8689,0.26199
1163,135,650,450,2.4724,0.49381
1163,141.5,650,450,3.0887,0.56755
1163,148,650,450,-2.6946,0.55305
1163,154.5,650,450,-2.2992,0.84515
1163,161,650,450,-1.9093,0.84685
1163,167.5,650,450,-1.5287,0.72504
1163,174,650,450,-0.98255,0.50464
1163,180.5,650,450,-1.0818,0.38295
1163,187,650,450,-0.82369,0.7581
1163,193.5,650,450,-0.39299,0.79167
1163,200,650,450,0.19878,0.55173
1214,5,650,450,-0.30245,0.95718
1214,11.5,650,450,-0.30245,0.95718
1214,18,650,450,-0.26611,0.95782
1214,24.5,650,450,-0.22418,0.95847
1214,31,650,450,-0.16062,0.95886
1214,37.5,650,450,-0.083328,0.95945
1214,44,650,450,0.021266,0.95992
1214,50.5,650,450,0.16116,0.9598
1214,57,650,450,0.37184,0.95907
1214,63.5,650,450,0.58377,0.95766
1214,70,650,450,0.89286,0.95807
1214,76.5,650,450,1.3362,0.95941
1214,83,650,450,1.8821,0.95825
1214,89.5,650,450,2.6076,0.94402
1214,96,650,450,-2.8388,0.91976
1214,102.5,650,450,-1.7145,0.88348
1214,109,650,450,-0.4064,0.69134
1214,115.5,650,450,0.44999,0.77311
1214,122,650,450,1.6641,0.5299
1214,128.5,650,450,2.0885,0.47157
1214,135,650,450,2.7688,0.64369
1214,141.5,650,450,-2.9375,0.74095
1214,148,650,450,-2.3987,0.75398
1214,154.5,650,450,-1.9675,0.92244
1214,161,650,450,-1.434,0.79048
1214,167.5,650,450,-0.93696,0.69563
1214,174,650,450,-1.0389,0.41794
1214,180.5,650,450,-1.0024,0.65675
1214,187,650,450,-0.42525,0.89955
1214,193.5,650,450,0.00053565,0.90679
1214,200,650,450,0.32436,0.8236
1265,5,650,450,-0.30704,0.96011
1265,11.5,650,450,-0.30704,0.96011
1265,18,650,450,-0.26926,0.96047
1265,24.5,650,450,-0.2256,0.96078
1265,31,650,450,-0.15981,0.96085
1265,37.5,650,450,-0.079607,0.96118
1265,44,650,450,0.02909,0.9617
1265,50.5,650,450,0.17433,0.9624
1265,57,650,450,0.39359,0.96383
1265,63.5,650,450,0.61482,0.96445
1265,70,650,450,0.93945,0.96783
1265,76.5,650,450,1.4053,0.96827
1265,83,650,450,1.9769,0.95756
1265,89.5,650,450,2.7305,0.93539
1265,96,650,450,-2.6834,0.91453
1265,102.5,650,450,-1.5016,0.85328
1265,109,650,450,-0.42358,0.67984
1265,115.5,650,450,0.77512,0.89189
1265,122,650,450,1.7754,0.37664
1265,128.5,650,450,2.3245,0.68549
1265,135,650,450,3.0536,0.83862
1265,141.5,650,450,-2.578,0.85012
1265,148,650,450,-2.0876,0.61638
1265,154.5,650,450,-1.7057,0.54125
1265,161,650,450,-1.2575,0.91869
1265,167.5,650,450,-0.78499,0.42752
1265,174,650,450,-0.46805,0.66526
1265,180.5,650,450,-0.44402,0.82135
1265,187,650,450,0.062795,0.9273
1265,193.5,650,450,0.46003,0.82251
1265,200,650,450,0.8319,0.82398
1316,5,650,450,-0.31922,0.96342
1316,11.5,650,450,-0.31922,0.96342
1316,18,650,450,-0.28015,0.96355
1316,24.5,650,450,-0.23487,0.96381
1316,31,650,450,-0.16685,0.96415
1316,37.5,650,450,-0.083746,0.96466
1316,44,650,450,0.029253,0.96575
1316,50.5,650,450,0.18044,0.96757
1316,57,650,450,0.40932,0.97032
1316,63.5,650,450,0.64043,0.97125
1316,70,650,450,0.98072,0.97205
1316,76.5,650,450,1.4668,0.96445
1316,83,650,450,2.0582,0.94616
1316,89.5,650,450,2.837,0.92862
1316,96,650,450,-2.5414,0.91134
1316,102.5,650,450,-1.303,0.84579
1316,109,650,450,-0.28388,0.90799
1316,115.5,650,450,1.0052,0.86004
1316,122,650,450,1.6878,0.60096
1316,128.5,650,450,2.6089,0.87503
1316,135,650,450,-2.8931,0.84395
1316,141.5,650,450,-2.3038,0.59758
1316,148,650,450,-2.0542,0.66298
1316,154.5,650,450,-1.492,0.67301
1316,161,650,450,-0.97575,0.95843
1316,167.5,650,450,-0.45364,0.90914
1316,174,650,450,0.24369,0.53297
1316,180.5,650,450,0.095269,0.64777
1316,187,650,450,0.61679,0.54996
1316,193.5,650,450,0.64746,0.7233
1316,200,650,450,1.1927,0.87435
1367,5,650,450,-0.32106,0.96401
1367,11.5,650,450,-0.32106,0.96401
1367,18,650,450,-0.28068,0.96424
1367,24.5,650,450,-0.23377,0.96469
1367,31,650,450,-0.16324,0.96567
1367,37.5,650,450,-0.07705,0.96668
1367,44,650,450,0.040585,0.96826
1367,50.5,650,450,0.19808,0.97045
1367,57,650,450,0.43691,0.97189
1367,63.5,650,450,0.67764,0.97089
1367,70,650,450,1.0312,0.96632
1367,76.5,650,450,1.5329,0.95316
1367,83,650,450,2.1425,0.93957
1367,89.5,650,450,2.9522,0.93221
1367,96,650,450,-2.3877,0.91637
1367,102.5,650,450,-1.1019,0.88144
1367,109,650,450,-0.14902,0.85581
1367,115.5,650,450,1.153,0.77549
1367,122,650,450,1.9719,0.88588
1367,128.5,650,450,2.9264,0.83067
1367,135,650,450,-2.6303,0.61565
1367,141.5,650,450,-2.3414,0.52371
1367,148,650,450,-1.6375,0.83387
1367,154.5,650,450,-0.98709,0.37756
1367,161,650,450,-0.55001,0.76018
1367,167.5,650,450,0.027041,0.80195
1367,174,650,450,0.74551,0.21974
1367,180.5,650,450,0.64293,0.44689
1367,187,650,450,0.69026,0.14892
1367,193.5,650,450,1.0825,0.92986
1367,200,650,450,1.6347,0.95491
1418,5,650,450,-0.32356,0.96148
1418,11.5,650,450,-0.32356,0.96148
1418,18,650,450,-0.28182,0.96211
1418,24.5,650,450,-0.23309,0.96278
1418,31,650,450,-0.15979,0.96401
1418,37.5,650,450,-0.070299,0.96534
1418,44,650,450,0.052079,0.96684
1418,50.5,650,450,0.21578,0.96803
1418,57,650,450,0.46337,0.96713
1418,63.5,650,450,0.71224,0.96362
1418,70,650,450,1.0765,0.95677
1418,76.5,650,450,1.593,0.94734
1418,83,650,450,2.2259,0.94452
1418,89.5,650,450,3.0722,0.94201
1418,96,650,450,-2.231,0.92277
1418,102.5,650,450,-0.8947,0.90125
1418,109,650,450,-0.025226,0.82112
1418,115.5,650,450,1.2071,0.81272
1418,122,650,450,2.2475,0.86341
1418,128.5,650,450,-3.1084,0.65281
1418,135,650,450,-2.5414,0.40555
1418,141.5,650,450,-1.9475,0.75954
1418,148,650,450,-1.1795,0.51428
1418,154.5,650,450,-0.6398,0.20189
1418,161,650,450,-0.25451,0.29182
1418,167.5,650,450,0.50432,0.60548
1418,174,650,450,0.70019,0.13016
1418,180.5,650,450,1.2669,0.1472
1418,187,650,450,0.71786,0.3642
1418,193.5,650,450,1.7109,0.81885
1418,200,650,450,2.264,0.50592
1469,5,650,450,-0.32794,0.95833
1469,11.5,650,450,-0.32794,0.95833
1469,18,650,450,-0.2847,0.9591
1469,24.5,650,450,-0.23404,0.96001
1469,31,650,450,-0.15793,0.96075
1469,37.5,650,450,-0.065066,0.96192
1469,44,650,450,0.061855,0.96286
1469,50.5,650,450,0.2311,0.96291
1469,57,650,450,0.48631,0.96069
1469,63.5,650,450,0.74238,0.95713
1469,70,650,450,1.1178,0.95374
1469,76.5,650,450,1.653,0.95317
1469,83,650,450,2.315,0.95566
1469,89.5,650,450,-3.0861,0.94475
1469,96,650,450,-2.0741,0.91852
1469,102.5,650,450,-0.68883,0.88181
1469,109,650,450,0.15503,0.79406
1469,115.5,650,450,1.4399,0.82222
1469,122,650,450,2.463,0.76056
1469,128.5,650,450,-2.8505,0.49193
1469,135,650,450,-2.441,0.53457
1469,141.5,650,450,-1.4992,0.51363
1469,148,650,450,-0.82358,0.2863
1469,154.5,650,450,-0.24321,0.15234
1469,161,650,450,0.2753,0.15455
1469,167.5,650,450,1.1929,0.27595
1469,174,650,450,1.2659,0.073036
1469,180.5,650,450,1.6204,0.22371
1469,187,650,450,1.544,0.38826
1469,193.5,650,450,2.4322,0.45322
1469,200,650,450,2.4642,0.49892
