500,5,609,450,-0.25797,0.95245
500,11.5,609,450,-0.25797,0.95245
500,18,609,450,-0.24074,0.95325
500,24.5,609,450,-0.22206,0.9541
500,31,609,450,-0.1907,0.9546
500,37.5,609,450,-0.15343,0.95515
500,44,609,450,-0.10494,0.95574
500,50.5,609,450,-0.036294,0.95461
500,57,609,450,0.06992,0.94994
500,63.5,609,450,0.17877,0.94195
500,70,609,450,0.33535,0.93017
500,76.5,609,450,0.56862,0.90831
500,83,609,450,0.87153,0.88256
500,89.5,609,450,1.3267,0.8573
500,96,609,450,2.0364,0.74747
500,102.5,609,450,2.5481,0.22303
500,109,609,450,2.982,0.34869
500,115.5,609,450,-2.7133,0.43081
500,122,609,450,-2.3066,0.51499
500,128.5,609,450,-1.9195,0.60996
500,135,609,450,-1.6009,0.65124
500,141.5,609,450,-1.3266,0.6383
500,148,609,450,-1.1083,0.52481
500,154.5,609,450,-1.0455,0.41484
500,161,609,450,-1.0312,0.4256
500,167.5,609,450,-1.0228,0.49065
500,174,609,450,-0.88906,0.62939
500,180.5,609,450,-0.6891,0.68063
500,187,609,450,-0.53732,0.68543
500,193.5,609,450,-0.36207,0.65219
500,200,609,450,-0.17077,0.55895
551,5,609,450,-0.26404,0.9547
551,11.5,609,450,-0.26404,0.9547
551,18,609,450,-0.24517,0.95508
551,24.5,609,450,-0.22457,0.95542
551,31,609,450,-0.19054,0.95525
551,37.5,609,450,-0.14981,0.95502
551,44,609,450,-0.096393,0.95465
551,50.5,609,450,-0.021449,0.95251
551,57,609,450,0.094478,0.9471
551,63.5,609,450,0.21346,0.93878
551,70,609,450,0.38609,0.92772
551,76.5,609,450,0.64343,0.90878
551,83,609,450,0.9785,0.88802
551,89.5,609,450,1.4681,0.86972
551,96,609,450,2.1788,0.7902
551,102.5,609,450,2.6226,0.4586
551,109,609,450,-2.9868,0.6575
551,115.5,609,450,-2.3558,0.72948
551,122,609,450,-1.9184,0.74098
551,128.5,609,450,-1.5638,0.71828
551,135,609,450,-1.2842,0.70045
551,141.5,609,450,-0.99109,0.65451
551,148,609,450,-0.84432,0.33955
551,154.5,609,450,-0.96554,0.39231
551,161,609,450,-0.95596,0.52793
551,167.5,609,450,-0.7673,0.79459
551,174,609,450,-0.54262,0.86451
551,180.5,609,450,-0.31839,0.87394
551,187,609,450,-0.14553,0.86151
551,193.5,609,450,0.034099,0.78741
551,200,609,450,0.15228,0.72144
602,5,609,450,-0.27658,0.95904
602,11.5,609,450,-0.27658,0.95904
602,18,609,450,-0.25636,0.95909
602,24.5,609,450,-0.23404,0.95924
602,31,609,450,-0.19759,0.95889
602,37.5,609,450,-0.15371,0.95834
602,44,609,450,-0.095747,0.95775
602,50.5,609,450,-0.014719,0.95591
602,57,609,450,0.11104,0.9516
602,63.5,609,450,0.24069,0.9448
602,70,609,450,0.43019,0.93651
602,76.5,609,450,0.71396,0.92117
602,83,609,450,1.0824,0.9021
602,89.5,609,450,1.6029,0.88349
602,96,609,450,2.2711,0.83326
602,102.5,609,450,2.9166,0.79638
602,109,609,450,-2.6724,0.84029
602,115.5,609,450,-2.0737,0.77993
602,122,609,450,-1.7011,0.70911
602,128.5,609,450,-1.4165,0.71766
602,135,609,450,-1.1385,0.74631
602,141.5,609,450,-0.82563,0.70052
602,148,609,450,-0.79129,0.518
602,154.5,609,450,-0.64761,0.53808
602,161,609,450,-0.58762,0.71588
602,167.5,609,450,-0.33028,0.8992
602,174,609,450,-0.10072,0.92165
602,180.5,609,450,0.13155,0.89921
602,187,609,450,0.29547,0.89222
602,193.5,609,450,0.5005,0.91432
602,200,609,450,0.71643,0.86588
653,5,609,450,-0.27903,0.96115
653,11.5,609,450,-0.27903,0.96115
653,18,609,450,-0.25749,0.96121
653,24.5,609,450,-0.23347,0.96169
653,31,609,450,-0.19447,0.96183
653,37.5,609,450,-0.14741,0.96173
653,44,609,450,-0.084713,0.96183
653,50.5,609,450,0.0029122,0.96119
653,57,609,450,0.13956,0.95861
653,63.5,609,450,0.28089,0.9531
653,70,609,450,0.4889,0.94598
653,76.5,609,450,0.80053,0.92977
653,83,609,450,1.2018,0.90632
653,89.5,609,450,1.7537,0.88266
653,96,609,450,2.3881,0.86802
653,102.5,609,450,-3.1267,0.86738
653,109,609,450,-2.4719,0.84456
653,115.5,609,450,-1.9451,0.74228
653,122,609,450,-1.6154,0.76376
653,128.5,609,450,-1.2491,0.83384
653,135,609,450,-0.91953,0.82227
653,141.5,609,450,-0.60278,0.84096
653,148,609,450,-0.32463,0.53846
653,154.5,609,450,-0.24939,0.42016
653,161,609,450,-0.17599,0.59022
653,167.5,609,450,0.10591,0.63305
653,174,609,450,0.29157,0.55607
653,180.5,609,450,0.35617,0.61211
653,187,609,450,0.56808,0.80218
653,193.5,609,450,0.84205,0.88749
653,200,609,450,1.1029,0.86272
704,5,609,450,-0.28199,0.9589
704,11.5,609,450,-0.28199,0.9589
704,18,609,450,-0.25895,0.9594
704,24.5,609,450,-0.23298,0.96029
704,31,609,450,-0.19111,0.96105
704,37.5,609,450,-0.14049,0.96166
704,44,609,450,-0.072571,0.96259
704,50.5,609,450,0.022291,0.96264
704,57,609,450,0.17043,0.96013
704,63.5,609,450,0.32382,0.95395
704,70,609,450,0.55002,0.94453
704,76.5,609,450,0.88763,0.923
704,83,609,450,1.3189,0.89475
704,89.5,609,450,1.9067,0.86783
704,96,609,450,2.5524,0.72266
704,102.5,609,450,-2.9857,0.85846
704,109,609,450,-2.3554,0.82675
704,115.5,609,450,-1.8274,0.86102
704,122,609,450,-1.3863,0.84728
704,128.5,609,450,-0.9804,0.73857
704,135,609,450,-0.67179,0.64091
704,141.5,609,450,-0.3373,0.73279
704,148,609,450,-0.079971,0.3796
704,154.5,609,450,-0.020892,0.33774
704,161,609,450,0.21706,0.4379
704,167.5,609,450,0.44308,0.37097
704,174,609,450,0.45249,0.36311
704,180.5,609,450,0.64246,0.72555
704,187,609,450,0.98819,0.89556
704,193.5,609,450,1.3087,0.94651
704,200,609,450,1.58,0.94945
755,5,609,450,-0.28734,0.9547
755,11.5,609,450,-0.28734,0.9547
755,18,609,450,-0.26262,0.95556
755,24.5,609,450,-0.23451,0.95658
755,31,609,450,-0.18955,0.95742
755,37.5,609,450,-0.13509,0.95827
755,44,609,450,-0.061681,0.95926
755,50.5,609,450,0.040435,0.95871
755,57,609,450,0.19956,0.9545
755,63.5,609,450,0.36404,0.94628
755,70,609,450,0.60657,0.93368
755,76.5,609,450,0.9671,0.91006
755,83,609,450,1.4274,0.88398
755,89.5,609,450,2.0574,0.85829
755,96,609,450,2.5777,0.50526
755,102.5,609,450,-2.859,0.84212
755,109,609,450,-2.2142,0.86771
755,115.5,609,450,-1.5939,0.78169
755,122,609,450,-1.1746,0.68241
755,128.5,609,450,-0.77922,0.53968
755,135,609,450,-0.467,0.45438
755,141.5,609,450,-0.06403,0.44589
755,148,609,450,0.086628,0.301
755,154.5,609,450,0.34261,0.34307
755,161,609,450,0.76899,0.21048
755,167.5,609,450,0.72248,0.15686
755,174,609,450,0.69784,0.31366
755,180.5,609,450,1.2063,0.61545
755,187,609,450,1.5888,0.64435
755,193.5,609,450,1.8991,0.58464
755,200,609,450,2.0485,0.61078
806,5,609,450,-0.29426,0.9529
806,11.5,609,450,-0.29426,0.9529
806,18,609,450,-0.26777,0.95368
806,24.5,609,450,-0.23759,0.95442
806,31,609,450,-0.18967,0.95476
806,37.5,609,450,-0.13145,0.95518
806,44,609,450,-0.052776,0.95547
806,50.5,609,450,0.056034,0.95373
806,57,609,450,0.22505,0.94809
806,63.5,609,450,0.39952,0.93921
806,70,609,450,0.65726,0.92777
806,76.5,609,450,1.0406,0.90873
806,83,609,450,1.5343,0.88982
806,89.5,609,450,2.2154,0.86371
806,96,609,450,2.6005,0.45511
806,102.5,609,450,-2.6692,0.78567
806,109,609,450,-2.0399,0.7098
806,115.5,609,450,-1.4296,0.62516
806,122,609,450,-0.97617,0.54498
806,128.5,609,450,-0.48996,0.38659
806,135,609,450,-0.014402,0.22582
806,141.5,609,450,-0.28922,0.16391
806,148,609,450,0.2147,0.20036
806,154.5,609,450,0.71578,0.22522
806,161,609,450,1.0826,0.12966
806,167.5,609,450,1.0989,0.10493
806,174,609,450,1.2942,0.24646
806,180.5,609,450,1.874,0.33975
806,187,609,450,2.1777,0.28426
806,193.5,609,450,2.1815,0.33424
806,200,609,450,2.4466,0.48935
857,5,609,450,-0.30064,0.95521
857,11.5,609,450,-0.30064,0.95521
857,18,609,450,-0.27244,0.95557
857,24.5,609,450,-0.24045,0.95602
857,31,609,450,-0.1899,0.95584
857,37.5,609,450,-0.12826,0.95564
857,44,609,450,-0.044752,0.95526
857,50.5,609,450,0.070167,0.95319
857,57,609,450,0.24877,0.94818
857,63.5,609,450,0.43373,0.94081
857,70,609,450,0.70823,0.93284
857,76.5,609,450,1.1186,0.91896
857,83,609,450,1.6505,0.90267
857,89.5,609,450,2.3826,0.86735
857,96,609,450,2.7591,0.42927
857,102.5,609,450,-2.3943,0.46617
857,109,609,450,-1.9017,0.60096
857,115.5,609,450,-1.1978,0.51575
857,122,609,450,-0.58589,0.38653
857,128.5,609,450,0.10324,0.099596
857,135,609,450,-0.55557,0.027821
857,141.5,609,450,-0.22186,0.22941
857,148,609,450,0.49208,0.19956
857,154.5,609,450,1.2524,0.2148
857,161,609,450,1.8688,0.12773
857,167.5,609,450,1.935,0.10928
857,174,609,450,2.3765,0.24882
857,180.5,609,450,3.0241,0.22985
857,187,609,450,-3.0989,0.089464
857,193.5,609,450,2.8436,0.14656
857,200,609,450,2.8521,0.39347
908,5,609,450,-0.30467,0.95926
908,11.5,609,450,-0.30467,0.95926
908,18,609,450,-0.27508,0.95937
908,24.5,609,450,-0.24133,0.95978
908,31,609,450,-0.18835,0.95958
908,37.5,609,450,-0.12351,0.9592
908,44,609,450,-0.035354,0.95889
908,50.5,609,450,0.08588,0.95764
908,57,609,450,0.27495,0.95462
908,63.5,609,450,0.47134,0.94945
908,70,609,450,0.76483,0.94363
908,76.5,609,450,1.2053,0.92975
908,83,609,450,1.7724,0.90248
908,89.5,609,450,2.5503,0.86242
908,96,609,450,3.0203,0.40935
908,102.5,609,450,-2.4788,0.27612
908,109,609,450,-1.6508,0.51815
908,115.5,609,450,-0.71367,0.3411
908,122,609,450,0.054118,0.059556
908,128.5,609,450,-0.79795,0.031087
908,135,609,450,-0.15157,0.063433
908,141.5,609,450,0.56687,0.12438
908,148,609,450,1.4867,0.10435
908,154.5,609,450,2.1155,0.17441
908,161,609,450,2.8558,0.22148
908,167.5,609,450,-2.985,0.32415
908,174,609,450,-2.4094,0.34979
908,180.5,609,450,-1.6272,0.18937
908,187,609,450,-1.2993,0.0067326
908,193.5,609,450,3.0069,0.092571
908,200,609,450,-2.6104,0.30861
959,5,609,450,-0.31729,0.96111
959,11.5,609,450,-0.31729,0.96111
959,18,609,450,-0.28648,0.96111
959,24.5,609,450,-0.25078,0.96184
959,31,609,450,-0.19515,0.96214
959,37.5,609,450,-0.12703,0.96219
959,44,609,450,-0.033976,0.96255
959,50.5,609,450,0.094214,0.96233
959,57,609,450,0.29477,0.96033
959,63.5,609,450,0.50364,0.95495
959,70,609,450,0.8162,0.94662
959,76.5,609,450,1.2832,0.92405
959,83,609,450,1.8796,0.89152
959,89.5,609,450,2.694,0.85609
959,96,609,450,-2.9412,0.45014
959,102.5,609,450,-2.3261,0.28048
959,109,609,450,-1.2074,0.39465
959,115.5,609,450,0.073114,0.064271
959,122,609,450,-0.96702,0.026455
959,128.5,609,450,0.09696,0.05181
959,135,609,450,1.3598,0.07631
959,141.5,609,450,2.4569,0.1434
959,148,609,450,-2.9816,0.093788
959,154.5,609,450,-3.1307,0.16823
959,161,609,450,-2.5961,0.28881
959,167.5,609,450,-2.1014,0.41508
959,174,609,450,-1.5971,0.37568
959,180.5,609,450,-0.80078,0.10206
959,187,609,450,-2.4387,0.026843
959,193.5,609,450,-2.0242,0.20672
959,200,609,450,-1.6938,0.17146
1010,5,609,450,-0.32022,0.95886
1010,11.5,609,450,-0.32022,0.95886
1010,18,609,450,-0.28769,0.95946
1010,24.5,609,450,-0.25012,0.96009
1010,31,609,450,-0.19156,0.96088
1010,37.5,609,450,-0.11985,0.96146
1010,44,609,450,-0.021515,0.96233
1010,50.5,609,450,0.11398,0.96215
1010,57,609,450,0.32596,0.9588
1010,63.5,609,450,0.54639,0.95101
1010,70,609,450,0.87544,0.93798
1010,76.5,609,450,1.3644,0.91149
1010,83,609,450,1.9888,0.88299
1010,89.5,609,450,2.8453,0.85869
1010,96,609,450,-2.5517,0.5708
1010,102.5,609,450,-1.9129,0.2549
1010,109,609,450,-0.53345,0.2323
1010,115.5,609,450,-0.30102,0.0038067
1010,122,609,450,0.11368,0.047838
1010,128.5,609,450,1.6685,0.11603
1010,135,609,450,2.6621,0.2089
1010,141.5,609,450,-2.7976,0.35904
1010,148,609,450,-2.1596,0.18176
1010,154.5,609,450,-2.4433,0.2163
1010,161,609,450,-2.1304,0.46857
1010,167.5,609,450,-1.6085,0.52568
1010,174,609,450,-1.2005,0.35612
1010,180.5,609,450,-1.4132,0.21696
1010,187,609,450,-1.1512,0.43157
1010,193.5,609,450,-0.64101,0.3682
1010,200,609,450,-0.66263,0.15121
1061,5,609,450,-0.32508,0.95504
1061,11.5,609,450,-0.32508,0.95504
1061,18,609,450,-0.29101,0.95555
1061,24.5,609,450,-0.25137,0.95646
1061,31,609,450,-0.18977,0.95716
1061,37.5,609,450,-0.1143,0.95783
1061,44,609,450,-0.010578,0.95852
1061,50.5,609,450,0.1319,0.95732
1061,57,609,450,0.35409,0.95192
1061,63.5,609,450,0.58464,0.94253
1061,70,609,450,0.92829,0.92854
1061,76.5,609,450,1.4388,0.90764
1061,83,609,450,2.0968,0.89063
1061,89.5,609,450,3.0001,0.87167
1061,96,609,450,-2.1951,0.71302
1061,102.5,609,450,-1.4016,0.23422
1061,109,609,450,0.12817,0.15202
1061,115.5,609,450,0.45463,0.036211
1061,122,609,450,1.5048,0.12556
1061,128.5,609,450,2.5906,0.2593
1061,135,609,450,-3.0646,0.31208
1061,141.5,609,450,-2.4718,0.51228
1061,148,609,450,-2.0638,0.288
1061,154.5,609,450,-1.9805,0.49514
1061,161,609,450,-1.5249,0.65918
1061,167.5,609,450,-1.1591,0.53368
1061,174,609,450,-1.0645,0.48546
1061,180.5,609,450,-0.71263,0.63404
1061,187,609,450,-0.32379,0.62378
1061,193.5,609,450,0.088255,0.28982
1061,200,609,450,0.06865,0.18404
1112,5,609,450,-0.33174,0.95379
1112,11.5,609,450,-0.33174,0.95379
1112,18,609,450,-0.29631,0.95382
1112,24.5,609,450,-0.25456,0.95468
1112,31,609,450,-0.1901,0.95486
1112,37.5,609,450,-0.11096,0.95513
1112,44,609,450,-0.0021443,0.95522
1112,50.5,609,450,0.1467,0.95313
1112,57,609,450,0.37826,0.94746
1112,63.5,609,450,0.61853,0.93886
1112,70,609,450,0.97776,0.9299
1112,76.5,609,450,1.5156,0.91763
1112,83,609,450,2.213,0.9037
1112,89.5,609,450,-3.1222,0.87462
1112,96,609,450,-1.9264,0.79669
1112,102.5,609,450,-0.97059,0.28996
1112,109,609,450,0.56361,0.19408
1112,115.5,609,450,1.3382,0.1521
1112,122,609,450,2.2089,0.24552
1112,128.5,609,450,2.9417,0.38526
1112,135,609,450,-2.8358,0.50911
1112,141.5,609,450,-2.2796,0.75567
1112,148,609,450,-1.8205,0.77394
1112,154.5,609,450,-1.3862,0.74531
1112,161,609,450,-1.0135,0.48087
1112,167.5,609,450,-0.96448,0.41158
1112,174,609,450,-0.79712,0.70264
1112,180.5,609,450,-0.30765,0.78266
1112,187,609,450,0.090552,0.66437
1112,193.5,609,450,0.24366,0.48575
1112,200,609,450,0.44274,0.39002
1163,5,609,450,-0.33929,0.9591
1163,11.5,609,450,-0.33929,0.9591
1163,18,609,450,-0.30185,0.95953
1163,24.5,609,450,-0.25812,0.95997
1163,31,609,450,-0.19107,0.95975
1163,37.5,609,450,-0.10852,0.95954
1163,44,609,450,0.0050762,0.95924
1163,50.5,609,450,0.16012,0.95734
1163,57,609,450,0.40169,0.95334
1163,63.5,609,450,0.65309,0.94749
1163,70,609,450,1.0311,0.94176
1163,76.5,609,450,1.5998,0.92996
1163,83,609,450,2.333,0.90458
1163,89.5,609,450,-2.9641,0.86717
1163,96,609,450,-1.7537,0.84579
1163,102.5,609,450,-0.60573,0.4873
1163,109,609,450,0.93147,0.31635
1163,115.5,609,450,1.7793,0.27186
1163,122,609,450,2.465,0.39665
1163,128.5,609,450,-3.1176,0.66039
1163,135,609,450,-2.4826,0.82293
1163,141.5,609,450,-1.9586,0.84606
1163,148,609,450,-1.5036,0.87813
1163,154.5,609,450,-1.0229,0.74184
1163,161,609,450,-0.90015,0.44016
1163,167.5,609,450,-0.81776,0.56145
1163,174,609,450,-0.40354,0.91424
1163,180.5,609,450,0.075749,0.95096
1163,187,609,450,0.42508,0.93068
1163,193.5,609,450,0.83127,0.85298
1163,200,609,450,1.2275,0.70184
1214,5,609,450,-0.34357,0.96316
1214,11.5,609,450,-0.34357,0.96316
1214,18,609,450,-0.3047,0.96325
1214,24.5,609,450,-0.25915,0.96343
1214,31,609,450,-0.18957,0.96333
1214,37.5,609,450,-0.10375,0.96309
1214,44,609,450,0.014628,0.96302
1214,50.5,609,450,0.17629,0.96218
1214,57,609,450,0.42908,0.96009
1214,63.5,609,450,0.69286,0.95518
1214,70,609,450,1.0909,0.94866
1214,76.5,609,450,1.6876,0.92811
1214,83,609,450,2.4492,0.89325
1214,89.5,609,450,-2.8123,0.86152
1214,96,609,450,-1.6331,0.8795
1214,102.5,609,450,-0.2316,0.72953
1214,109,609,450,1.1913,0.37637
1214,115.5,609,450,1.9393,0.43956
1214,122,609,450,2.7151,0.71989
1214,128.5,609,450,-2.7716,0.86496
1214,135,609,450,-2.1809,0.83394
1214,141.5,609,450,-1.7769,0.6985
1214,148,609,450,-1.3072,0.9433
1214,154.5,609,450,-0.80315,0.77104
1214,161,609,450,-0.42912,0.56445
1214,167.5,609,450,-0.35856,0.61608
1214,174,609,450,0.099643,0.7735
1214,180.5,609,450,0.44808,0.72957
1214,187,609,450,0.82082,0.87214
1214,193.5,609,450,1.2643,0.84652
1214,200,609,450,1.7043,0.59737
1265,5,609,450,-0.34603,0.96474
1265,11.5,609,450,-0.34603,0.96474
1265,18,609,450,-0.3058,0.96475
1265,24.5,609,450,-0.25851,0.96502
1265,31,609,450,-0.1862,0.9654
1265,37.5,609,450,-0.09697,0.96552
1265,44,609,450,0.026462,0.96595
1265,50.5,609,450,0.19531,0.96573
1265,57,609,450,0.45987,0.96326
1265,63.5,609,450,0.73604,0.95666
1265,70,609,450,1.1517,0.94385
1265,76.5,609,450,1.7702,0.91558
1265,83,609,450,2.5583,0.88527
1265,89.5,609,450,-2.6586,0.86584
1265,96,609,450,-1.515,0.89168
1265,102.5,609,450,0.046749,0.82326
1265,109,609,450,1.2248,0.43231
1265,115.5,609,450,2.1755,0.76677
1265,122,609,450,3.0474,0.87092
1265,128.5,609,450,-2.553,0.81237
1265,135,609,450,-1.9688,0.85786
1265,141.5,609,450,-1.5302,0.66043
1265,148,609,450,-1.0382,0.92686
1265,154.5,609,450,-0.48455,0.82688
1265,161,609,450,0.015402,0.34964
1265,167.5,609,450,0.06539,0.45613
1265,174,609,450,0.43833,0.41553
1265,180.5,609,450,0.65767,0.76379
1265,187,609,450,1.1796,0.94077
1265,193.5,609,450,1.645,0.9193
1265,200,609,450,2.0148,0.86254
1316,5,609,450,-0.36017,0.96226
1316,11.5,609,450,-0.36017,0.96226
1316,18,609,450,-0.3185,0.96264
1316,24.5,609,450,-0.26936,0.96318
1316,31,609,450,-0.19411,0.96381
1316,37.5,609,450,-0.10125,0.96427
1316,44,609,450,0.027455,0.96488
1316,50.5,609,450,0.20351,0.96411
1316,57,609,450,0.47898,0.95919
1316,63.5,609,450,0.76567,0.94962
1316,70,609,450,1.1958,0.93395
1316,76.5,609,450,1.8344,0.9097
1316,83,609,450,2.6558,0.89437
1316,89.5,609,450,-2.511,0.87163
1316,96,609,450,-1.3679,0.86318
1316,102.5,609,450,0.20265,0.83615
1316,109,609,450,1.2872,0.72299
1316,115.5,609,450,2.459,0.87045
1316,122,609,450,-3.0514,0.81144
1316,128.5,609,450,-2.3854,0.86648
1316,135,609,450,-1.694,0.77119
1316,141.5,609,450,-1.238,0.45864
1316,148,609,450,-0.74794,0.58979
1316,154.5,609,450,-0.1648,0.63612
1316,161,609,450,0.22408,0.23052
1316,167.5,609,450,0.56894,0.32969
1316,174,609,450,0.69351,0.23734
1316,180.5,609,450,1.1394,0.77632
1316,187,609,450,1.7089,0.81118
1316,193.5,609,450,2.133,0.80274
1316,200,609,450,2.5398,0.79401
1367,5,609,450,-0.36488,0.95841
1367,11.5,609,450,-0.36488,0.95841
1367,18,609,450,-0.32161,0.95914
1367,24.5,609,450,-0.27042,0.95995
1367,31,609,450,-0.19221,0.96031
1367,37.5,609,450,-0.095694,0.9607
1367,44,609,450,0.038247,0.961
1367,50.5,609,450,0.221,0.95912
1367,57,609,450,0.50595,0.95246
1367,63.5,609,450,0.80194,0.9427
1367,70,609,450,1.2466,0.93061
1367,76.5,609,450,1.9109,0.91768
1367,83,609,450,2.773,0.90463
1367,89.5,609,450,-2.347,0.87233
1367,96,609,450,-1.1267,0.72939
1367,102.5,609,450,0.30864,0.83892
1367,109,609,450,1.542,0.8734
1367,115.5,609,450,2.6313,0.80388
1367,122,609,450,-2.9142,0.84476
1367,128.5,609,450,-2.0789,0.73909
1367,135,609,450,-1.45,0.53426
1367,141.5,609,450,-0.94705,0.31295
1367,148,609,450,-0.45165,0.32692
1367,154.5,609,450,0.24357,0.29924
1367,161,609,450,0.61229,0.18558
1367,167.5,609,450,1.0076,0.11712
1367,174,609,450,1.0062,0.16784
1367,180.5,609,450,1.7731,0.44116
1367,187,609,450,2.0975,0.34217
1367,193.5,609,450,2.5132,0.5483
1367,200,609,450,2.8878,0.82596
1418,5,609,450,-0.37138,0.95698
1418,11.5,609,450,-0.37138,0.95698
1418,18,609,450,-0.32631,0.95768
1418,24.5,609,450,-0.27308,0.95851
1418,31,609,450,-0.19214,0.95854
1418,37.5,609,450,-0.092063,0.95855
1418,44,609,450,0.046854,0.95845
1418,50.5,609,450,0.23573,0.95621
1418,57,609,450,0.53005,0.95071
1418,63.5,609,450,0.83625,0.9439
1418,70,609,450,1.2988,0.93819
1418,76.5,609,450,1.9946,0.92912
1418,83,609,450,2.8943,0.90269
1418,89.5,609,450,-2.1903,0.86082
1418,96,609,450,-0.84862,0.47153
1418,102.5,609,450,0.43718,0.86796
1418,109,609,450,1.7126,0.81092
1418,115.5,609,450,2.7554,0.78219
1418,122,609,450,-2.6378,0.76281
1418,128.5,609,450,-1.85,0.5059
1418,135,609,450,-1.1656,0.36602
1418,141.5,609,450,-0.45032,0.22086
1418,148,609,450,0.68651,0.039997
1418,154.5,609,450,-0.044413,0.066586
1418,161,609,450,0.79415,0.13613
1418,167.5,609,450,1.6099,0.12438
1418,174,609,450,1.716,0.13808
1418,180.5,609,450,2.5503,0.21001
1418,187,609,450,2.568,0.22698
1418,193.5,609,450,2.8055,0.43482
1418,200,609,450,-2.8147,0.82482
1469,5,609,450,-0.37765,0.95926
1469,11.5,609,450,-0.37765,0.95926
1469,18,609,450,-0.33088,0.95981
1469,24.5,609,450,-0.27567,0.96022
1469,31,609,450,-0.19224,0.96027
1469,37.5,609,450,-0.088814,0.96007
1469,44,609,450,0.054937,0.95995
1469,50.5,609,450,0.25013,0.95851
1469,57,609,450,0.555,0.95574
1469,63.5,609,450,0.87342,0.95179
1469,70,609,450,1.3567,0.94745
1469,76.5,609,450,2.0824,0.92897
1469,83,609,450,3.0093,0.89108
1469,89.5,609,450,-2.0405,0.86024
1469,96,609,450,-0.6043,0.30107
1469,102.5,609,450,0.57216,0.68675
1469,109,609,450,1.8576,0.74761
1469,115.5,609,450,2.9826,0.71554
1469,122,609,450,-2.4421,0.56015
1469,128.5,609,450,-1.5417,0.36196
1469,135,609,450,-0.4494,0.18925
1469,141.5,609,450,0.47783,0.053549
1469,148,609,450,-2.2067,0.046106
1469,154.5,609,450,0.16218,0.093877
1469,161,609,450,1.5386,0.17603
1469,167.5,609,450,2.5224,0.18851
1469,174,609,450,3.0287,0.29756
1469,180.5,609,450,-2.0573,0.12779
1469,187,609,450,2.9693,0.03674
1469,193.5,609,450,-2.7403,0.34908
1469,200,609,450,-2.3424,0.49153
