500,25,680,260,-0.12614,0.96298
500,30,680,260,-0.064171,0.96612
500,35,680,260,0.0016239,0.96949
500,40,680,260,0.096873,0.97297
500,45,680,260,0.18164,0.97469
500,50,680,260,0.30141,0.97656
500,55,680,260,0.43311,0.97723
500,60,680,260,0.60977,0.97511
500,65,680,260,0.77485,0.97147
500,70,680,260,0.97829,0.9668
500,75,680,260,1.1821,0.96199
500,80,680,260,1.432,0.95438
500,85,680,260,1.7298,0.94768
500,90,680,260,2.0265,0.93786
500,95,680,260,2.3007,0.92997
500,100,680,260,2.6227,0.91825
500,105,680,260,2.9524,0.91199
500,110,680,260,-2.9933,0.91887
500,115,680,260,-2.6629,0.93237
500,120,680,260,-2.2853,0.95906
500,125,680,260,-1.8962,0.9699
500,130,680,260,-1.397,0.93348
500,135,680,260,-0.92398,0.84382
500,140,680,260,-0.7517,0.80149
500,145,680,260,-0.5554,0.75152
500,150,680,260,-0.43926,0.72737
510,25,680,260,-0.13499,0.96143
510,30,680,260,-0.071927,0.96445
510,35,680,260,-0.0046038,0.96758
510,40,680,260,0.092408,0.97061
510,45,680,260,0.17858,0.97192
510,50,680,260,0.3005,0.97321
510,55,680,260,0.43477,0.97321
510,60,680,260,0.61419,0.97043
510,65,680,260,0.78173,0.96657
510,70,680,260,0.98895,0.96217
510,75,680,260,1.1964,0.9578
510,80,680,260,1.4506,0.95064
510,85,680,260,1.7547,0.94531
510,90,680,260,2.0563,0.93698
510,95,680,260,2.3358,0.93271
510,100,680,260,2.6639,0.9223
510,105,680,260,3.0007,0.92204
510,110,680,260,-2.9356,0.93283
510,115,680,260,-2.5941,0.94745
510,120,680,260,-2.203,0.96848
510,125,680,260,-1.8019,0.96193
510,130,680,260,-1.3003,0.90038
510,135,680,260,-0.83552,0.80343
510,140,680,260,-0.66784,0.76608
510,145,680,260,-0.47722,0.72684
510,150,680,260,-0.36317,0.7106
520,25,680,260,-0.1288,0.96134
520,30,680,260,-0.06445,0.96419
520,35,680,260,0.0042729,0.96707
520,40,680,260,0.10319,0.96969
520,45,680,260,0.19101,0.9706
520,50,680,260,0.31514,0.97141
520,55,680,260,0.4518,0.97095
520,60,680,260,0.63435,0.96771
520,65,680,260,0.80482,0.9638
520,70,680,260,1.0157,0.96007
520,75,680,260,1.2271,0.95613
520,80,680,260,1.4858,0.95008
520,85,680,260,1.7963,0.94605
520,90,680,260,2.1044,0.94108
520,95,680,260,2.3901,0.93692
520,100,680,260,2.7247,0.93185
520,105,680,260,3.0707,0.93407
520,110,680,260,-2.8539,0.94918
520,115,680,260,-2.5007,0.96182
520,120,680,260,-2.0954,0.97041
520,125,680,260,-1.6867,0.94322
520,130,680,260,-1.1877,0.86396
520,135,680,260,-0.73242,0.77232
520,140,680,260,-0.56762,0.74415
520,145,680,260,-0.37935,0.71984
520,150,680,260,-0.26437,0.71368
530,25,680,260,-0.13673,0.95976
530,30,680,260,-0.071311,0.96239
530,35,680,260,-0.00113,0.96492
530,40,680,260,0.099452,0.96703
530,45,680,260,0.18859,0.96756
530,50,680,260,0.31477,0.96785
530,55,680,260,0.45387,0.96694
530,60,680,260,0.63907,0.96346
530,65,680,260,0.81211,0.95985
530,70,680,260,1.0268,0.95696
530,75,680,260,1.2419,0.95389
530,80,680,260,1.5053,0.94893
530,85,680,260,1.821,0.94734
530,90,680,260,2.1361,0.94293
530,95,680,260,2.4276,0.94111
530,100,680,260,2.7699,0.94007
530,105,680,260,3.1245,0.94579
530,110,680,260,-2.7901,0.96087
530,115,680,260,-2.4261,0.96705
530,120,680,260,-2.0104,0.95961
530,125,680,260,-1.5993,0.91545
530,130,680,260,-1.105,0.82938
530,135,680,260,-0.657,0.75141
530,140,680,260,-0.49357,0.73309
530,145,680,260,-0.30432,0.72497
530,150,680,260,-0.18666,0.72841
540,25,680,260,-0.13136,0.95962
540,30,680,260,-0.064699,0.96202
540,35,680,260,0.0068233,0.96425
540,40,680,260,0.10921,0.96593
540,45,680,260,0.19991,0.96611
540,50,680,260,0.32819,0.96602
540,55,680,260,0.4696,0.96491
540,60,680,260,0.65783,0.96135
540,65,680,260,0.83383,0.95815
540,70,680,260,1.0524,0.95643
540,75,680,260,1.2716,0.95423
540,80,680,260,1.5397,0.95057
540,85,680,260,1.8629,0.95033
540,90,680,260,2.1841,0.94926
540,95,680,260,2.4825,0.95005
540,100,680,260,2.8331,0.95154
540,105,680,260,-3.0859,0.95813
540,110,680,260,-2.7051,0.96957
540,115,680,260,-2.3309,0.96707
540,120,680,260,-1.9078,0.94204
540,125,680,260,-1.4962,0.88396
540,130,680,260,-1.0079,0.80252
540,135,680,260,-0.56385,0.74627
540,140,680,260,-0.39844,0.74036
540,145,680,260,-0.20306,0.75039
540,150,680,260,-0.079338,0.76384
550,25,680,260,-0.12043,0.95952
550,30,680,260,-0.052539,0.96165
550,35,680,260,0.020297,0.96357
550,40,680,260,0.12445,0.96485
550,45,680,260,0.21669,0.96474
550,50,680,260,0.34705,0.96437
550,55,680,260,0.49075,0.96321
550,60,680,260,0.68202,0.95981
550,65,680,260,0.86102,0.9572
550,70,680,260,1.0836,0.95682
550,75,680,260,1.3069,0.95562
550,80,680,260,1.5803,0.95344
550,85,680,260,1.9104,0.95488
550,90,680,260,2.2395,0.95618
550,95,680,260,2.5442,0.95676
550,100,680,260,2.903,0.96144
550,105,680,260,-3.0055,0.9669
550,110,680,260,-2.6125,0.97376
550,115,680,260,-2.2309,0.96006
550,120,680,260,-1.8034,0.91723
550,125,680,260,-1.3946,0.85469
550,130,680,260,-0.91124,0.78458
550,135,680,260,-0.46435,0.75575
550,140,680,260,-0.29372,0.76292
550,145,680,260,-0.08764,0.79012
550,150,680,260,0.045335,0.81316
560,25,680,260,-0.12907,0.95801
560,30,680,260,-0.060206,0.95984
560,35,680,260,0.013975,0.96138
560,40,680,260,0.11965,0.96226
560,45,680,260,0.2131,0.9619
560,50,680,260,0.34535,0.96127
560,55,680,260,0.49141,0.96014
560,60,680,260,0.68533,0.95716
560,65,680,260,0.86696,0.95544
560,70,680,260,1.0939,0.95651
560,75,680,260,1.3213,0.95654
560,80,680,260,1.5998,0.95581
560,85,680,260,1.9365,0.95904
560,90,680,260,2.2726,0.96085
560,95,680,260,2.5839,0.96359
560,100,680,260,2.952,0.96726
560,105,680,260,-2.9474,0.97205
560,110,680,260,-2.5465,0.96796
560,115,680,260,-2.1586,0.94705
560,120,680,260,-1.7312,0.89221
560,125,680,260,-1.3244,0.82885
560,130,680,260,-0.84377,0.77549
560,135,680,260,-0.38975,0.77339
560,140,680,260,-0.21167,0.79227
560,145,680,260,0.0078611,0.83373
560,150,680,260,0.15076,0.86217
570,25,680,260,-0.12415,0.95809
570,30,680,260,-0.054118,0.95964
570,35,680,260,0.02131,0.96089
570,40,680,260,0.12867,0.96146
570,45,680,260,0.22359,0.96094
570,50,680,260,0.35786,0.9602
570,55,680,260,0.50621,0.95931
570,60,680,260,0.70336,0.9569
570,65,680,260,0.88803,0.95613
570,70,680,260,1.1193,0.95872
570,75,680,260,1.3511,0.95985
570,80,680,260,1.6351,0.96055
570,85,680,260,1.9794,0.96515
570,90,680,260,2.3231,0.96868
570,95,680,260,2.6424,0.97088
570,100,680,260,3.0194,0.97475
570,105,680,260,-2.8716,0.97384
570,110,680,260,-2.4617,0.95973
570,115,680,260,-2.0699,0.92785
570,120,680,260,-1.6436,0.86653
570,125,680,260,-1.2392,0.81084
570,130,680,260,-0.75599,0.78098
570,135,680,260,-0.28617,0.80791
570,140,680,260,-0.096641,0.83725
570,145,680,260,0.14138,0.8874
570,150,680,260,0.2964,0.91527
580,25,680,260,-0.13193,0.9567
580,30,680,260,-0.060969,0.95795
580,35,680,260,0.015737,0.95888
580,40,680,260,0.12456,0.9592
580,45,680,260,0.22067,0.95862
580,50,680,260,0.3568,0.9579
580,55,680,260,0.50755,0.9574
580,60,680,260,0.70748,0.95579
580,65,680,260,0.89503,0.95619
580,70,680,260,1.131,0.96027
580,75,680,260,1.3672,0.96253
580,80,680,260,1.6567,0.96458
580,85,680,260,2.008,0.96911
580,90,680,260,2.3599,0.97268
580,95,680,260,2.685,0.97349
580,100,680,260,3.0705,0.97567
580,105,680,260,-2.8122,0.97167
580,110,680,260,-2.3966,0.94675
580,115,680,260,-2.0024,0.90926
580,120,680,260,-1.5791,0.84602
580,125,680,260,-1.1757,0.80081
580,130,680,260,-0.68574,0.79291
580,135,680,260,-0.19633,0.84496
580,140,680,260,0.0057675,0.88059
580,145,680,260,0.26177,0.92842
580,150,680,260,0.42712,0.948
590,25,680,260,-0.1269,0.95696
590,30,680,260,-0.054834,0.95796
590,35,680,260,0.023063,0.95866
590,40,680,260,0.13351,0.95882
590,45,680,260,0.23107,0.95823
590,50,680,260,0.36922,0.95763
590,55,680,260,0.52234,0.95767
590,60,680,260,0.72552,0.95695
590,65,680,260,0.91647,0.95849
590,70,680,260,1.1571,0.96398
590,75,680,260,1.3981,0.9672
590,80,680,260,1.6934,0.97024
590,85,680,260,2.0524,0.97546
590,90,680,260,2.4127,0.97872
590,95,680,260,2.7445,0.9791
590,100,680,260,3.1385,0.97744
590,105,680,260,-2.7357,0.96539
590,110,680,260,-2.3163,0.93221
590,115,680,260,-1.9214,0.89011
590,120,680,260,-1.4988,0.83304
590,125,680,260,-1.0945,0.80131
590,130,680,260,-0.59161,0.81964
590,135,680,260,-0.073139,0.89128
590,140,680,260,0.14361,0.92511
590,145,680,260,0.41723,0.95642
590,150,680,260,0.59036,0.95844
600,25,680,260,-0.12233,0.95737
600,30,680,260,-0.049176,0.95815
600,35,680,260,0.029895,0.95869
600,40,680,260,0.14196,0.9588
600,45,680,260,0.24097,0.95831
600,50,680,260,0.38115,0.95795
600,55,680,260,0.53669,0.95866
600,60,680,260,0.74326,0.95882
600,65,680,260,0.93775,0.96152
600,70,680,260,1.1833,0.96828
600,75,680,260,1.4291,0.97228
600,80,680,260,1.7305,0.97606
600,85,680,260,2.0973,0.98107
600,90,680,260,2.4648,0.98253
600,95,680,260,2.8045,0.98094
600,100,680,260,-3.0764,0.97515
600,105,680,260,-2.6623,0.95598
600,110,680,260,-2.2396,0.91598
600,115,680,260,-1.8434,0.87499
600,120,680,260,-1.4216,0.82683
600,125,680,260,-1.0124,0.81191
600,130,680,260,-0.49015,0.85367
600,135,680,260,0.060346,0.93203
600,140,680,260,0.2904,0.95396
600,145,680,260,0.57584,0.95611
600,150,680,260,0.75148,0.93787
