500,5,633,450,-0.24171,0.95349
500,11.5,633,450,-0.24171,0.95349
500,18,633,450,-0.22525,0.95442
500,24.5,633,450,-0.2075,0.95538
500,31,633,450,-0.17788,0.9563
500,37.5,633,450,-0.14299,0.95734
500,44,633,450,-0.097995,0.95861
500,50.5,633,450,-0.034845,0.95907
500,57,633,450,0.061294,0.9574
500,63.5,633,450,0.15831,0.95317
500,70,633,450,0.29549,0.94626
500,76.5,633,450,0.49274,0.93179
500,83,633,450,0.73527,0.91317
500,89.5,633,450,1.073,0.89099
500,96,633,450,1.5147,0.87223
500,102.5,633,450,2.2975,0.75224
500,109,633,450,2.6011,0.24318
500,115.5,633,450,3.027,0.38627
500,122,633,450,-2.8228,0.44855
500,128.5,633,450,-2.3875,0.5376
500,135,633,450,-2.0489,0.6
500,141.5,633,450,-1.7747,0.64358
500,148,633,450,-1.5264,0.66449
500,154.5,633,450,-1.2916,0.60906
500,161,633,450,-1.1273,0.47948
500,167.5,633,450,-1.0995,0.39696
500,174,633,450,-1.1509,0.41299
500,180.5,633,450,-1.0626,0.57804
500,187,633,450,-0.91181,0.64981
500,193.5,633,450,-0.74664,0.67545
500,200,633,450,-0.57793,0.67378
551,5,633,450,-0.24741,0.95356
551,11.5,633,450,-0.24741,0.95356
551,18,633,450,-0.22931,0.95415
551,24.5,633,450,-0.20957,0.95461
551,31,633,450,-0.1773,0.95485
551,37.5,633,450,-0.13902,0.95516
551,44,633,450,-0.089311,0.95547
551,50.5,633,450,-0.02022,0.95474
551,57,633,450,0.084749,0.95178
551,63.5,633,450,0.19087,0.94653
551,70,633,450,0.34133,0.93916
551,76.5,633,450,0.55851,0.92607
551,83,633,450,0.82697,0.91069
551,89.5,633,450,1.1986,0.89223
551,96,633,450,1.6715,0.87796
551,102.5,633,450,2.4564,0.77946
551,109,633,450,2.7281,0.47377
551,115.5,633,450,-2.9546,0.65074
551,122,633,450,-2.4757,0.73716
551,128.5,633,450,-2.0247,0.80367
551,135,633,450,-1.6557,0.79242
551,141.5,633,450,-1.3707,0.73816
551,148,633,450,-1.0981,0.69094
551,154.5,633,450,-0.82689,0.42126
551,161,633,450,-1.0292,0.37932
551,167.5,633,450,-1.0318,0.40171
551,174,633,450,-0.96882,0.67356
551,180.5,633,450,-0.68052,0.80229
551,187,633,450,-0.50012,0.81514
551,193.5,633,450,-0.31384,0.80222
551,200,633,450,-0.114,0.74145
602,5,633,450,-0.25982,0.95701
602,11.5,633,450,-0.25982,0.95701
602,18,633,450,-0.24031,0.95711
602,24.5,633,450,-0.21891,0.95708
602,31,633,450,-0.18429,0.95691
602,37.5,633,450,-0.143,0.95666
602,44,633,450,-0.089023,0.95641
602,50.5,633,450,-0.014433,0.95546
602,57,633,450,0.099053,0.95287
602,63.5,633,450,0.21412,0.94851
602,70,633,450,0.3787,0.94313
602,76.5,633,450,0.61681,0.9336
602,83,633,450,0.91313,0.92134
602,89.5,633,450,1.3184,0.90474
602,96,633,450,1.8142,0.88503
602,102.5,633,450,2.5445,0.8075
602,109,633,450,3.0157,0.79645
602,115.5,633,450,-2.6251,0.85951
602,122,633,450,-2.1371,0.85112
602,128.5,633,450,-1.7312,0.77225
602,135,633,450,-1.4466,0.72154
602,141.5,633,450,-1.1949,0.72526
602,148,633,450,-0.8952,0.68243
602,154.5,633,450,-0.85674,0.37749
602,161,633,450,-0.76222,0.49263
602,167.5,633,450,-0.80225,0.6443
602,174,633,450,-0.54836,0.89648
602,180.5,633,450,-0.27077,0.95213
602,187,633,450,-0.079335,0.956
602,193.5,633,450,0.11715,0.94292
602,200,633,450,0.29925,0.93914
653,5,633,450,-0.26284,0.9606
653,11.5,633,450,-0.26284,0.9606
653,18,633,450,-0.24204,0.96057
653,24.5,633,450,-0.21914,0.9605
653,31,633,450,-0.18225,0.96055
653,37.5,633,450,-0.13805,0.96045
653,44,633,450,-0.079841,0.96057
653,50.5,633,450,0.00048454,0.96057
653,57,633,450,0.12322,0.95972
653,63.5,633,450,0.24804,0.95692
653,70,633,450,0.428,0.95364
653,76.5,633,450,0.68932,0.94584
653,83,633,450,1.0144,0.93224
653,89.5,633,450,1.4536,0.91278
653,96,633,450,1.9717,0.88833
653,102.5,633,450,2.6449,0.87052
653,109,633,450,-3.0037,0.88161
653,115.5,633,450,-2.3793,0.84783
653,122,633,450,-1.9334,0.77209
653,128.5,633,450,-1.6205,0.75097
653,135,633,450,-1.3021,0.80826
653,141.5,633,450,-1.0017,0.81593
653,148,633,450,-0.72681,0.78431
653,154.5,633,450,-0.41885,0.68843
653,161,633,450,-0.3289,0.42677
653,167.5,633,450,-0.34637,0.64456
653,174,633,450,-0.066356,0.78231
653,180.5,633,450,0.22503,0.7534
653,187,633,450,0.3789,0.65182
653,193.5,633,450,0.49053,0.78006
653,200,633,450,0.72578,0.8577
704,5,633,450,-0.26499,0.96091
704,11.5,633,450,-0.26499,0.96091
704,18,633,450,-0.24288,0.96122
704,24.5,633,450,-0.21829,0.96164
704,31,633,450,-0.17887,0.96233
704,37.5,633,450,-0.13151,0.96289
704,44,633,450,-0.068679,0.9639
704,50.5,633,450,0.018032,0.96498
704,57,633,450,0.15089,0.96513
704,63.5,633,450,0.28625,0.96284
704,70,633,450,0.48232,0.95895
704,76.5,633,450,0.76672,0.94787
704,83,633,450,1.1184,0.92946
704,89.5,633,450,1.5904,0.90511
704,96,633,450,2.1404,0.87991
704,102.5,633,450,2.784,0.72516
704,109,633,450,-2.8346,0.85297
704,115.5,633,450,-2.237,0.78556
704,122,633,450,-1.8512,0.7956
704,128.5,633,450,-1.406,0.87608
704,135,633,450,-1.0133,0.82462
704,141.5,633,450,-0.68618,0.71681
704,148,633,450,-0.47901,0.72372
704,154.5,633,450,0.030479,0.51595
704,161,633,450,-0.083303,0.29828
704,167.5,633,450,0.062712,0.51891
704,174,633,450,0.36963,0.49471
704,180.5,633,450,0.47766,0.35313
704,187,633,450,0.44505,0.59758
704,193.5,633,450,0.7931,0.88215
704,200,633,450,1.1085,0.92628
755,5,633,450,-0.26831,0.95778
755,11.5,633,450,-0.26831,0.95778
755,18,633,450,-0.2447,0.9585
755,24.5,633,450,-0.21813,0.95943
755,31,633,450,-0.17585,0.96054
755,37.5,633,450,-0.12499,0.96161
755,44,633,450,-0.057122,0.96309
755,50.5,633,450,0.036328,0.96421
755,57,633,450,0.17943,0.96348
755,63.5,633,450,0.32501,0.95984
755,70,633,450,0.53581,0.95294
755,76.5,633,450,0.84107,0.93786
755,83,633,450,1.216,0.91537
755,89.5,633,450,1.7205,0.89264
755,96,633,450,2.3142,0.86693
755,102.5,633,450,2.7938,0.65666
755,109,633,450,-2.6923,0.81625
755,115.5,633,450,-2.1301,0.80862
755,122,633,450,-1.6001,0.85706
755,128.5,633,450,-1.1147,0.72928
755,135,633,450,-0.72779,0.6013
755,141.5,633,450,-0.4409,0.46235
755,148,633,450,-0.28312,0.59177
755,154.5,633,450,0.28244,0.31452
755,161,633,450,0.15471,0.31847
755,167.5,633,450,0.61445,0.40496
755,174,633,450,0.81809,0.24992
755,180.5,633,450,0.49986,0.33184
755,187,633,450,0.91194,0.74402
755,193.5,633,450,1.3421,0.8789
755,200,633,450,1.6784,0.88102
806,5,633,450,-0.27341,0.95425
806,11.5,633,450,-0.27341,0.95425
806,18,633,450,-0.2481,0.95514
806,24.5,633,450,-0.21941,0.95604
806,31,633,450,-0.17421,0.95699
806,37.5,633,450,-0.11974,0.95793
806,44,633,450,-0.046828,0.95902
806,50.5,633,450,0.053066,0.95903
806,57,633,450,0.2055,0.95647
806,63.5,633,450,0.36027,0.95122
806,70,633,450,0.58425,0.94292
806,76.5,633,450,0.90819,0.92706
806,83,633,450,1.3075,0.91024
806,89.5,633,450,1.8471,0.89269
806,96,633,450,2.4897,0.8616
806,102.5,633,450,2.9048,0.64265
806,109,633,450,-2.4901,0.76878
806,115.5,633,450,-1.8985,0.73995
806,122,633,450,-1.3803,0.68648
806,128.5,633,450,-0.87679,0.53207
806,135,633,450,-0.4621,0.42
806,141.5,633,450,-0.12206,0.31256
806,148,633,450,0.16836,0.28799
806,154.5,633,450,0.42541,0.16584
806,161,633,450,0.78014,0.24329
806,167.5,633,450,0.9714,0.14928
806,174,633,450,1.1342,0.13492
806,180.5,633,450,1.0489,0.38992
806,187,633,450,1.5699,0.54922
806,193.5,633,450,1.995,0.5254
806,200,633,450,2.1821,0.37322
857,5,633,450,-0.27945,0.95366
857,11.5,633,450,-0.27945,0.95366
857,18,633,450,-0.25244,0.95444
857,24.5,633,450,-0.22183,0.95481
857,31,633,450,-0.17394,0.95514
857,37.5,633,450,-0.11609,0.95548
857,44,633,450,-0.038507,0.95577
857,50.5,633,450,0.067141,0.95492
857,57,633,450,0.22817,0.95161
857,63.5,633,450,0.39128,0.94613
857,70,633,450,0.6287,0.94
857,76.5,633,450,0.97212,0.92923
857,83,633,450,1.4003,0.91931
857,89.5,633,450,1.9788,0.90316
857,96,633,450,2.6703,0.86704
857,102.5,633,450,3.116,0.60592
857,109,633,450,-2.1374,0.52846
857,115.5,633,450,-1.7274,0.60346
857,122,633,450,-1.157,0.56641
857,128.5,633,450,-0.54096,0.41193
857,135,633,450,0.077044,0.27583
857,141.5,633,450,0.79477,0.092742
857,148,633,450,-0.81059,0.071137
857,154.5,633,450,0.25811,0.11717
857,161,633,450,0.9362,0.2207
857,167.5,633,450,1.508,0.18483
857,174,633,450,1.7347,0.098091
857,180.5,633,450,1.8387,0.33162
857,187,633,450,2.339,0.36934
857,193.5,633,450,2.6854,0.231
857,200,633,450,2.5353,0.31447
908,5,633,450,-0.28453,0.95665
908,11.5,633,450,-0.28453,0.95665
908,18,633,450,-0.25608,0.95701
908,24.5,633,450,-0.2238,0.95693
908,31,633,450,-0.17353,0.95678
908,37.5,633,450,-0.1126,0.95666
908,44,633,450,-0.030706,0.95657
908,50.5,633,450,0.080465,0.95585
908,57,633,450,0.25013,0.95378
908,63.5,633,450,0.42252,0.95039
908,70,633,450,0.67488,0.94742
908,76.5,633,450,1.0422,0.94123
908,83,633,450,1.5013,0.93018
908,89.5,633,450,2.1194,0.91111
908,96,633,450,2.8508,0.8727
908,102.5,633,450,-2.868,0.5449
908,109,633,450,-2.1263,0.188
908,115.5,633,450,-1.4875,0.52605
908,122,633,450,-0.77754,0.47872
908,128.5,633,450,0.18281,0.26131
908,135,633,450,1.3115,0.045598
908,141.5,633,450,-1.4639,0.0074177
908,148,633,450,-0.2638,0.19824
908,154.5,633,450,0.76057,0.13945
908,161,633,450,1.6444,0.25844
908,167.5,633,450,2.2781,0.23262
908,174,633,450,2.4033,0.20797
908,180.5,633,450,3.0229,0.44099
908,187,633,450,-2.6603,0.36846
908,193.5,633,450,-2.5082,0.043584
908,200,633,450,2.818,0.12953
959,5,633,450,-0.29685,0.96025
959,11.5,633,450,-0.29685,0.96025
959,18,633,450,-0.26705,0.96017
959,24.5,633,450,-0.2332,0.96036
959,31,633,450,-0.18065,0.96038
959,37.5,633,450,-0.11675,0.96035
959,44,633,450,-0.030522,0.96066
959,50.5,633,450,0.086566,0.961
959,57,633,450,0.26579,0.96095
959,63.5,633,450,0.44874,0.95917
959,70,633,450,0.71762,0.95712
959,76.5,633,450,1.1098,0.94917
959,83,633,450,1.5978,0.93031
959,89.5,633,450,2.2482,0.90126
959,96,633,450,3.0191,0.86765
959,102.5,633,450,-2.5341,0.52426
959,109,633,450,-2.1452,0.20702
959,115.5,633,450,-1.0751,0.46191
959,122,633,450,-0.077597,0.31791
959,128.5,633,450,1.3878,0.062623
959,135,633,450,-1.662,0.001536
959,141.5,633,450,0.27403,0.03078
959,148,633,450,1.1467,0.16184
959,154.5,633,450,2.1986,0.10018
959,161,633,450,2.5012,0.26586
959,167.5,633,450,3.1208,0.35684
959,174,633,450,-2.7389,0.47053
959,180.5,633,450,-2.1139,0.4694
959,187,633,450,-1.3711,0.25704
959,193.5,633,450,-2.9161,0.0034098
959,200,633,450,-2.718,0.27484
1010,5,633,450,-0.29897,0.96094
1010,11.5,633,450,-0.29897,0.96094
1010,18,633,450,-0.26793,0.96148
1010,24.5,633,450,-0.23221,0.96185
1010,31,633,450,-0.17716,0.96248
1010,37.5,633,450,-0.11011,0.96299
1010,44,633,450,-0.019195,0.96403
1010,50.5,633,450,0.10442,0.96522
1010,57,633,450,0.2941,0.96557
1010,63.5,633,450,0.48787,0.96311
1010,70,633,450,0.77296,0.95805
1010,76.5,633,450,1.1865,0.94256
1010,83,633,450,1.6978,0.91753
1010,89.5,633,450,2.3792,0.89104
1010,96,633,450,-3.096,0.86615
1010,102.5,633,450,-2.1541,0.593
1010,109,633,450,-1.7275,0.23192
1010,115.5,633,450,-0.44238,0.35489
1010,122,633,450,0.83373,0.12801
1010,128.5,633,450,2.0552,0.0065169
1010,135,633,450,1.0219,0.033592
1010,141.5,633,450,1.9736,0.14552
1010,148,633,450,2.7502,0.40644
1010,154.5,633,450,-2.6449,0.17757
1010,161,633,450,-2.9081,0.28095
1010,167.5,633,450,-2.5713,0.34645
1010,174,633,450,-2.0838,0.51705
1010,180.5,633,450,-1.4493,0.4475
1010,187,633,450,-0.85975,0.061455
1010,193.5,633,450,-2.1741,0.20602
1010,200,633,450,-1.5383,0.40668
1061,5,633,450,-0.30183,0.95853
1061,11.5,633,450,-0.30183,0.95853
1061,18,633,450,-0.26916,0.9592
1061,24.5,633,450,-0.23159,0.95997
1061,31,633,450,-0.17372,0.96106
1061,37.5,633,450,-0.1032,0.96201
1061,44,633,450,-0.0072977,0.96333
1061,50.5,633,450,0.12302,0.9642
1061,57,633,450,0.32274,0.96286
1061,63.5,633,450,0.52631,0.95809
1061,70,633,450,0.82518,0.949
1061,76.5,633,450,1.2563,0.9303
1061,83,633,450,1.7899,0.90984
1061,89.5,633,450,2.5055,0.89355
1061,96,633,450,-2.9305,0.86985
1061,102.5,633,450,-1.7964,0.71779
1061,109,633,450,-1.1864,0.24361
1061,115.5,633,450,0.20881,0.27055
1061,122,633,450,1.3686,0.063844
1061,128.5,633,450,1.4013,0.061554
1061,135,633,450,2.1531,0.22173
1061,141.5,633,450,2.9174,0.32615
1061,148,633,450,-2.8271,0.58976
1061,154.5,633,450,-2.146,0.2605
1061,161,633,450,-2.3376,0.34215
1061,167.5,633,450,-2.0892,0.5977
1061,174,633,450,-1.5742,0.6063
1061,180.5,633,450,-1.1545,0.3052
1061,187,633,450,-1.392,0.42122
1061,193.5,633,450,-0.93739,0.62845
1061,200,633,450,-0.35135,0.42909
1112,5,633,450,-0.30678,0.95547
1112,11.5,633,450,-0.30678,0.95547
1112,18,633,450,-0.27232,0.95561
1112,24.5,633,450,-0.23278,0.95656
1112,31,633,450,-0.17198,0.95752
1112,37.5,633,450,-0.097904,0.9584
1112,44,633,450,0.0029427,0.9593
1112,50.5,633,450,0.1395,0.95898
1112,57,633,450,0.3481,0.95572
1112,63.5,633,450,0.56012,0.94923
1112,70,633,450,0.87127,0.94023
1112,76.5,633,450,1.3208,0.92714
1112,83,633,450,1.8817,0.91679
1112,89.5,633,450,2.6375,0.90575
1112,96,633,450,-2.7611,0.87763
1112,102.5,633,450,-1.4995,0.81006
1112,109,633,450,-0.73839,0.30132
1112,115.5,633,450,0.6694,0.28944
1112,122,633,450,1.4488,0.11157
1112,128.5,633,450,2.0364,0.26308
1112,135,633,450,2.759,0.38509
1112,141.5,633,450,-2.9752,0.41601
1112,148,633,450,-2.5268,0.71702
1112,154.5,633,450,-2.0949,0.4165
1112,161,633,450,-1.8477,0.61739
1112,167.5,633,450,-1.4287,0.72044
1112,174,633,450,-1.1194,0.45034
1112,180.5,633,450,-1.0483,0.57621
1112,187,633,450,-0.68922,0.70906
1112,193.5,633,450,-0.2341,0.67941
1112,200,633,450,0.056731,0.25851
1163,5,633,450,-0.31353,0.95667
1163,11.5,633,450,-0.31353,0.95667
1163,18,633,450,-0.2777,0.95743
1163,24.5,633,450,-0.23615,0.95818
1163,31,633,450,-0.17263,0.95849
1163,37.5,633,450,-0.095173,0.95883
1163,44,633,450,0.010266,0.95904
1163,50.5,633,450,0.15249,0.95794
1163,57,633,450,0.36941,0.95461
1163,63.5,633,450,0.59007,0.94929
1163,70,633,450,0.91493,0.94432
1163,76.5,633,450,1.3869,0.93841
1163,83,633,450,1.9801,0.92988
1163,89.5,633,450,2.7752,0.91112
1163,96,633,450,-2.5889,0.88055
1163,102.5,633,450,-1.2939,0.85254
1163,109,633,450,-0.40808,0.47038
1163,115.5,633,450,1.0312,0.4118
1163,122,633,450,1.7359,0.23942
1163,128.5,633,450,2.421,0.41119
1163,135,633,450,3.0308,0.53296
1163,141.5,633,450,-2.7508,0.62925
1163,148,633,450,-2.2658,0.89551
1163,154.5,633,450,-1.7938,0.90458
1163,161,633,450,-1.2999,0.76243
1163,167.5,633,450,-0.93627,0.42309
1163,174,633,450,-0.9446,0.38715
1163,180.5,633,450,-0.69139,0.79172
1163,187,633,450,-0.29301,0.83273
1163,193.5,633,450,0.15223,0.66241
1163,200,633,450,0.35031,0.5764
1214,5,633,450,-0.31914,0.95901
1214,11.5,633,450,-0.31914,0.95901
1214,18,633,450,-0.28175,0.9594
1214,24.5,633,450,-0.23836,0.95985
1214,31,633,450,-0.17243,0.95973
1214,37.5,633,450,-0.09186,0.95964
1214,44,633,450,0.017957,0.95967
1214,50.5,633,450,0.16578,0.95905
1214,57,633,450,0.39158,0.95766
1214,63.5,633,450,0.62203,0.95516
1214,70,633,450,0.96275,0.95381
1214,76.5,633,450,1.4606,0.94818
1214,83,633,450,2.0844,0.93238
1214,89.5,633,450,2.9129,0.90305
1214,96,633,450,-2.4139,0.86936
1214,102.5,633,450,-1.1525,0.86745
1214,109,633,450,-0.072621,0.73413
1214,115.5,633,450,1.3621,0.47577
1214,122,633,450,1.9145,0.35951
1214,128.5,633,450,2.6346,0.60671
1214,135,633,450,-2.9825,0.7877
1214,141.5,633,450,-2.3949,0.82685
1214,148,633,450,-1.9103,0.81312
1214,154.5,633,450,-1.5351,0.88259
1214,161,633,450,-0.93667,0.71364
1214,167.5,633,450,-0.84709,0.51597
1214,174,633,450,-0.7496,0.44266
1214,180.5,633,450,-0.26716,0.9402
1214,187,633,450,0.13063,0.95898
1214,193.5,633,450,0.5274,0.94933
1214,200,633,450,0.90167,0.81919
1265,5,633,450,-0.3228,0.96271
1265,11.5,633,450,-0.3228,0.96271
1265,18,633,450,-0.284,0.96284
1265,24.5,633,450,-0.23892,0.96306
1265,31,633,450,-0.1707,0.96308
1265,37.5,633,450,-0.087107,0.96307
1265,44,633,450,0.02715,0.96351
1265,50.5,633,450,0.18107,0.96402
1265,57,633,450,0.41695,0.96448
1265,63.5,633,450,0.65828,0.9627
1265,70,633,450,1.0163,0.96056
1265,76.5,633,450,1.538,0.94778
1265,83,633,450,2.1859,0.92166
1265,89.5,633,450,3.0435,0.89302
1265,96,633,450,-2.2438,0.86233
1265,102.5,633,450,-1.0359,0.87655
1265,109,633,450,0.22887,0.87197
1265,115.5,633,450,1.4821,0.44819
1265,122,633,450,2.0674,0.60707
1265,128.5,633,450,2.9267,0.84471
1265,135,633,450,-2.6514,0.8231
1265,141.5,633,450,-2.1644,0.7405
1265,148,633,450,-1.7547,0.62742
1265,154.5,633,450,-1.3316,0.97133
1265,161,633,450,-0.74255,0.75036
1265,167.5,633,450,-0.26095,0.63606
1265,174,633,450,-0.3122,0.47758
1265,180.5,633,450,0.25521,0.74547
1265,187,633,450,0.49103,0.61267
1265,193.5,633,450,0.89582,0.85917
1265,200,633,450,1.3375,0.83793
1316,5,633,450,-0.33503,0.96433
1316,11.5,633,450,-0.33503,0.96433
1316,18,633,450,-0.29496,0.96448
1316,24.5,633,450,-0.24818,0.96478
1316,31,633,450,-0.17743,0.96535
1316,37.5,633,450,-0.090676,0.96579
1316,44,633,450,0.028322,0.96678
1316,50.5,633,450,0.18889,0.96789
1316,57,633,450,0.43541,0.96792
1316,63.5,633,450,0.68747,0.96442
1316,70,633,450,1.0609,0.95713
1316,76.5,633,450,1.6011,0.93719
1316,83,633,450,2.2694,0.91243
1316,89.5,633,450,-3.1232,0.89449
1316,96,633,450,-2.084,0.87135
1316,102.5,633,450,-0.88319,0.88184
1316,109,633,450,0.42306,0.87422
1316,115.5,633,450,1.4676,0.61
1316,122,633,450,2.3537,0.8593
1316,128.5,633,450,-3.0733,0.79605
1316,135,633,450,-2.4937,0.69167
1316,141.5,633,450,-1.9815,0.83911
1316,148,633,450,-1.3975,0.62099
1316,154.5,633,450,-1.0512,0.90819
1316,161,633,450,-0.36115,0.83771
1316,167.5,633,450,0.25134,0.38337
1316,174,633,450,0.10907,0.3927
1316,180.5,633,450,0.60889,0.34827
1316,187,633,450,0.64906,0.72834
1316,193.5,633,450,1.2639,0.93934
1316,200,633,450,1.7208,0.92901
1367,5,633,450,-0.33738,0.96235
1367,11.5,633,450,-0.33738,0.96235
1367,18,633,450,-0.29591,0.96273
1367,24.5,633,450,-0.24736,0.96338
1367,31,633,450,-0.17376,0.96432
1367,37.5,633,450,-0.083554,0.96514
1367,44,633,450,0.04038,0.96622
1367,50.5,633,450,0.20761,0.96655
1367,57,633,450,0.464,0.96443
1367,63.5,633,450,0.72524,0.95816
1367,70,633,450,1.1112,0.94725
1367,76.5,633,450,1.668,0.92906
1367,83,633,450,2.3617,0.91619
1367,89.5,633,450,-2.9901,0.9069
1367,96,633,450,-1.9098,0.87422
1367,102.5,633,450,-0.60129,0.68824
1367,109,633,450,0.55965,0.84648
1367,115.5,633,450,1.6992,0.8647
1367,122,633,450,2.6229,0.82492
1367,128.5,633,450,-2.9158,0.65721
1367,135,633,450,-2.3363,0.79447
1367,141.5,633,450,-1.601,0.72907
1367,148,633,450,-1.0243,0.3873
1367,154.5,633,450,-0.65869,0.60935
1367,161,633,450,0.027112,0.6546
1367,167.5,633,450,0.52541,0.21144
1367,174,633,450,0.68024,0.34864
1367,180.5,633,450,0.67682,0.1877
1367,187,633,450,1.1884,0.78977
1367,193.5,633,450,1.8315,0.83729
1367,200,633,450,2.2232,0.81926
1418,5,633,450,-0.34148,0.9587
1418,11.5,633,450,-0.34148,0.9587
1418,18,633,450,-0.29843,0.9595
1418,24.5,633,450,-0.24797,0.96028
1418,31,633,450,-0.17152,0.961
1418,37.5,633,450,-0.077793,0.96177
1418,44,633,450,0.050981,0.96241
1418,50.5,633,450,0.22424,0.96164
1418,57,633,450,0.48914,0.95764
1418,63.5,633,450,0.75843,0.95068
1418,70,633,450,1.1564,0.94226
1418,76.5,633,450,1.7332,0.93372
1418,83,633,450,2.4591,0.92845
1418,89.5,633,450,-2.8506,0.90968
1418,96,633,450,-1.7317,0.87316
1418,102.5,633,450,-0.43423,0.31868
1418,109,633,450,0.70069,0.8259
1418,115.5,633,450,1.9361,0.81367
1418,122,633,450,2.8005,0.71454
1418,128.5,633,450,-2.7929,0.64557
1418,135,633,450,-1.959,0.66349
1418,141.5,633,450,-1.3018,0.45353
1418,148,633,450,-0.6968,0.25998
1418,154.5,633,450,-0.18472,0.31755
1418,161,633,450,0.55213,0.3499
1418,167.5,633,450,0.84923,0.16017
1418,174,633,450,1.112,0.16261
1418,180.5,633,450,1.0586,0.2344
1418,187,633,450,1.872,0.5058
1418,193.5,633,450,2.2219,0.31254
1418,200,633,450,2.5861,0.53969
1469,5,633,450,-0.34728,0.95706
1469,11.5,633,450,-0.34728,0.95706
1469,18,633,450,-0.30263,0.95795
1469,24.5,633,450,-0.25012,0.95867
1469,31,633,450,-0.17111,0.95869
1469,37.5,633,450,-0.074018,0.95901
1469,44,633,450,0.059299,0.95916
1469,50.5,633,450,0.23809,0.95793
1469,57,633,450,0.51108,0.95469
1469,63.5,633,450,0.78892,0.95033
1469,70,633,450,1.2014,0.94766
1469,76.5,633,450,1.8038,0.94529
1469,83,633,450,2.5629,0.93287
1469,89.5,633,450,-2.7139,0.90085
1469,96,633,450,-1.5614,0.86712
1469,102.5,633,450,-0.47435,0.20996
1469,109,633,450,0.91549,0.64255
1469,115.5,633,450,2.1045,0.71152
1469,122,633,450,2.99,0.61503
1469,128.5,633,450,-2.4945,0.56758
1469,135,633,450,-1.6607,0.44171
1469,141.5,633,450,-0.95718,0.30737
1469,148,633,450,-0.16765,0.21347
1469,154.5,633,450,1.1023,0.16828
1469,161,633,450,0.92886,0.037681
1469,167.5,633,450,0.74965,0.10877
1469,174,633,450,1.7096,0.24687
1469,180.5,633,450,1.8538,0.24033
1469,187,633,450,2.6659,0.31084
1469,193.5,633,450,2.6414,0.26124
1469,200,633,450,2.8754,0.6742
