500,5,640,450,-0.23735,0.95395
500,11.5,640,450,-0.23735,0.95395
500,18,640,450,-0.2211,0.95491
500,24.5,640,450,-0.20361,0.95593
500,31,640,450,-0.17449,0.95699
500,37.5,640,450,-0.1402,0.95821
500,44,640,450,-0.096137,0.95972
500,50.5,640,450,-0.034418,0.96047
500,57,640,450,0.059134,0.95963
500,63.5,640,450,0.15312,0.95654
500,70,640,450,0.28537,0.95171
500,76.5,640,450,0.47491,0.94026
500,83,640,450,0.70426,0.92351
500,89.5,640,450,1.0193,0.90479
500,96,640,450,1.4219,0.88703
500,102.5,640,450,2.0889,0.84546
500,109,640,450,2.7008,0.23629
500,115.5,640,450,2.8699,0.38282
500,122,640,450,-2.9733,0.4487
500,128.5,640,450,-2.5175,0.5348
500,135,640,450,-2.1699,0.59236
500,141.5,640,450,-1.8927,0.62802
500,148,640,450,-1.6596,0.65527
500,154.5,640,450,-1.4216,0.66097
500,161,640,450,-1.1888,0.5571
500,167.5,640,450,-1.0912,0.40818
500,174,640,450,-1.1802,0.37032
500,180.5,640,450,-1.1804,0.51598
500,187,640,450,-1.0345,0.62899
500,193.5,640,450,-0.86535,0.67872
500,200,640,450,-0.69774,0.69527
551,5,640,450,-0.24281,0.95348
551,11.5,640,450,-0.24281,0.95348
551,18,640,450,-0.22493,0.95413
551,24.5,640,450,-0.20544,0.95469
551,31,640,450,-0.17366,0.9551
551,37.5,640,450,-0.13601,0.95562
551,44,640,450,-0.087269,0.95619
551,50.5,640,450,-0.019694,0.95574
551,57,640,450,0.082489,0.95348
551,63.5,640,450,0.18519,0.94968
551,70,640,450,0.3307,0.94396
551,76.5,640,450,0.53881,0.93298
551,83,640,450,0.79268,0.91923
551,89.5,640,450,1.1401,0.90384
551,96,640,450,1.5765,0.88946
551,102.5,640,450,2.2542,0.86168
551,109,640,450,2.6549,0.37465
551,115.5,640,450,-3.1127,0.62441
551,122,640,450,-2.6338,0.71748
551,128.5,640,450,-2.1752,0.80068
551,135,640,450,-1.7909,0.82313
551,141.5,640,450,-1.4772,0.77606
551,148,640,450,-1.2155,0.73357
551,154.5,640,450,-0.89938,0.56246
551,161,640,450,-1.0436,0.32265
551,167.5,640,450,-1.0197,0.37913
551,174,640,450,-1.0994,0.54344
551,180.5,640,450,-0.79531,0.77731
551,187,640,450,-0.60422,0.80238
551,193.5,640,450,-0.41806,0.79847
551,200,640,450,-0.22446,0.77138
602,5,640,450,-0.25508,0.95649
602,11.5,640,450,-0.25508,0.95649
602,18,640,450,-0.23577,0.95664
602,24.5,640,450,-0.21459,0.95666
602,31,640,450,-0.18048,0.9566
602,37.5,640,450,-0.13985,0.95652
602,44,640,450,-0.086896,0.95645
602,50.5,640,450,-0.013948,0.95563
602,57,640,450,0.096502,0.95354
602,63.5,640,450,0.20773,0.95035
602,70,640,450,0.36629,0.94638
602,76.5,640,450,0.59448,0.93881
602,83,640,450,0.87428,0.92837
602,89.5,640,450,1.2547,0.91513
602,96,640,450,1.7185,0.89523
602,102.5,640,450,2.3746,0.87024
602,109,640,450,2.8561,0.74828
602,115.5,640,450,-2.7877,0.85689
602,122,640,450,-2.2906,0.87473
602,128.5,640,450,-1.8445,0.82201
602,135,640,450,-1.5283,0.73247
602,141.5,640,450,-1.2907,0.72266
602,148,640,450,-1.0089,0.71866
602,154.5,640,450,-0.71086,0.40514
602,161,640,450,-0.82588,0.50812
602,167.5,640,450,-0.86824,0.47737
602,174,640,450,-0.69616,0.84219
602,180.5,640,450,-0.38929,0.94052
602,187,640,450,-0.19253,0.95045
602,193.5,640,450,0.0065114,0.94523
602,200,640,450,0.18481,0.91188
653,5,640,450,-0.25834,0.96023
653,11.5,640,450,-0.25834,0.96023
653,18,640,450,-0.23774,0.96021
653,24.5,640,450,-0.21508,0.96006
653,31,640,450,-0.17875,0.96013
653,37.5,640,450,-0.13527,0.96011
653,44,640,450,-0.078204,0.9603
653,50.5,640,450,0.00026669,0.96029
653,57,640,450,0.11949,0.95985
653,63.5,640,450,0.24002,0.95822
653,70,640,450,0.41319,0.95654
653,76.5,640,450,0.66332,0.95114
653,83,640,450,0.97052,0.94015
653,89.5,640,450,1.3843,0.92453
653,96,640,450,1.8735,0.89977
653,102.5,640,450,2.5151,0.88383
653,109,640,450,3.1344,0.88682
653,115.5,640,450,-2.5207,0.87076
653,122,640,450,-2.0471,0.81461
653,128.5,640,450,-1.7082,0.72342
653,135,640,450,-1.4096,0.78744
653,141.5,640,450,-1.1073,0.81279
653,148,640,450,-0.822,0.78307
653,154.5,640,450,-0.58465,0.75394
653,161,640,450,-0.30451,0.50062
653,167.5,640,450,-0.46536,0.53743
653,174,640,450,-0.20805,0.79274
653,180.5,640,450,0.10515,0.82856
653,187,640,450,0.31665,0.75983
653,193.5,640,450,0.4041,0.72986
653,200,640,450,0.64785,0.80449
704,5,640,450,-0.26047,0.9612
704,11.5,640,450,-0.26047,0.9612
704,18,640,450,-0.2386,0.96147
704,24.5,640,450,-0.21433,0.96175
704,31,640,450,-0.17556,0.96242
704,37.5,640,450,-0.12903,0.96301
704,44,640,450,-0.067505,0.96407
704,50.5,640,450,0.017107,0.96521
704,57,640,450,0.14611,0.96599
704,63.5,640,450,0.27668,0.96508
704,70,640,450,0.46533,0.96339
704,76.5,640,450,0.7376,0.95564
704,83,640,450,1.0709,0.93935
704,89.5,640,450,1.5162,0.91885
704,96,640,450,2.036,0.89429
704,102.5,640,450,2.7339,0.84674
704,109,640,450,-2.9728,0.86232
704,115.5,640,450,-2.3511,0.80553
704,122,640,450,-1.9398,0.7441
704,128.5,640,450,-1.5474,0.87321
704,135,640,450,-1.1379,0.86587
704,141.5,640,450,-0.78614,0.78497
704,148,640,450,-0.5281,0.66661
704,154.5,640,450,-0.098681,0.75894
704,161,640,450,0.046398,0.28512
704,167.5,640,450,-0.089941,0.46925
704,174,640,450,0.25026,0.56096
704,180.5,640,450,0.52951,0.42183
704,187,640,450,0.3797,0.41512
704,193.5,640,450,0.64028,0.79465
704,200,640,450,0.9785,0.91251
755,5,640,450,-0.26336,0.95862
755,11.5,640,450,-0.26336,0.95862
755,18,640,450,-0.24004,0.95928
755,24.5,640,450,-0.21388,0.96015
755,31,640,450,-0.17234,0.96131
755,37.5,640,450,-0.1224,0.96248
755,44,640,450,-0.055987,0.96412
755,50.5,640,450,0.035195,0.9655
755,57,640,450,0.17419,0.96573
755,63.5,640,450,0.31472,0.96358
755,70,640,450,0.51827,0.95908
755,76.5,640,450,0.81004,0.94598
755,83,640,450,1.1658,0.92823
755,89.5,640,450,1.642,0.90628
755,96,640,450,2.2,0.88461
755,102.5,640,450,3.0522,0.63373
755,109,640,450,-2.8276,0.83139
755,115.5,640,450,-2.2241,0.75178
755,122,640,450,-1.7603,0.88759
755,128.5,640,450,-1.2364,0.80026
755,135,640,450,-0.82128,0.6777
755,141.5,640,450,-0.48384,0.51735
755,148,640,450,-0.34775,0.42372
755,154.5,640,450,0.25669,0.51817
755,161,640,450,0.14966,0.21993
755,167.5,640,450,0.39429,0.45834
755,174,640,450,0.7756,0.33611
755,180.5,640,450,0.58294,0.18374
755,187,640,450,0.67915,0.65588
755,193.5,640,450,1.1604,0.89732
755,200,640,450,1.5141,0.92926
806,5,640,450,-0.26788,0.95493
806,11.5,640,450,-0.26788,0.95493
806,18,640,450,-0.24291,0.95584
806,24.5,640,450,-0.21464,0.95681
806,31,640,450,-0.17022,0.95793
806,37.5,640,450,-0.11673,0.95908
806,44,640,450,-0.045337,0.96044
806,50.5,640,450,0.052246,0.96097
806,57,640,450,0.20046,0.95939
806,63.5,640,450,0.34995,0.95547
806,70,640,450,0.56657,0.9485
806,76.5,640,450,0.87573,0.93465
806,83,640,450,1.2545,0.92003
806,89.5,640,450,1.7629,0.90375
806,96,640,450,2.3635,0.87991
806,102.5,640,450,-2.9426,0.37069
806,109,640,450,-2.6452,0.79265
806,115.5,640,450,-2.0623,0.70104
806,122,640,450,-1.5125,0.74051
806,128.5,640,450,-0.97765,0.59524
806,135,640,450,-0.54276,0.47113
806,141.5,640,450,-0.19436,0.34452
806,148,640,450,-0.0028237,0.2768
806,154.5,640,450,0.56023,0.22312
806,161,640,450,0.49385,0.25504
806,167.5,640,450,1.034,0.15969
806,174,640,450,1.0925,0.1692
806,180.5,640,450,0.78693,0.27742
806,187,640,450,1.3409,0.59
806,193.5,640,450,1.8189,0.63369
806,200,640,450,2.1687,0.5104
857,5,640,450,-0.27362,0.95362
857,11.5,640,450,-0.27362,0.95362
857,18,640,450,-0.24697,0.95449
857,24.5,640,450,-0.21673,0.95496
857,31,640,450,-0.1696,0.95551
857,37.5,640,450,-0.11274,0.9561
857,44,640,450,-0.0367,0.95667
857,50.5,640,450,0.066566,0.95608
857,57,640,450,0.22306,0.95368
857,63.5,640,450,0.38116,0.94948
857,70,640,450,0.60989,0.94334
857,76.5,640,450,0.93768,0.93489
857,83,640,450,1.3426,0.92644
857,89.5,640,450,1.8872,0.91309
857,96,640,450,2.5314,0.8863
857,102.5,640,450,-2.6855,0.25652
857,109,640,450,-2.3412,0.71154
857,115.5,640,450,-1.9024,0.59595
857,122,640,450,-1.2984,0.60979
857,128.5,640,450,-0.67958,0.46319
857,135,640,450,-0.11448,0.34924
857,141.5,640,450,0.51316,0.2048
857,148,640,450,1.5418,0.01503
857,154.5,640,450,0.23062,0.084668
857,161,640,450,0.60658,0.18264
857,167.5,640,450,1.243,0.22027
857,174,640,450,1.7687,0.14936
857,180.5,640,450,1.5281,0.29434
857,187,640,450,2.0858,0.41841
857,193.5,640,450,2.538,0.35025
857,200,640,450,2.3968,0.24931
908,5,640,450,-0.27886,0.95599
908,11.5,640,450,-0.27886,0.95599
908,18,640,450,-0.25074,0.95643
908,24.5,640,450,-0.2188,0.95634
908,31,640,450,-0.16926,0.95635
908,37.5,640,450,-0.10934,0.95641
908,44,640,450,-0.02905,0.95649
908,50.5,640,450,0.079588,0.95578
908,57,640,450,0.24433,0.9543
908,63.5,640,450,0.41102,0.95155
908,70,640,450,0.65354,0.94918
908,76.5,640,450,1.0037,0.94499
908,83,640,450,1.4377,0.93765
908,89.5,640,450,2.0193,0.92341
908,96,640,450,2.7028,0.88917
908,102.5,640,450,-2.3696,0.23606
908,109,640,450,-1.8846,0.43894
908,115.5,640,450,-1.6837,0.53711
908,122,640,450,-0.98021,0.534
908,128.5,640,450,-0.12401,0.37386
908,135,640,450,0.86142,0.17571
908,141.5,640,450,2.2967,0.020093
908,148,640,450,-1.2364,0.061095
908,154.5,640,450,0.53157,0.12554
908,161,640,450,1.2295,0.27563
908,167.5,640,450,1.9868,0.27835
908,174,640,450,2.4191,0.16412
908,180.5,640,450,2.603,0.4402
908,187,640,450,-3.1048,0.46318
908,193.5,640,450,-2.4384,0.15746
908,200,640,450,2.989,0.092661
959,5,640,450,-0.29119,0.95967
959,11.5,640,450,-0.29119,0.95967
959,18,640,450,-0.26168,0.95964
959,24.5,640,450,-0.22825,0.95968
959,31,640,450,-0.17648,0.95969
959,37.5,640,450,-0.11366,0.95974
959,44,640,450,-0.029177,0.96008
959,50.5,640,450,0.08511,0.96033
959,57,640,450,0.259,0.96055
959,63.5,640,450,0.43549,0.95979
959,70,640,450,0.69371,0.95947
959,76.5,640,450,1.0675,0.95543
959,83,640,450,1.5295,0.94151
959,89.5,640,450,2.1453,0.91629
959,96,640,450,2.8654,0.88822
959,102.5,640,450,-2.085,0.23899
959,109,640,450,-1.539,0.16764
959,115.5,640,450,-1.34,0.49603
959,122,640,450,-0.43333,0.4449
959,128.5,640,450,0.85283,0.20538
959,135,640,450,2.2939,0.027626
959,141.5,640,450,-0.76094,0.0073032
959,148,640,450,0.37019,0.045271
959,154.5,640,450,1.7957,0.12185
959,161,640,450,2.0896,0.23559
959,167.5,640,450,2.7793,0.37394
959,174,640,450,-3.1088,0.44697
959,180.5,640,450,-2.4838,0.53624
959,187,640,450,-1.8567,0.43454
959,193.5,640,450,-1.1253,0.01507
959,200,640,450,-3.1383,0.19617
1010,5,640,450,-0.29334,0.96113
1010,11.5,640,450,-0.29334,0.96113
1010,18,640,450,-0.26268,0.96156
1010,24.5,640,450,-0.22745,0.96188
1010,31,640,450,-0.17331,0.96241
1010,37.5,640,450,-0.10744,0.96294
1010,44,640,450,-0.018458,0.96401
1010,50.5,640,450,0.10209,0.96528
1010,57,640,450,0.28604,0.96638
1010,63.5,640,450,0.473,0.96547
1010,70,640,450,0.74715,0.96311
1010,76.5,640,450,1.1423,0.95206
1010,83,640,450,1.6275,0.93091
1010,89.5,640,450,2.2716,0.90466
1010,96,640,450,3.0272,0.88399
1010,102.5,640,450,-1.9911,0.24822
1010,109,640,450,-1.388,0.10922
1010,115.5,640,450,-0.80528,0.43641
1010,122,640,450,0.35173,0.28573
1010,128.5,640,450,1.7934,0.076749
1010,135,640,450,1.2583,0.0021214
1010,141.5,640,450,1.4732,0.081055
1010,148,640,450,2.2679,0.16056
1010,154.5,640,450,-3.0121,0.27268
1010,161,640,450,2.9854,0.20916
1010,167.5,640,450,-2.6925,0.33931
1010,174,640,450,-2.379,0.51128
1010,180.5,640,450,-1.772,0.52675
1010,187,640,450,-1.0127,0.26163
1010,193.5,640,450,-2.6229,0.05893
1010,200,640,450,-1.9359,0.39484
1061,5,640,450,-0.29582,0.95942
1061,11.5,640,450,-0.29582,0.95942
1061,18,640,450,-0.26357,0.96012
1061,24.5,640,450,-0.22656,0.96083
1061,31,640,450,-0.16971,0.96192
1061,37.5,640,450,-0.1005,0.96298
1061,44,640,450,-0.0066539,0.96447
1061,50.5,640,450,0.12047,0.96571
1061,57,640,450,0.31439,0.96546
1061,63.5,640,450,0.5112,0.96237
1061,70,640,450,0.79909,0.95593
1061,76.5,640,450,1.2119,0.93983
1061,83,640,450,1.7176,0.92038
1061,89.5,640,450,2.3922,0.90379
1061,96,640,450,-3.0964,0.88339
1061,102.5,640,450,-2.0742,0.43543
1061,109,640,450,-1.0629,0.13664
1061,115.5,640,450,-0.20423,0.36883
1061,122,640,450,1.0174,0.18611
1061,128.5,640,450,1.7968,0.039438
1061,135,640,450,1.7561,0.13548
1061,141.5,640,450,2.5661,0.319
1061,148,640,450,3.0978,0.26743
1061,154.5,640,450,-2.3795,0.39702
1061,161,640,450,-2.6234,0.29304
1061,167.5,640,450,-2.3975,0.3954
1061,174,640,450,-1.8598,0.64169
1061,180.5,640,450,-1.2689,0.47864
1061,187,640,450,-1.5836,0.15806
1061,193.5,640,450,-1.3261,0.57636
1061,200,640,450,-0.75226,0.61298
1112,5,640,450,-0.30021,0.95623
1112,11.5,640,450,-0.30021,0.95623
1112,18,640,450,-0.26609,0.95663
1112,24.5,640,450,-0.22714,0.95756
1112,31,640,450,-0.16741,0.95871
1112,37.5,640,450,-0.094707,0.95983
1112,44,640,450,0.0040341,0.96104
1112,50.5,640,450,0.13742,0.96122
1112,57,640,450,0.34021,0.95883
1112,63.5,640,450,0.54549,0.95419
1112,70,640,450,0.84514,0.94597
1112,76.5,640,450,1.2747,0.93329
1112,83,640,450,1.8046,0.92338
1112,89.5,640,450,2.5162,0.91483
1112,96,640,450,-2.934,0.89121
1112,102.5,640,450,-1.8239,0.83289
1112,109,640,450,-0.77661,0.18844
1112,115.5,640,450,0.26725,0.38367
1112,122,640,450,1.3896,0.19138
1112,128.5,640,450,1.7754,0.18294
1112,135,640,450,2.4687,0.36485
1112,141.5,640,450,3.1076,0.43157
1112,148,640,450,-2.97,0.35082
1112,154.5,640,450,-2.1749,0.50753
1112,161,640,450,-2.0744,0.56285
1112,167.5,640,450,-1.7571,0.73195
1112,174,640,450,-1.2637,0.61359
1112,180.5,640,450,-1.1942,0.43581
1112,187,640,450,-0.93695,0.67078
1112,193.5,640,450,-0.51034,0.72336
1112,200,640,450,0.076744,0.4199
1163,5,640,450,-0.30647,0.9567
1163,11.5,640,450,-0.30647,0.9567
1163,18,640,450,-0.27109,0.95751
1163,24.5,640,450,-0.23016,0.95833
1163,31,640,450,-0.16765,0.95892
1163,37.5,640,450,-0.091563,0.95954
1163,44,640,450,0.011754,0.96002
1163,50.5,640,450,0.15076,0.9592
1163,57,640,450,0.36159,0.95617
1163,63.5,640,450,0.57488,0.95201
1163,70,640,450,0.88713,0.94659
1163,76.5,640,450,1.3371,0.94163
1163,83,640,450,1.8967,0.9361
1163,89.5,640,450,2.647,0.92307
1163,96,640,450,-2.7687,0.89555
1163,102.5,640,450,-1.6098,0.89594
1163,109,640,450,-0.63726,0.31513
1163,115.5,640,450,0.63532,0.52512
1163,122,640,450,1.6494,0.26153
1163,128.5,640,450,2.1807,0.37639
1163,135,640,450,2.827,0.49992
1163,141.5,640,450,-2.9295,0.57206
1163,148,640,450,-2.6513,0.68323
1163,154.5,640,450,-2.0194,0.78788
1163,161,640,450,-1.5242,0.7708
1163,167.5,640,450,-1.0837,0.63884
1163,174,640,450,-1.0413,0.37657
1163,180.5,640,450,-0.94393,0.68366
1163,187,640,450,-0.50448,0.80087
1163,193.5,640,450,-0.059893,0.77056
1163,200,640,450,0.13517,0.4757
1214,5,640,450,-0.31218,0.95806
1214,11.5,640,450,-0.31218,0.95806
1214,18,640,450,-0.27522,0.95856
1214,24.5,640,450,-0.23243,0.95909
1214,31,640,450,-0.16748,0.95914
1214,37.5,640,450,-0.088267,0.95927
1214,44,640,450,0.019341,0.95943
1214,50.5,640,450,0.16372,0.95877
1214,57,640,450,0.38287,0.95729
1214,63.5,640,450,0.60497,0.95538
1214,70,640,450,0.93228,0.95487
1214,76.5,640,450,1.4062,0.95288
1214,83,640,450,1.9961,0.94265
1214,89.5,640,450,2.7795,0.91834
1214,96,640,450,-2.6014,0.89005
1214,102.5,640,450,-1.4981,0.89352
1214,109,640,450,-0.41669,0.62241
1214,115.5,640,450,1.0104,0.68556
1214,122,640,450,1.7968,0.31578
1214,128.5,640,450,2.4193,0.54021
1214,135,640,450,3.072,0.70958
1214,141.5,640,450,-2.6276,0.8125
1214,148,640,450,-2.1916,0.79892
1214,154.5,640,450,-1.7233,0.82044
1214,161,640,450,-1.1803,0.82094
1214,167.5,640,450,-0.90437,0.36676
1214,174,640,450,-0.71576,0.43567
1214,180.5,640,450,-0.52708,0.89309
1214,187,640,450,-0.10124,0.94489
1214,193.5,640,450,0.29596,0.9039
1214,200,640,450,0.69201,0.80849
1265,5,640,450,-0.31626,0.96164
1265,11.5,640,450,-0.31626,0.96164
1265,18,640,450,-0.27788,0.96186
1265,24.5,640,450,-0.2334,0.96211
1265,31,640,450,-0.16621,0.9621
1265,37.5,640,450,-0.084035,0.96215
1265,44,640,450,0.027855,0.96261
1265,50.5,640,450,0.178,0.96301
1265,57,640,450,0.40661,0.96368
1265,63.5,640,450,0.63915,0.96377
1265,70,640,450,0.98277,0.96334
1265,76.5,640,450,1.4803,0.95617
1265,83,640,450,2.0952,0.93601
1265,89.5,640,450,2.9065,0.90679
1265,96,640,450,-2.439,0.88277
1265,102.5,640,450,-1.3796,0.89338
1265,109,640,450,-0.10161,0.86593
1265,115.5,640,450,1.2983,0.6613
1265,122,640,450,1.8476,0.48608
1265,128.5,640,450,2.6669,0.78094
1265,135,640,450,-2.8808,0.86132
1265,141.5,640,450,-2.3068,0.7378
1265,148,640,450,-1.8619,0.81808
1265,154.5,640,450,-1.6085,0.76538
1265,161,640,450,-0.91153,0.84087
1265,167.5,640,450,-0.57425,0.74964
1265,174,640,450,-0.27084,0.3504
1265,180.5,640,450,-0.010792,0.84168
1265,187,640,450,0.42223,0.76408
1265,193.5,640,450,0.71869,0.82901
1265,200,640,450,1.1265,0.84208
1316,5,640,450,-0.32839,0.96416
1316,11.5,640,450,-0.32839,0.96416
1316,18,640,450,-0.28874,0.96428
1316,24.5,640,450,-0.24259,0.96456
1316,31,640,450,-0.17301,0.96503
1316,37.5,640,450,-0.087805,0.96545
1316,44,640,450,0.028644,0.96649
1316,50.5,640,450,0.18516,0.96778
1316,57,640,450,0.42409,0.96894
1316,63.5,640,450,0.66718,0.96764
1316,70,640,450,1.0266,0.96345
1316,76.5,640,450,1.5434,0.94767
1316,83,640,450,2.1779,0.92486
1316,89.5,640,450,3.0182,0.9056
1316,96,640,450,-2.2861,0.8832
1316,102.5,640,450,-1.2332,0.87937
1316,109,640,450,0.11697,0.88752
1316,115.5,640,450,1.3658,0.57171
1316,122,640,450,2.0664,0.7927
1316,128.5,640,450,2.9787,0.85339
1316,135,640,450,-2.626,0.70812
1316,141.5,640,450,-2.2123,0.68202
1316,148,640,450,-1.5496,0.83774
1316,154.5,640,450,-1.3725,0.74557
1316,161,640,450,-0.63205,0.84523
1316,167.5,640,450,0.016737,0.67613
1316,174,640,450,-0.0071309,0.24451
1316,180.5,640,450,0.48191,0.508
1316,187,640,450,0.44805,0.41124
1316,193.5,640,450,1.0176,0.90875
1316,200,640,450,1.4945,0.90494
1367,5,640,450,-0.3304,0.96323
1367,11.5,640,450,-0.3304,0.96323
1367,18,640,450,-0.28939,0.96353
1367,24.5,640,450,-0.24154,0.9641
1367,31,640,450,-0.16923,0.9651
1367,37.5,640,450,-0.08072,0.96602
1367,44,640,450,0.04056,0.96731
1367,50.5,640,450,0.20372,0.96835
1367,57,640,450,0.45238,0.96771
1367,63.5,640,450,0.7051,0.96339
1367,70,640,450,1.077,0.95463
1367,76.5,640,450,1.6096,0.93718
1367,83,640,450,2.2659,0.92318
1367,89.5,640,450,-3.1402,0.91417
1367,96,640,450,-2.1219,0.88983
1367,102.5,640,450,-0.99705,0.82077
1367,109,640,450,0.27207,0.85717
1367,115.5,640,450,1.4028,0.79278
1367,122,640,450,2.3685,0.87015
1367,128.5,640,450,-3.0688,0.69439
1367,135,640,450,-2.5376,0.60124
1367,141.5,640,450,-1.9032,0.83605
1367,148,640,450,-1.2454,0.80311
1367,154.5,640,450,-1.0698,0.58235
1367,161,640,450,-0.37462,0.69438
1367,167.5,640,450,0.47662,0.4254
1367,174,640,450,0.31349,0.28749
1367,180.5,640,450,0.92055,0.23248
1367,187,640,450,0.78106,0.67335
1367,193.5,640,450,1.5202,0.93043
1367,200,640,450,2.0091,0.86778
1418,5,640,450,-0.33377,0.95981
1418,11.5,640,450,-0.33377,0.95981
1418,18,640,450,-0.29127,0.96056
1418,24.5,640,450,-0.24155,0.9613
1418,31,640,450,-0.1664,0.96226
1418,37.5,640,450,-0.07443,0.9633
1418,44,640,450,0.051669,0.96427
1418,50.5,640,450,0.2209,0.9641
1418,57,640,450,0.47818,0.9612
1418,63.5,640,450,0.73886,0.95524
1418,70,640,450,1.1219,0.94693
1418,76.5,640,450,1.6719,0.93711
1418,83,640,450,2.3567,0.93354
1418,89.5,640,450,-3.0087,0.92299
1418,96,640,450,-1.9526,0.8947
1418,102.5,640,450,-0.70723,0.72667
1418,109,640,450,0.42101,0.82957
1418,115.5,640,450,1.6633,0.86529
1418,122,640,450,2.5876,0.76157
1418,128.5,640,450,-2.9198,0.55392
1418,135,640,450,-2.289,0.72563
1418,141.5,640,450,-1.5065,0.5725
1418,148,640,450,-0.93335,0.7086
1418,154.5,640,450,-0.64989,0.43825
1418,161,640,450,0.060477,0.559
1418,167.5,640,450,0.90282,0.22503
1418,174,640,450,1.1451,0.20571
1418,180.5,640,450,1.1354,0.11149
1418,187,640,450,1.4684,0.58837
1418,193.5,640,450,2.192,0.53009
1418,200,640,450,2.3956,0.63258
1469,5,640,450,-0.33904,0.95734
1469,11.5,640,450,-0.33904,0.95734
1469,18,640,450,-0.29499,0.95821
1469,24.5,640,450,-0.24325,0.95902
1469,31,640,450,-0.16542,0.95929
1469,37.5,640,450,-0.070073,0.95996
1469,44,640,450,0.06056,0.96036
1469,50.5,640,450,0.23529,0.95935
1469,57,640,450,0.50036,0.95628
1469,63.5,640,450,0.7689,0.95204
1469,70,640,450,1.1649,0.94876
1469,76.5,640,450,1.7376,0.94742
1469,83,640,450,2.4545,0.94212
1469,89.5,640,450,-2.8755,0.91812
1469,96,640,450,-1.7861,0.8849
1469,102.5,640,450,-0.39792,0.68771
1469,109,640,450,0.64934,0.78089
1469,115.5,640,450,1.8519,0.75271
1469,122,640,450,2.78,0.66157
1469,128.5,640,450,-2.7882,0.46422
1469,135,640,450,-1.9256,0.52576
1469,141.5,640,450,-1.181,0.36313
1469,148,640,450,-0.51906,0.53442
1469,154.5,640,450,0.18847,0.40916
1469,161,640,450,0.79104,0.12489
1469,167.5,640,450,1.1113,0.031246
1469,174,640,450,1.2117,0.21662
1469,180.5,640,450,1.5897,0.10142
1469,187,640,450,2.22,0.38723
1469,193.5,640,450,2.5414,0.16856
1469,200,640,450,2.6475,0.38712
