500,5,668,450,-0.22162,0.9562
500,11.5,668,450,-0.22162,0.9562
500,18,668,450,-0.20621,0.95718
500,24.5,668,450,-0.18978,0.95836
500,31,668,450,-0.16258,0.95986
500,37.5,668,450,-0.13089,0.96182
500,44,668,450,-0.090461,0.96416
500,50.5,668,450,-0.034558,0.96712
500,57,668,450,0.048613,0.97066
500,63.5,668,450,0.13066,0.97335
500,70,668,450,0.24443,0.97603
500,76.5,668,450,0.40252,0.97693
500,83,668,450,0.58683,0.97607
500,89.5,668,450,0.83138,0.97376
500,96,668,450,1.1256,0.97297
500,102.5,668,450,1.5561,0.97571
500,109,668,450,2.1051,0.98084
500,115.5,668,450,-2.7688,0.38712
500,122,668,450,2.1818,0.34095
500,128.5,668,450,2.9813,0.63765
500,135,668,450,-2.8379,0.69436
500,141.5,668,450,-2.4867,0.72723
500,148,668,450,-2.194,0.75793
500,154.5,668,450,-1.9195,0.78618
500,161,668,450,-0.87848,0.0035638
500,167.5,668,450,-1.5455,0.89383
500,174,668,450,-1.2831,0.87468
500,180.5,668,450,-0.89293,0.78458
500,187,668,450,-0.063725,0.24533
500,193.5,668,450,-1.9048,0.42499
500,200,668,450,-1.3707,0.74423
551,5,668,450,-0.2259,0.95414
551,11.5,668,450,-0.2259,0.95414
551,18,668,450,-0.20887,0.95497
551,24.5,668,450,-0.19048,0.95602
551,31,668,450,-0.16067,0.95702
551,37.5,668,450,-0.1257,0.95848
551,44,668,450,-0.080771,0.96007
551,50.5,668,450,-0.019281,0.96188
551,57,668,450,0.071903,0.96375
551,63.5,668,450,0.16166,0.96485
551,70,668,450,0.28681,0.96564
551,76.5,668,450,0.46038,0.96579
551,83,668,450,0.66353,0.96628
551,89.5,668,450,0.93394,0.96708
551,96,668,450,1.2599,0.97337
551,102.5,668,450,1.7294,0.98175
551,109,668,450,2.2971,0.99164
551,115.5,668,450,-1.8735,0.0031162
551,122,668,450,2.8752,0.698
551,128.5,668,450,-2.8107,0.81526
551,135,668,450,-2.3878,0.86252
551,141.5,668,450,-2.0456,0.89935
551,148,668,450,-1.7462,0.93146
551,154.5,668,450,-1.4636,0.95274
551,161,668,450,-1.1912,0.94352
551,167.5,668,450,-0.80288,0.9013
551,174,668,450,0.1835,0.23878
551,180.5,668,450,-1.2914,0.44771
551,187,668,450,-1.2447,0.72116
551,193.5,668,450,-0.91628,0.77346
551,200,668,450,-0.7078,0.79426
602,5,668,450,-0.23714,0.95519
602,11.5,668,450,-0.23714,0.95519
602,18,668,450,-0.2186,0.95561
602,24.5,668,450,-0.19841,0.95616
602,31,668,450,-0.16629,0.95656
602,37.5,668,450,-0.12839,0.95731
602,44,668,450,-0.079416,0.95804
602,50.5,668,450,-0.01292,0.95901
602,57,668,450,0.085625,0.96027
602,63.5,668,450,0.18266,0.96124
602,70,668,450,0.3188,0.96304
602,76.5,668,450,0.50803,0.96546
602,83,668,450,0.73169,0.97019
602,89.5,668,450,1.0298,0.97604
602,96,668,450,1.3887,0.98368
602,102.5,668,450,1.8897,0.98115
602,109,668,450,2.4478,0.97304
602,115.5,668,450,2.7063,0.78614
602,122,668,450,-2.9304,0.90654
602,128.5,668,450,-2.4303,0.95072
602,135,668,450,-2.0168,0.97301
602,141.5,668,450,-1.6523,0.98518
602,148,668,450,-1.2823,0.97124
602,154.5,668,450,-1.841,0.55658
602,161,668,450,-0.70052,0.93829
602,167.5,668,450,-1.7733,0.13421
602,174,668,450,-0.89474,0.60721
602,180.5,668,450,-1.2536,0.97236
602,187,668,450,-0.67857,0.93032
602,193.5,668,450,-0.44139,0.9143
602,200,668,450,-0.24781,0.91643
653,5,668,450,-0.24116,0.9585
653,11.5,668,450,-0.24116,0.9585
653,18,668,450,-0.22135,0.95864
653,24.5,668,450,-0.19959,0.95872
653,31,668,450,-0.16536,0.95891
653,37.5,668,450,-0.1248,0.95938
653,44,668,450,-0.072075,0.95992
653,50.5,668,450,-0.00073312,0.96116
653,57,668,450,0.1052,0.96344
653,63.5,668,450,0.20995,0.96572
653,70,668,450,0.35794,0.96994
653,76.5,668,450,0.56484,0.97618
653,83,668,450,0.81127,0.98369
653,89.5,668,450,1.1394,0.99
653,96,668,450,1.5292,0.98997
653,102.5,668,450,2.0551,0.97666
653,109,668,450,2.6011,0.96292
653,115.5,668,450,-3.1174,0.96685
653,122,668,450,-2.6154,0.97868
653,128.5,668,450,-2.1304,0.98761
653,135,668,450,-1.7072,0.98012
653,141.5,668,450,-1.1826,0.93381
653,148,668,450,-1.4524,0.8343
653,154.5,668,450,-0.99024,0.92008
653,161,668,450,-0.26019,0.82015
653,167.5,668,450,-0.59654,0.85588
653,174,668,450,-0.06356,0.71081
653,180.5,668,450,-0.50278,0.92042
653,187,668,450,-0.1834,0.94882
653,193.5,668,450,0.058963,0.94834
653,200,668,450,0.24081,0.99176
704,5,668,450,-0.24371,0.96131
704,11.5,668,450,-0.24371,0.96131
704,18,668,450,-0.22275,0.96144
704,24.5,668,450,-0.19956,0.96153
704,31,668,450,-0.16317,0.96208
704,37.5,668,450,-0.11992,0.96292
704,44,668,450,-0.063306,0.96408
704,50.5,668,450,0.013283,0.96642
704,57,668,450,0.1275,0.97041
704,63.5,668,450,0.24072,0.97414
704,70,668,450,0.40189,0.97995
704,76.5,668,450,0.62791,0.98684
704,83,668,450,0.89739,0.99164
704,89.5,668,450,1.2541,0.9915
704,96,668,450,1.6703,0.98403
704,102.5,668,450,2.2237,0.97446
704,109,668,450,2.8054,0.9734
704,115.5,668,450,-2.9022,0.98433
704,122,668,450,-2.3976,0.98328
704,128.5,668,450,-1.8946,0.96576
704,135,668,450,-1.3177,0.89749
704,141.5,668,450,-1.3525,0.94474
704,148,668,450,-0.98002,0.96089
704,154.5,668,450,-0.66765,0.97107
704,161,668,450,-0.45528,1.0042
704,167.5,668,450,0.010275,0.98352
704,174,668,450,1.3681,0.14438
704,180.5,668,450,0.0028647,0.76456
704,187,668,450,0.31809,0.79689
704,193.5,668,450,0.63419,0.74315
704,200,668,450,0.093456,0.90741
755,5,668,450,-0.24571,0.96118
755,11.5,668,450,-0.24571,0.96118
755,18,668,450,-0.22345,0.96162
755,24.5,668,450,-0.19872,0.96218
755,31,668,450,-0.15993,0.96333
755,37.5,668,450,-0.11369,0.96483
755,44,668,450,-0.052768,0.96683
755,50.5,668,450,0.02965,0.97005
755,57,668,450,0.15282,0.97467
755,63.5,668,450,0.27503,0.9784
755,70,668,450,0.44953,0.98249
755,76.5,668,450,0.6942,0.9853
755,83,668,450,0.98403,0.98461
755,89.5,668,450,1.3645,0.97924
755,96,668,450,1.8063,0.97456
755,102.5,668,450,2.4006,0.97129
755,109,668,450,3.1007,0.95655
755,115.5,668,450,-2.7408,0.98382
755,122,668,450,-2.2128,0.9696
755,128.5,668,450,-1.6116,0.90065
755,135,668,450,-1.4234,0.98229
755,141.5,668,450,-0.99305,0.99297
755,148,668,450,-0.6223,0.99265
755,154.5,668,450,-0.23776,0.97296
755,161,668,450,-0.051418,0.9758
755,167.5,668,450,0.58625,0.85353
755,174,668,450,-0.61365,0.11325
755,180.5,668,450,0.507,0.68944
755,187,668,450,0.90532,0.64902
755,193.5,668,450,1.9288,0.059118
755,200,668,450,0.75051,0.9916
806,5,668,450,-0.24829,0.95821
806,11.5,668,450,-0.24829,0.95821
806,18,668,450,-0.22456,0.95903
806,24.5,668,450,-0.19799,0.96014
806,31,668,450,-0.15655,0.96158
806,37.5,668,450,-0.10705,0.96345
806,44,668,450,-0.04151,0.96571
806,50.5,668,450,0.046993,0.9687
806,57,668,450,0.17891,0.97223
806,63.5,668,450,0.3096,0.97422
806,70,668,450,0.49627,0.97539
806,76.5,668,450,0.7564,0.97397
806,83,668,450,1.064,0.97137
806,89.5,668,450,1.4676,0.96893
806,96,668,450,1.9397,0.97238
806,102.5,668,450,2.5832,0.97103
806,109,668,450,-2.8238,0.84332
806,115.5,668,450,-2.5641,0.98422
806,122,668,450,-1.9768,0.95833
806,128.5,668,450,-1.7631,0.94981
806,135,668,450,-1.1259,0.98939
806,141.5,668,450,-0.65767,0.96761
806,148,668,450,-0.21698,0.91004
806,154.5,668,450,0.27074,0.77378
806,161,668,450,0.35941,0.91594
806,167.5,668,450,1.1981,0.53706
806,174,668,450,0.27995,0.61318
806,180.5,668,450,1.4987,0.72476
806,187,668,450,0.30302,0.0052318
806,193.5,668,450,0.64011,0.8818
806,200,668,450,1.4193,0.95457
857,5,668,450,-0.25237,0.95511
857,11.5,668,450,-0.25237,0.95511
857,18,668,450,-0.2271,0.95607
857,24.5,668,450,-0.19849,0.95718
857,31,668,450,-0.15437,0.95842
857,37.5,668,450,-0.10157,0.96005
857,44,668,450,-0.031503,0.96179
857,50.5,668,450,0.062554,0.96368
857,57,668,450,0.20228,0.96525
857,63.5,668,450,0.34067,0.9656
857,70,668,450,0.538,0.96542
857,76.5,668,450,0.81256,0.96468
857,83,668,450,1.1382,0.96666
857,89.5,668,450,1.5683,0.97373
857,96,668,450,2.0768,0.98199
857,102.5,668,450,2.7679,0.96974
857,109,668,450,-2.4952,0.7181
857,115.5,668,450,-2.3163,0.94978
857,122,668,450,-1.1568,0.53769
857,128.5,668,450,-1.4334,0.97347
857,135,668,450,-0.81473,0.95272
857,141.5,668,450,-0.28101,0.88616
857,148,668,450,0.23408,0.80207
857,154.5,668,450,0.82586,0.67569
857,161,668,450,1.0695,0.53155
857,167.5,668,450,2.082,0.12675
857,174,668,450,2.5326,0.07947
857,180.5,668,450,0.899,0.29261
857,187,668,450,2.5756,0.035575
857,193.5,668,450,1.527,0.75849
857,200,668,450,2.0863,0.74252
908,5,668,450,-0.2574,0.95462
908,11.5,668,450,-0.2574,0.95462
908,18,668,450,-0.23056,0.95527
908,24.5,668,450,-0.20002,0.95588
908,31,668,450,-0.15343,0.95663
908,37.5,668,450,-0.097575,0.95766
908,44,668,450,-0.02335,0.95862
908,50.5,668,450,0.075747,0.95962
908,57,668,450,0.22267,0.96062
908,63.5,668,450,0.36815,0.96091
908,70,668,450,0.57651,0.96272
908,76.5,668,450,0.86666,0.96754
908,83,668,450,1.2141,0.97709
908,89.5,668,450,1.676,0.98719
908,96,668,450,2.2201,0.9902
908,102.5,668,450,2.9492,0.96889
908,109,668,450,-2.2122,0.76319
908,115.5,668,450,-1.9322,0.85045
908,122,668,450,-2.4034,0.5628
908,128.5,668,450,-1.115,0.93848
908,135,668,450,-0.42458,0.87825
908,141.5,668,450,0.2148,0.8084
908,148,668,450,0.89764,0.70945
908,154.5,668,450,1.7121,0.59796
908,161,668,450,2.1467,0.0095664
908,167.5,668,450,-2.0751,0.0069079
908,174,668,450,0.92722,0.45708
908,180.5,668,450,2.0473,0.56225
908,187,668,450,1.1132,0.23845
908,193.5,668,450,2.3002,0.71609
908,200,668,450,2.8228,0.70013
959,5,668,450,-0.2696,0.95705
959,11.5,668,450,-0.2696,0.95705
959,18,668,450,-0.24126,0.95743
959,24.5,668,450,-0.20924,0.95745
959,31,668,450,-0.16043,0.95778
959,37.5,668,450,-0.1018,0.9584
959,44,668,450,-0.023725,0.95904
959,50.5,668,450,0.080208,0.96024
959,57,668,450,0.23467,0.96254
959,63.5,668,450,0.38776,0.9646
959,70,668,450,0.6082,0.97039
959,76.5,668,450,0.91723,0.97926
959,83,668,450,1.2891,0.98955
959,89.5,668,450,1.783,0.99364
959,96,668,450,2.3571,0.98466
959,102.5,668,450,3.1219,0.97251
959,109,668,450,-1.9564,0.87001
959,115.5,668,450,-1.4183,0.60837
959,122,668,450,-1.8798,0.74159
959,128.5,668,450,-0.72097,0.86323
959,135,668,450,0.096528,0.77011
959,141.5,668,450,0.92412,0.61794
959,148,668,450,1.7834,0.37985
959,154.5,668,450,2.7275,0.21979
959,161,668,450,0.22371,0.17958
959,167.5,668,450,0.43788,0.20589
959,174,668,450,1.8663,0.63852
959,180.5,668,450,2.829,0.51378
959,187,668,450,2.6265,0.88188
959,193.5,668,450,-2.9926,0.89734
959,200,668,450,-2.1776,0.98199
1010,5,668,450,-0.27253,0.96036
1010,11.5,668,450,-0.27253,0.96036
1010,18,668,450,-0.24315,0.96036
1010,24.5,668,450,-0.20966,0.96057
1010,31,668,450,-0.15871,0.9609
1010,37.5,668,450,-0.097377,0.96164
1010,44,668,450,-0.015423,0.9627
1010,50.5,668,450,0.093719,0.96498
1010,57,668,450,0.25648,0.96918
1010,63.5,668,450,0.41832,0.97297
1010,70,668,450,0.65258,0.98023
1010,76.5,668,450,0.98196,0.98772
1010,83,668,450,1.3773,0.99058
1010,89.5,668,450,1.8963,0.9839
1010,96,668,450,2.4961,0.97311
1010,102.5,668,450,-2.9824,0.97768
1010,109,668,450,-1.7385,0.92824
1010,115.5,668,450,-0.8743,0.4123
1010,122,668,450,-1.4083,0.69091
1010,128.5,668,450,-0.20217,0.74374
1010,135,668,450,0.76194,0.56788
1010,141.5,668,450,1.6703,0.3395
1010,148,668,450,2.6076,0.12709
1010,154.5,668,450,-0.79716,1.0232e-05
1010,161,668,450,1.7975,0.6023
1010,167.5,668,450,1.5352,0.10656
1010,174,668,450,2.649,0.58403
1010,180.5,668,450,3.0083,0.69917
1010,187,668,450,-2.5941,0.73473
1010,193.5,668,450,-2.0427,0.79271
1010,200,668,450,0.12953,0.23559
1061,5,668,450,-0.27451,0.96158
1061,11.5,668,450,-0.27451,0.96158
1061,18,668,450,-0.24385,0.96208
1061,24.5,668,450,-0.20882,0.96249
1061,31,668,450,-0.15562,0.96329
1061,37.5,668,450,-0.091391,0.96452
1061,44,668,450,-0.0052275,0.96634
1061,50.5,668,450,0.10971,0.96956
1061,57,668,450,0.28158,0.9744
1061,63.5,668,450,0.45261,0.97797
1061,70,668,450,0.70055,0.98257
1061,76.5,668,450,1.0477,0.98378
1061,83,668,450,1.4612,0.97904
1061,89.5,668,450,2.0016,0.97035
1061,96,668,450,2.6292,0.97177
1061,102.5,668,450,-2.8047,0.97557
1061,109,668,450,-1.5901,0.97657
1061,115.5,668,450,-0.35622,0.36656
1061,122,668,450,-0.87765,0.58844
1061,128.5,668,450,0.3694,0.61065
1061,135,668,450,1.3752,0.44268
1061,141.5,668,450,2.3803,0.21807
1061,148,668,450,0.51877,0.0025136
1061,154.5,668,450,1.924,0.46141
1061,161,668,450,3.0256,0.96393
1061,167.5,668,450,2.3749,0.051917
1061,174,668,450,-2.893,0.51943
1061,180.5,668,450,-2.4887,0.67781
1061,187,668,450,-2.0062,0.71885
1061,193.5,668,450,-1.2598,0.79029
1061,200,668,450,3.0191,0.3433
1112,5,668,450,-0.27699,0.95948
1112,11.5,668,450,-0.27699,0.95948
1112,18,668,450,-0.24462,0.96081
1112,24.5,668,450,-0.20787,0.96158
1112,31,668,450,-0.15217,0.96287
1112,37.5,668,450,-0.08479,0.96453
1112,44,668,450,0.0059114,0.96671
1112,50.5,668,450,0.1269,0.96979
1112,57,668,450,0.30765,0.97325
1112,63.5,668,450,0.48713,0.97472
1112,70,668,450,0.74673,0.97469
1112,76.5,668,450,1.1085,0.97174
1112,83,668,450,1.5374,0.96781
1112,89.5,668,450,2.1022,0.9697
1112,96,668,450,2.7653,0.98151
1112,102.5,668,450,-2.6284,0.97389
1112,109,668,450,-1.5157,0.94974
1112,115.5,668,450,0.18216,0.36393
1112,122,668,450,-0.32968,0.56278
1112,128.5,668,450,0.88241,0.59972
1112,135,668,450,1.9522,0.47615
1112,141.5,668,450,-2.9034,0.035214
1112,148,668,450,1.9233,0.48454
1112,154.5,668,450,2.9291,0.83921
1112,161,668,450,-2.6001,0.91736
1112,167.5,668,450,3.1312,0.20115
1112,174,668,450,-2.1806,0.5357
1112,180.5,668,450,-1.9488,0.8549
1112,187,668,450,-1.4178,0.83893
1112,193.5,668,450,1.5505,0.0057327
1112,200,668,450,-1.3822,0.8789
1163,5,668,450,-0.2812,0.95936
1163,11.5,668,450,-0.2812,0.95936
1163,18,668,450,-0.24756,0.96016
1163,24.5,668,450,-0.20896,0.96112
1163,31,668,450,-0.15055,0.96247
1163,37.5,668,450,-0.079884,0.96408
1163,44,668,450,0.015344,0.96583
1163,50.5,668,450,0.14201,0.96774
1163,57,668,450,0.33062,0.96907
1163,63.5,668,450,0.51742,0.96887
1163,70,668,450,0.78717,0.96756
1163,76.5,668,450,1.1626,0.96678
1163,83,668,450,1.6109,0.97159
1163,89.5,668,450,2.207,0.98362
1163,96,668,450,2.9073,0.98897
1163,102.5,668,450,-2.4541,0.97312
1163,109,668,450,-1.5602,1.0216
1163,115.5,668,450,0.84686,0.17276
1163,122,668,450,0.18396,0.66176
1163,128.5,668,450,1.3457,0.72845
1163,135,668,450,2.6523,0.45958
1163,141.5,668,450,1.7248,0.3611
1163,148,668,450,2.8037,0.73451
1163,154.5,668,450,-2.8194,0.79443
1163,161,668,450,-2.2787,0.89187
1163,167.5,668,450,-2.2604,0.74575
1163,174,668,450,-1.321,0.58733
1163,180.5,668,450,-1.2981,0.97033
1163,187,668,450,0.19494,0.15947
1163,193.5,668,450,-1.1015,0.74883
1163,200,668,450,-0.61335,0.82477
1214,5,668,450,-0.28593,0.95715
1214,11.5,668,450,-0.28593,0.95715
1214,18,668,450,-0.25071,0.95798
1214,24.5,668,450,-0.21026,0.95878
1214,31,668,450,-0.14924,0.95978
1214,37.5,668,450,-0.07547,0.96104
1214,44,668,450,0.023988,0.9621
1214,50.5,668,450,0.15571,0.9631
1214,57,668,450,0.35142,0.96376
1214,63.5,668,450,0.54522,0.96427
1214,70,668,450,0.82558,0.96556
1214,76.5,668,450,1.2171,0.9718
1214,83,668,450,1.6899,0.98468
1214,89.5,668,450,2.3193,0.99274
1214,96,668,450,3.0512,0.98504
1214,102.5,668,450,-2.2758,0.97506
1214,109,668,450,-1.4317,0.95565
1214,115.5,668,450,-1.0587,0.23736
1214,122,668,450,0.63039,0.83521
1214,128.5,668,450,1.7933,0.87642
1214,135,668,450,0.95267,0.016908
1214,141.5,668,450,2.5872,0.73123
1214,148,668,450,-3.0156,0.82566
1214,154.5,668,450,-2.4631,0.87159
1214,161,668,450,-2.0034,0.95192
1214,167.5,668,450,-1.5647,0.99014
1214,174,668,450,-1.4923,0.82129
1214,180.5,668,450,0.60322,0.095419
1214,187,668,450,-0.20203,0.096331
1214,193.5,668,450,-0.58431,0.8445
1214,200,668,450,-0.15553,0.86776
1265,5,668,450,-0.29088,0.95804
1265,11.5,668,450,-0.29088,0.95804
1265,18,668,450,-0.2542,0.95863
1265,24.5,668,450,-0.21197,0.95913
1265,31,668,450,-0.14861,0.95958
1265,37.5,668,450,-0.07193,0.96041
1265,44,668,450,0.031454,0.96111
1265,50.5,668,450,0.168,0.96222
1265,57,668,450,0.371,0.96428
1265,63.5,668,450,0.57242,0.96687
1265,70,668,450,0.86517,0.97278
1265,76.5,668,450,1.2771,0.98351
1265,83,668,450,1.7756,0.99214
1265,89.5,668,450,2.4339,0.98918
1265,96,668,450,-3.0936,0.97709
1265,102.5,668,450,-2.0963,0.9764
1265,109,668,450,-1.3751,0.98556
1265,115.5,668,450,-0.13056,0.88563
1265,122,668,450,0.98881,0.95864
1265,128.5,668,450,2.254,0.90047
1265,135,668,450,2.2504,0.74673
1265,141.5,668,450,3.0395,0.8849
1265,148,668,450,-2.6369,0.95251
1265,154.5,668,450,-2.0639,0.99007
1265,161,668,450,-1.5487,0.94394
1265,167.5,668,450,-1.0403,0.89191
1265,174,668,450,-0.51575,0.93165
1265,180.5,668,450,-0.68411,0.67623
1265,187,668,450,-0.8092,0.97904
1265,193.5,668,450,-0.12581,0.95564
1265,200,668,450,0.29884,0.96454
1316,5,668,450,-0.30335,0.96124
1316,11.5,668,450,-0.30335,0.96124
1316,18,668,450,-0.2653,0.96149
1316,24.5,668,450,-0.22147,0.96179
1316,31,668,450,-0.15599,0.96205
1316,37.5,668,450,-0.07652,0.96277
1316,44,668,450,0.030769,0.96375
1316,50.5,668,450,0.17249,0.96591
1316,57,668,450,0.38379,0.97021
1316,63.5,668,450,0.59427,0.97438
1316,70,668,450,0.90134,0.98207
1316,76.5,668,450,1.3339,0.98932
1316,83,668,450,1.8541,0.98774
1316,89.5,668,450,2.5333,0.97521
1316,96,668,450,-2.968,0.97474
1316,102.5,668,450,-1.926,0.97329
1316,109,668,450,-1.2344,0.93237
1316,115.5,668,450,0.20732,0.97505
1316,122,668,450,1.2388,0.99259
1316,128.5,668,450,1.2323,0.27638
1316,135,668,450,2.7078,0.92671
1316,141.5,668,450,-2.8879,0.97882
1316,148,668,450,-2.2627,0.97525
1316,154.5,668,450,-1.586,0.86885
1316,161,668,450,-3.0939,0.0063471
1316,167.5,668,450,-1.0589,0.98882
1316,174,668,450,-1.0526,0.69975
1316,180.5,668,450,0.10149,0.83049
1316,187,668,450,-0.16343,0.84362
1316,193.5,668,450,0.41713,0.87726
1316,200,668,450,0.68992,0.91289
1367,5,668,450,-0.30562,0.9639
1367,11.5,668,450,-0.30562,0.9639
1367,18,668,450,-0.26631,0.9641
1367,24.5,668,450,-0.22094,0.96438
1367,31,668,450,-0.1533,0.96506
1367,37.5,668,450,-0.071009,0.96604
1367,44,668,450,0.040444,0.96769
1367,50.5,668,450,0.18801,0.97077
1367,57,668,450,0.40835,0.97577
1367,63.5,668,450,0.6284,0.97987
1367,70,668,450,0.94922,0.98394
1367,76.5,668,450,1.3988,0.98274
1367,83,668,450,1.935,0.97476
1367,89.5,668,450,2.6352,0.96986
1367,96,668,450,-2.8304,0.98183
1367,102.5,668,450,-1.7467,0.97346
1367,109,668,450,-1.0167,0.88885
1367,115.5,668,450,0.40159,0.98397
1367,122,668,450,1.4231,0.98316
1367,128.5,668,450,2.2079,0.94635
1367,135,668,450,3.0275,0.98332
1367,141.5,668,450,-2.5535,0.95657
1367,148,668,450,-1.878,0.85567
1367,154.5,668,450,3.0463,0.0089385
1367,161,668,450,-0.61499,0.5916
1367,167.5,668,450,-0.70826,0.99051
1367,174,668,450,-0.17343,0.98505
1367,180.5,668,450,1.328,0.3999
1367,187,668,450,0.3858,0.66444
1367,193.5,668,450,1.1328,0.49638
1367,200,668,450,0.96827,0.94634
1418,5,668,450,-0.30734,0.96382
1418,11.5,668,450,-0.30734,0.96382
1418,18,668,450,-0.2668,0.96417
1418,24.5,668,450,-0.21976,0.96472
1418,31,668,450,-0.14965,0.96599
1418,37.5,668,450,-0.064358,0.96736
1418,44,668,450,0.051561,0.96939
1418,50.5,668,450,0.20513,0.97249
1418,57,668,450,0.43457,0.97598
1418,63.5,668,450,0.66315,0.97749
1418,70,668,450,0.99552,0.97657
1418,76.5,668,450,1.4583,0.97142
1418,83,668,450,2.0097,0.96907
1418,89.5,668,450,2.7385,0.97911
1418,96,668,450,-2.6893,0.98889
1418,102.5,668,450,-1.5693,0.97536
1418,109,668,450,-0.7158,0.85714
1418,115.5,668,450,0.56197,0.98471
1418,122,668,450,1.5942,0.97711
1418,128.5,668,450,2.4882,0.98546
1418,135,668,450,-2.9696,0.96037
1418,141.5,668,450,-2.2155,0.87397
1418,148,668,450,-0.82209,0.19969
1418,154.5,668,450,-1.4058,0.93097
1418,161,668,450,-2.3036,0.0044756
1418,167.5,668,450,-0.15789,0.88824
1418,174,668,450,0.27557,0.93634
1418,180.5,668,450,-0.49364,0.037437
1418,187,668,450,1.0394,0.65836
1418,193.5,668,450,-0.30476,0.35558
1418,200,668,450,1.4858,0.97862
1469,5,668,450,-0.31011,0.96103
1469,11.5,668,450,-0.31011,0.96103
1469,18,668,450,-0.26816,0.96155
1469,24.5,668,450,-0.21938,0.96247
1469,31,668,450,-0.14647,0.96395
1469,37.5,668,450,-0.057989,0.96553
1469,44,668,450,0.062437,0.96732
1469,50.5,668,450,0.22174,0.96932
1469,57,668,450,0.45911,0.97044
1469,63.5,668,450,0.69487,0.96959
1469,70,668,450,1.0366,0.96764
1469,76.5,668,450,1.5126,0.96717
1469,83,668,450,2.0852,0.97679
1469,89.5,668,450,2.8486,0.99148
1469,96,668,450,-2.5455,0.98494
1469,102.5,668,450,-1.3915,0.97565
1469,109,668,450,-0.3609,0.78972
1469,115.5,668,450,0.75137,0.97769
1469,122,668,450,1.6168,0.97605
1469,128.5,668,450,2.7316,0.9762
1469,135,668,450,-2.662,0.91044
1469,141.5,668,450,-1.4759,0.5727
1469,148,668,450,-1.7653,0.84362
1469,154.5,668,450,-0.825,0.86813
1469,161,668,450,-1.6946,0.05941
1469,167.5,668,450,0.87646,0.27315
1469,174,668,450,0.79488,0.84096
1469,180.5,668,450,1.0389,0.86981
1469,187,668,450,0.38458,0.039336
1469,193.5,668,450,1.1655,0.76339
1469,200,668,450,2.148,0.80529
