500,5,603,450,-0.26234,0.95236
500,11.5,603,450,-0.26234,0.95236
500,18,603,450,-0.24491,0.95312
500,24.5,603,450,-0.22597,0.95396
500,31,603,450,-0.19414,0.95437
500,37.5,603,450,-0.15623,0.95475
500,44,603,450,-0.10677,0.95515
500,50.5,603,450,-0.036566,0.95369
500,57,603,450,0.072534,0.94826
500,63.5,603,450,0.18479,0.93938
500,70,603,450,0.34745,0.92681
500,76.5,603,450,0.59207,0.90347
500,83,603,450,0.9158,0.87676
500,89.5,603,450,1.4175,0.84934
500,96,603,450,2.2368,0.60805
500,102.5,603,450,2.5586,0.24418
500,109,603,450,3.1272,0.36891
500,115.5,603,450,-2.5719,0.45243
500,122,603,450,-2.1727,0.54004
500,128.5,603,450,-1.7972,0.62474
500,135,603,450,-1.4895,0.65103
500,141.5,603,450,-1.2183,0.61422
500,148,603,450,-1.0429,0.46744
500,154.5,603,450,-1.0271,0.40157
500,161,603,450,-1.0128,0.43489
500,167.5,603,450,-0.96875,0.55912
500,174,603,450,-0.79958,0.66617
500,180.5,603,450,-0.60169,0.69441
500,187,603,450,-0.44776,0.69013
500,193.5,603,450,-0.26697,0.63932
500,200,603,450,-0.083183,0.51275
551,5,603,450,-0.26836,0.95517
551,11.5,603,450,-0.26836,0.95517
551,18,603,450,-0.2493,0.9555
551,24.5,603,450,-0.22844,0.95587
551,31,603,450,-0.19393,0.95563
551,37.5,603,450,-0.15253,0.95521
551,44,603,450,-0.098095,0.95466
551,50.5,603,450,-0.021492,0.95228
551,57,603,450,0.097614,0.94623
551,63.5,603,450,0.22051,0.93746
551,70,603,450,0.39974,0.92566
551,76.5,603,450,0.67,0.90563
551,83,603,450,1.0272,0.88431
551,89.5,603,450,1.5607,0.86624
551,96,603,450,2.3657,0.64727
551,102.5,603,450,2.7545,0.53484
551,109,603,450,-2.8211,0.68384
551,115.5,603,450,-2.2044,0.72748
551,122,603,450,-1.7953,0.7171
551,128.5,603,450,-1.4726,0.6995
551,135,603,450,-1.1973,0.69407
551,141.5,603,450,-0.87278,0.59416
551,148,603,450,-0.9353,0.33618
551,154.5,603,450,-0.94123,0.42558
551,161,603,450,-0.89893,0.63868
551,167.5,603,450,-0.65772,0.85157
551,174,603,450,-0.44707,0.88957
551,180.5,603,450,-0.22794,0.89115
551,187,603,450,-0.055494,0.87064
551,193.5,603,450,0.10857,0.79494
551,200,603,450,0.24798,0.76952
602,5,603,450,-0.28091,0.95954
602,11.5,603,450,-0.28091,0.95954
602,18,603,450,-0.26049,0.95958
602,24.5,603,450,-0.23788,0.95981
602,31,603,450,-0.20091,0.95946
602,37.5,603,450,-0.15633,0.9588
602,44,603,450,-0.097254,0.95811
602,50.5,603,450,-0.014381,0.95617
602,57,603,450,0.11496,0.95149
602,63.5,603,450,0.24901,0.94423
602,70,603,450,0.44623,0.93511
602,76.5,603,450,0.74433,0.91882
602,83,603,450,1.1363,0.89879
602,89.5,603,450,1.6955,0.88027
602,96,603,450,2.4083,0.72452
602,102.5,603,450,3.0786,0.81639
602,109,603,450,-2.5191,0.82782
602,115.5,603,450,-1.9571,0.74034
602,122,603,450,-1.6212,0.688
602,128.5,603,450,-1.3396,0.72938
602,135,603,450,-1.0506,0.75962
602,141.5,603,450,-0.71711,0.61149
602,148,603,450,-0.71808,0.56225
602,154.5,603,450,-0.59939,0.54569
602,161,603,450,-0.48144,0.78047
602,167.5,603,450,-0.21614,0.89584
602,174,603,450,0.0044329,0.88978
602,180.5,603,450,0.21798,0.85471
602,187,603,450,0.37651,0.88112
602,193.5,603,450,0.59411,0.89481
602,200,603,450,0.81199,0.83989
653,5,603,450,-0.28333,0.96103
653,11.5,603,450,-0.28333,0.96103
653,18,603,450,-0.26159,0.96115
653,24.5,603,450,-0.2372,0.96172
653,31,603,450,-0.19762,0.96191
653,37.5,603,450,-0.14976,0.96177
653,44,603,450,-0.085809,0.96185
653,50.5,603,450,0.0039102,0.96115
653,57,603,450,0.14458,0.95803
653,63.5,603,450,0.29086,0.95204
653,70,603,450,0.50745,0.94359
653,76.5,603,450,0.83461,0.92575
653,83,603,450,1.2602,0.90051
653,89.5,603,450,1.8471,0.877
653,96,603,450,2.5159,0.87413
653,102.5,603,450,-2.9817,0.8644
653,109,603,450,-2.3398,0.8196
653,115.5,603,450,-1.8612,0.73782
653,122,603,450,-1.5238,0.7972
653,128.5,603,450,-1.1462,0.83784
653,135,603,450,-0.82447,0.81043
653,141.5,603,450,-0.42065,0.74634
653,148,603,450,-0.29063,0.4819
653,154.5,603,450,-0.24076,0.42182
653,161,603,450,-0.068734,0.596
653,167.5,603,450,0.18747,0.5729
653,174,603,450,0.31261,0.51138
653,180.5,603,450,0.41545,0.69243
653,187,603,450,0.66563,0.85266
653,193.5,603,450,0.94666,0.90623
653,200,603,450,1.2042,0.87763
704,5,603,450,-0.28669,0.95817
704,11.5,603,450,-0.28669,0.95817
704,18,603,450,-0.26341,0.95871
704,24.5,603,450,-0.23703,0.95965
704,31,603,450,-0.19449,0.96042
704,37.5,603,450,-0.14296,0.96098
704,44,603,450,-0.07363,0.96185
704,50.5,603,450,0.023545,0.96172
704,57,603,450,0.17607,0.95848
704,63.5,603,450,0.33475,0.95149
704,70,603,450,0.57016,0.94028
704,76.5,603,450,0.92373,0.91711
704,83,603,450,1.3797,0.88787
704,89.5,603,450,2.0047,0.86083
704,96,603,450,2.621,0.83504
704,102.5,603,450,-2.8476,0.85747
704,109,603,450,-2.2425,0.82719
704,115.5,603,450,-1.7006,0.87031
704,122,603,450,-1.2772,0.8168
704,128.5,603,450,-0.8943,0.69492
704,135,603,450,-0.60744,0.61992
704,141.5,603,450,-0.15677,0.53009
704,148,603,450,-0.083123,0.36114
704,154.5,603,450,0.027398,0.3698
704,161,603,450,0.32324,0.40112
704,167.5,603,450,0.47657,0.33417
704,174,603,450,0.45998,0.41585
704,180.5,603,450,0.79319,0.78974
704,187,603,450,1.1315,0.89862
704,193.5,603,450,1.442,0.92961
704,200,603,450,1.7076,0.92826
755,5,603,450,-0.29264,0.95399
755,11.5,603,450,-0.29264,0.95399
755,18,603,450,-0.26762,0.95487
755,24.5,603,450,-0.2391,0.95586
755,31,603,450,-0.19343,0.95663
755,37.5,603,450,-0.13798,0.95735
755,44,603,450,-0.063051,0.95817
755,50.5,603,450,0.041499,0.9573
755,57,603,450,0.20518,0.95223
755,63.5,603,450,0.37518,0.94333
755,70,603,450,0.62722,0.92971
755,76.5,603,450,1.0045,0.90521
755,83,603,450,1.4921,0.87974
755,89.5,603,450,2.166,0.84763
755,96,603,450,2.701,0.7968
755,102.5,603,450,-2.7255,0.84572
755,109,603,450,-2.0656,0.86156
755,115.5,603,450,-1.4851,0.74224
755,122,603,450,-1.0842,0.64758
755,128.5,603,450,-0.70333,0.5105
755,135,603,450,-0.38408,0.4389
755,141.5,603,450,-0.05162,0.32106
755,148,603,450,0.13632,0.31442
755,154.5,603,450,0.53703,0.3255
755,161,603,450,0.75809,0.16327
755,167.5,603,450,0.65987,0.16667
755,174,603,450,0.8419,0.38587
755,180.5,603,450,1.3826,0.57681
755,187,603,450,1.7328,0.56122
755,193.5,603,450,1.9603,0.49863
755,200,603,450,2.1363,0.62965
806,5,603,450,-0.2999,0.95289
806,11.5,603,450,-0.2999,0.95289
806,18,603,450,-0.2731,0.95363
806,24.5,603,450,-0.24253,0.95436
806,31,603,450,-0.19389,0.95459
806,37.5,603,450,-0.13466,0.95481
806,44,603,450,-0.0544,0.95487
806,50.5,603,450,0.056867,0.9528
806,57,603,450,0.23063,0.94657
806,63.5,603,450,0.41111,0.93742
806,70,603,450,0.67915,0.92431
806,76.5,603,450,1.0814,0.90459
806,83,603,450,1.605,0.88649
806,89.5,603,450,2.3374,0.84993
806,96,603,450,2.8254,0.76763
806,102.5,603,450,-2.5237,0.74445
806,109,603,450,-1.9107,0.70006
806,115.5,603,450,-1.3212,0.59946
806,122,603,450,-0.86686,0.51382
806,128.5,603,450,-0.35829,0.33422
806,135,603,450,0.064853,0.11617
806,141.5,603,450,-0.11608,0.21874
806,148,603,450,0.32034,0.22953
806,154.5,603,450,0.89687,0.19417
806,161,603,450,1.1892,0.10924
806,167.5,603,450,1.1152,0.12073
806,174,603,450,1.5164,0.26143
806,180.5,603,450,2.0547,0.28734
806,187,603,450,2.2406,0.23049
806,193.5,603,450,2.3045,0.37174
806,200,603,450,2.5371,0.4944
857,5,603,450,-0.30618,0.9559
857,11.5,603,450,-0.30618,0.9559
857,18,603,450,-0.2777,0.95615
857,24.5,603,450,-0.24528,0.95669
857,31,603,450,-0.19401,0.95646
857,37.5,603,450,-0.13133,0.95608
857,44,603,450,-0.046189,0.95553
857,50.5,603,450,0.071394,0.95336
857,57,603,450,0.25518,0.94806
857,63.5,603,450,0.4464,0.9406
857,70,603,450,0.73215,0.93192
857,76.5,603,450,1.1644,0.91718
857,83,603,450,1.7281,0.89877
857,89.5,603,450,2.5165,0.85026
857,96,603,450,3.0315,0.70552
857,102.5,603,450,-2.4696,0.47221
857,109,603,450,-1.7535,0.59822
857,115.5,603,450,-1.0482,0.47718
857,122,603,450,-0.39901,0.28475
857,128.5,603,450,-0.17891,0.040918
857,135,603,450,-0.63228,0.067073
857,141.5,603,450,0.10796,0.20165
857,148,603,450,0.78286,0.20521
857,154.5,603,450,1.5291,0.17638
857,161,603,450,2.0942,0.10952
857,167.5,603,450,2.1717,0.15598
857,174,603,450,2.7714,0.25187
857,180.5,603,450,-2.8707,0.15978
857,187,603,450,-3.095,0.052374
857,193.5,603,450,2.8456,0.13093
857,200,603,450,3.0447,0.4596
908,5,603,450,-0.30989,0.95986
908,11.5,603,450,-0.30989,0.95986
908,18,603,450,-0.28001,0.95991
908,24.5,603,450,-0.24579,0.96047
908,31,603,450,-0.19202,0.96033
908,37.5,603,450,-0.1261,0.95986
908,44,603,450,-0.036191,0.95949
908,50.5,603,450,0.087958,0.95825
908,57,603,450,0.28276,0.95491
908,63.5,603,450,0.48639,0.94913
908,70,603,450,0.79208,0.94222
908,76.5,603,450,1.255,0.9257
908,83,603,450,1.8553,0.89423
908,89.5,603,450,2.6919,0.8448
908,96,603,450,-2.9551,0.61994
908,102.5,603,450,-2.3831,0.44605
908,109,603,450,-1.4543,0.49439
908,115.5,603,450,-0.47471,0.21432
908,122,603,450,-0.64494,0.026571
908,128.5,603,450,-0.53511,0.067153
908,135,603,450,0.24791,0.063235
908,141.5,603,450,1.0679,0.1013
908,148,603,450,1.8637,0.085918
908,154.5,603,450,2.4798,0.18191
908,161,603,450,-3.1297,0.23977
908,167.5,603,450,-2.596,0.33824
908,174,603,450,-2.0367,0.31518
908,180.5,603,450,-1.1907,0.10828
908,187,603,450,-3.1246,0.00061575
908,193.5,603,450,-3.0053,0.14308
908,200,603,450,-2.4167,0.25298
959,5,603,450,-0.32277,0.96091
959,11.5,603,450,-0.32277,0.96091
959,18,603,450,-0.29167,0.96101
959,24.5,603,450,-0.25542,0.96177
959,31,603,450,-0.19891,0.96214
959,37.5,603,450,-0.1296,0.96215
959,44,603,450,-0.034642,0.9625
959,50.5,603,450,0.096719,0.96218
959,57,603,450,0.30347,0.95945
959,63.5,603,450,0.51983,0.95312
959,70,603,450,0.84525,0.94276
959,76.5,603,450,1.3347,0.91699
959,83,603,450,1.9658,0.88273
959,89.5,603,450,2.8439,0.84837
959,96,603,450,-2.5927,0.54941
959,102.5,603,450,-2.1104,0.40471
959,109,603,450,-0.91793,0.31096
959,115.5,603,450,-0.55089,0.010701
959,122,603,450,-0.64685,0.065226
959,128.5,603,450,0.62207,0.066608
959,135,603,450,1.9079,0.10267
959,141.5,603,450,2.9663,0.1612
959,148,603,450,-2.7791,0.068015
959,154.5,603,450,-2.7954,0.19728
959,161,603,450,-2.38,0.35105
959,167.5,603,450,-1.8419,0.41524
959,174,603,450,-1.3232,0.32842
959,180.5,603,450,-0.85296,0.030444
959,187,603,450,-2.145,0.097226
959,193.5,603,450,-1.6477,0.21771
959,200,603,450,-1.6175,0.15652
1010,5,603,450,-0.32612,0.95801
1010,11.5,603,450,-0.32612,0.95801
1010,18,603,450,-0.29322,0.95855
1010,24.5,603,450,-0.25514,0.95924
1010,31,603,450,-0.19562,0.95999
1010,37.5,603,450,-0.12262,0.96051
1010,44,603,450,-0.022224,0.96129
1010,50.5,603,450,0.1166,0.96079
1010,57,603,450,0.33493,0.95638
1010,63.5,603,450,0.56299,0.94743
1010,70,603,450,0.90506,0.93261
1010,76.5,603,450,1.4173,0.90487
1010,83,603,450,2.0777,0.87797
1010,89.5,603,450,3.0008,0.85461
1010,96,603,450,-2.1992,0.5417
1010,102.5,603,450,-1.6548,0.32387
1010,109,603,450,-0.15894,0.11642
1010,115.5,603,450,-0.66881,0.028033
1010,122,603,450,0.63035,0.071826
1010,128.5,603,450,2.1198,0.15566
1010,135,603,450,2.9202,0.23067
1010,141.5,603,450,-2.5284,0.33822
1010,148,603,450,-2.1981,0.11552
1010,154.5,603,450,-2.2771,0.26221
1010,161,603,450,-1.861,0.54431
1010,167.5,603,450,-1.399,0.50678
1010,174,603,450,-1.1355,0.2939
1010,180.5,603,450,-1.1872,0.38104
1010,187,603,450,-0.80849,0.48798
1010,193.5,603,450,-0.34398,0.273
1010,200,603,450,-0.49363,0.14718
1061,5,603,450,-0.33161,0.95424
1061,11.5,603,450,-0.33161,0.95424
1061,18,603,450,-0.29719,0.95474
1061,24.5,603,450,-0.25699,0.95566
1061,31,603,450,-0.19443,0.95621
1061,37.5,603,450,-0.11759,0.95677
1061,44,603,450,-0.01173,0.95725
1061,50.5,603,450,0.13411,0.95566
1061,57,603,450,0.36279,0.9494
1061,63.5,603,450,0.601,0.93895
1061,70,603,450,0.9584,0.92503
1061,76.5,603,450,1.4944,0.90483
1061,83,603,450,2.1927,0.88895
1061,89.5,603,450,-3.1229,0.86418
1061,96,603,450,-1.8421,0.58266
1061,102.5,603,450,-1.1186,0.27013
1061,109,603,450,0.40056,0.060882
1061,115.5,603,450,0.72614,0.07132
1061,122,603,450,1.9063,0.1622
1061,128.5,603,450,2.8523,0.27976
1061,135,603,450,-3.0064,0.33177
1061,141.5,603,450,-2.2999,0.50427
1061,148,603,450,-2.1255,0.39064
1061,154.5,603,450,-1.7442,0.60368
1061,161,603,450,-1.2969,0.6123
1061,167.5,603,450,-1.0504,0.48009
1061,174,603,450,-0.92638,0.57448
1061,180.5,603,450,-0.50423,0.66056
1061,187,603,450,-0.088328,0.57253
1061,193.5,603,450,0.10817,0.24528
1061,200,603,450,0.19889,0.1584
1112,5,603,450,-0.33857,0.95373
1112,11.5,603,450,-0.33857,0.95373
1112,18,603,450,-0.30286,0.95396
1112,24.5,603,450,-0.26052,0.95475
1112,31,603,450,-0.19512,0.95481
1112,37.5,603,450,-0.11459,0.95491
1112,44,603,450,-0.0035776,0.95479
1112,50.5,603,450,0.14868,0.9525
1112,57,603,450,0.38708,0.9465
1112,63.5,603,450,0.63561,0.93817
1112,70,603,450,1.01,0.92886
1112,76.5,603,450,1.576,0.91707
1112,83,603,450,2.3163,0.8994
1112,89.5,603,450,-2.9572,0.86365
1112,96,603,450,-1.5721,0.64365
1112,102.5,603,450,-0.64484,0.32189
1112,109,603,450,0.75342,0.1237
1112,115.5,603,450,1.6264,0.18694
1112,122,603,450,2.4533,0.27367
1112,128.5,603,450,3.1131,0.43538
1112,135,603,450,-2.7066,0.64462
1112,141.5,603,450,-2.0894,0.81198
1112,148,603,450,-1.6159,0.79758
1112,154.5,603,450,-1.1707,0.69555
1112,161,603,450,-0.97411,0.40862
1112,167.5,603,450,-0.96394,0.48684
1112,174,603,450,-0.59862,0.7926
1112,180.5,603,450,-0.12779,0.80445
1112,187,603,450,0.20532,0.60617
1112,193.5,603,450,0.42348,0.589
1112,200,603,450,0.69198,0.50155
1163,5,603,450,-0.34596,0.96018
1163,11.5,603,450,-0.34596,0.96018
1163,18,603,450,-0.30813,0.9605
1163,24.5,603,450,-0.26384,0.96087
1163,31,603,450,-0.19582,0.96066
1163,37.5,603,450,-0.11185,0.96032
1163,44,603,450,0.004027,0.95989
1163,50.5,603,450,0.16272,0.95798
1163,57,603,450,0.41168,0.95381
1163,63.5,603,450,0.67225,0.94773
1163,70,603,450,1.067,0.94159
1163,76.5,603,450,1.6648,0.92697
1163,83,603,450,2.4402,0.89531
1163,89.5,603,450,-2.7962,0.85849
1163,96,603,450,-1.3963,0.69937
1163,102.5,603,450,-0.22364,0.50043
1163,109,603,450,1.1334,0.23995
1163,115.5,603,450,1.9853,0.30364
1163,122,603,450,2.6646,0.47933
1163,128.5,603,450,-2.8915,0.7658
1163,135,603,450,-2.2661,0.83184
1163,141.5,603,450,-1.8059,0.7942
1163,148,603,450,-1.3303,0.85725
1163,154.5,603,450,-0.84233,0.62444
1163,161,603,450,-0.78657,0.49385
1163,167.5,603,450,-0.63695,0.76193
1163,174,603,450,-0.18254,0.94803
1163,180.5,603,450,0.27088,0.9487
1163,187,603,450,0.63468,0.93633
1163,193.5,603,450,1.0375,0.82396
1163,200,603,450,1.4777,0.59967
1214,5,603,450,-0.34981,0.96403
1214,11.5,603,450,-0.34981,0.96403
1214,18,603,450,-0.31057,0.96407
1214,24.5,603,450,-0.26446,0.9642
1214,31,603,450,-0.19383,0.96421
1214,37.5,603,450,-0.10652,0.96391
1214,44,603,450,0.014276,0.96382
1214,50.5,603,450,0.17991,0.96295
1214,57,603,450,0.44063,0.96023
1214,63.5,603,450,0.71422,0.95484
1214,70,603,450,1.1294,0.94542
1214,76.5,603,450,1.7552,0.92004
1214,83,603,450,2.5583,0.88378
1214,89.5,603,450,-2.6358,0.85346
1214,96,603,450,-1.2995,0.74087
1214,102.5,603,450,0.15093,0.66759
1214,109,603,450,1.313,0.3166
1214,115.5,603,450,2.1535,0.54328
1214,122,603,450,2.9797,0.81338
1214,128.5,603,450,-2.56,0.84952
1214,135,603,450,-1.9605,0.83981
1214,141.5,603,450,-1.6871,0.71936
1214,148,603,450,-1.1179,0.91894
1214,154.5,603,450,-0.64099,0.73923
1214,161,603,450,-0.30337,0.44891
1214,167.5,603,450,-0.14202,0.66942
1214,174,603,450,0.28414,0.65122
1214,180.5,603,450,0.57694,0.78518
1214,187,603,450,0.99719,0.89853
1214,193.5,603,450,1.4527,0.82458
1214,200,603,450,1.781,0.5444
1265,5,603,450,-0.35222,0.96453
1265,11.5,603,450,-0.35222,0.96453
1265,18,603,450,-0.31162,0.96459
1265,24.5,603,450,-0.26373,0.96489
1265,31,603,450,-0.19024,0.96532
1265,37.5,603,450,-0.099432,0.96538
1265,44,603,450,0.026567,0.96577
1265,50.5,603,450,0.19961,0.96526
1265,57,603,450,0.47233,0.96155
1265,63.5,603,450,0.75831,0.95315
1265,70,603,450,1.1908,0.93826
1265,76.5,603,450,1.8384,0.90865
1265,83,603,450,2.6712,0.88068
1265,89.5,603,450,-2.4743,0.85328
1265,96,603,450,-1.2361,0.83321
1265,102.5,603,450,0.39984,0.71684
1265,109,603,450,1.3476,0.50929
1265,115.5,603,450,2.4592,0.84624
1265,122,603,450,-3.0093,0.84835
1265,128.5,603,450,-2.3772,0.83001
1265,135,603,450,-1.7075,0.82365
1265,141.5,603,450,-1.4485,0.64742
1265,148,603,450,-0.82317,0.81284
1265,154.5,603,450,-0.22059,0.68334
1265,161,603,450,-0.0078124,0.28244
1265,167.5,603,450,0.26585,0.42998
1265,174,603,450,0.4658,0.38257
1265,180.5,603,450,0.89523,0.87511
1265,187,603,450,1.3992,0.9506
1265,193.5,603,450,1.849,0.92742
1265,200,603,450,2.249,0.90929
1316,5,603,450,-0.36728,0.96119
1316,11.5,603,450,-0.36728,0.96119
1316,18,603,450,-0.32516,0.96165
1316,24.5,603,450,-0.27537,0.96226
1316,31,603,450,-0.1989,0.96282
1316,37.5,603,450,-0.10437,0.96315
1316,44,603,450,0.027011,0.96363
1316,50.5,603,450,0.20733,0.96234
1316,57,603,450,0.49085,0.95617
1316,63.5,603,450,0.78742,0.94552
1316,70,603,450,1.2348,0.9291
1316,76.5,603,450,1.9044,0.907
1316,83,603,450,2.7766,0.89219
1316,89.5,603,450,-2.3162,0.86537
1316,96,603,450,-1.1148,0.85656
1316,102.5,603,450,0.51547,0.70997
1316,109,603,450,1.5672,0.82945
1316,115.5,603,450,2.6987,0.85068
1316,122,603,450,-2.8684,0.81559
1316,128.5,603,450,-2.1468,0.85756
1316,135,603,450,-1.4763,0.73601
1316,141.5,603,450,-1.1934,0.45217
1316,148,603,450,-0.62388,0.51305
1316,154.5,603,450,0.098449,0.43399
1316,161,603,450,0.27336,0.26424
1316,167.5,603,450,0.7877,0.2188
1316,174,603,450,0.68103,0.31019
1316,180.5,603,450,1.4421,0.72474
1316,187,603,450,1.9323,0.64363
1316,193.5,603,450,2.3309,0.72701
1316,200,603,450,2.6973,0.80266
1367,5,603,450,-0.37272,0.95759
1367,11.5,603,450,-0.37272,0.95759
1367,18,603,450,-0.32894,0.95838
1367,24.5,603,450,-0.27704,0.9592
1367,31,603,450,-0.19765,0.95943
1367,37.5,603,450,-0.099416,0.95966
1367,44,603,450,0.037259,0.95975
1367,50.5,603,450,0.22425,0.9574
1367,57,603,450,0.51737,0.9505
1367,63.5,603,450,0.82384,0.94038
1367,70,603,450,1.287,0.92926
1367,76.5,603,450,1.9863,0.91747
1367,83,603,450,2.9006,0.89987
1367,89.5,603,450,-2.1461,0.85842
1367,96,603,450,-1.0526,0.77178
1367,102.5,603,450,0.55698,0.77825
1367,109,603,450,1.8039,0.86472
1367,115.5,603,450,2.8337,0.80975
1367,122,603,450,-2.6615,0.87775
1367,128.5,603,450,-1.8796,0.63352
1367,135,603,450,-1.2377,0.57249
1367,141.5,603,450,-0.83626,0.29636
1367,148,603,450,-0.22152,0.25452
1367,154.5,603,450,0.34381,0.15923
1367,161,603,450,0.83358,0.13585
1367,167.5,603,450,1.0956,0.10278
1367,174,603,450,1.2246,0.23878
1367,180.5,603,450,2.028,0.31774
1367,187,603,450,2.2053,0.40121
1367,193.5,603,450,2.6397,0.51104
1367,200,603,450,3.1269,0.86718
1418,5,603,450,-0.37956,0.95734
1418,11.5,603,450,-0.37956,0.95734
1418,18,603,450,-0.33397,0.95796
1418,24.5,603,450,-0.27999,0.95875
1418,31,603,450,-0.19786,0.95873
1418,37.5,603,450,-0.09606,0.95861
1418,44,603,450,0.045666,0.95836
1418,50.5,603,450,0.23895,0.95607
1418,57,603,450,0.54199,0.95084
1418,63.5,603,450,0.85964,0.9442
1418,70,603,450,1.3425,0.93877
1418,76.5,603,450,2.0753,0.92672
1418,83,603,450,3.0259,0.89336
1418,89.5,603,450,-1.9863,0.85224
1418,96,603,450,-0.96419,0.74325
1418,102.5,603,450,0.72385,0.85592
1418,109,603,450,1.9497,0.80723
1418,115.5,603,450,3.0042,0.85739
1418,122,603,450,-2.42,0.67012
1418,128.5,603,450,-1.6552,0.44442
1418,135,603,450,-0.83457,0.32942
1418,141.5,603,450,0.033003,0.1828
1418,148,603,450,-1.5086,0.013948
1418,154.5,603,450,0.044878,0.098025
1418,161,603,450,1.1909,0.14588
1418,167.5,603,450,1.9286,0.091813
1418,174,603,450,2.1618,0.19645
1418,180.5,603,450,2.8963,0.11892
1418,187,603,450,2.8179,0.17948
1418,193.5,603,450,3.093,0.55574
1418,200,603,450,-2.5639,0.71921
1469,5,603,450,-0.38557,0.96045
1469,11.5,603,450,-0.38557,0.96045
1469,18,603,450,-0.33828,0.96082
1469,24.5,603,450,-0.28236,0.96118
1469,31,603,450,-0.19765,0.96137
1469,37.5,603,450,-0.092429,0.96116
1469,44,603,450,0.054254,0.96095
1469,50.5,603,450,0.25416,0.95966
1469,57,603,450,0.56857,0.95695
1469,63.5,603,450,0.89932,0.95248
1469,70,603,450,1.4039,0.94586
1469,76.5,603,450,2.1656,0.92118
1469,83,603,450,-3.141,0.88198
1469,89.5,603,450,-1.8266,0.85292
1469,96,603,450,-0.79853,0.69773
1469,102.5,603,450,0.8391,0.76465
1469,109,603,450,2.1036,0.74938
1469,115.5,603,450,-3.0481,0.65788
1469,122,603,450,-2.221,0.50885
1469,128.5,603,450,-1.2227,0.29847
1469,135,603,450,-0.0065495,0.012795
1469,141.5,603,450,1.8367,0.041078
1469,148,603,450,-1.1073,0.088413
1469,154.5,603,450,0.74436,0.092203
1469,161,603,450,2.0956,0.18984
1469,167.5,603,450,2.9057,0.21092
1469,174,603,450,-2.5759,0.32377
1469,180.5,603,450,-1.3559,0.031198
1469,187,603,450,2.9894,0.082812
1469,193.5,603,450,-2.5073,0.2338
1469,200,603,450,-2.0853,0.48773
