500,25,685,260,-0.12459,0.96337
500,30,685,260,-0.063225,0.96653
500,35,685,260,0.0018796,0.96997
500,40,685,260,0.096028,0.97357
500,45,685,260,0.17983,0.97544
500,50,685,260,0.29819,0.9775
500,55,685,260,0.42834,0.97842
500,60,685,260,0.60272,0.97661
500,65,685,260,0.76563,0.97316
500,70,685,260,0.96621,0.96853
500,75,685,260,1.1672,0.96368
500,80,685,260,1.4138,0.95599
500,85,685,260,1.7073,0.94861
500,90,685,260,2,0.93778
500,95,685,260,2.2707,0.93135
500,100,685,260,2.5896,0.91585
500,105,685,260,2.9166,0.90951
500,110,685,260,-3.0323,0.91251
500,115,685,260,-2.7054,0.92471
500,120,685,260,-2.333,0.95269
500,125,685,260,-1.9462,0.96982
500,130,685,260,-1.4467,0.94464
500,135,685,260,-0.96876,0.86083
500,140,685,260,-0.79339,0.81783
500,145,685,260,-0.59346,0.76387
500,150,685,260,-0.47549,0.73695
510,25,685,260,-0.13332,0.96188
510,30,685,260,-0.070859,0.96494
510,35,685,260,-0.0042322,0.96815
510,40,685,260,0.091675,0.97133
510,45,685,260,0.17688,0.9728
510,50,685,260,0.29739,0.97429
510,55,685,260,0.43011,0.97451
510,60,685,260,0.60724,0.97197
510,65,685,260,0.77259,0.96821
510,70,685,260,0.97689,0.96371
510,75,685,260,1.1814,0.9592
510,80,685,260,1.4322,0.95185
510,85,685,260,1.7318,0.94626
510,90,685,260,2.0299,0.93674
510,95,685,260,2.3052,0.93085
510,100,685,260,2.63,0.92115
510,105,685,260,2.9647,0.91723
510,110,685,260,-2.9762,0.92655
510,115,685,260,-2.6386,0.94058
510,120,685,260,-2.2514,0.96421
510,125,685,260,-1.8531,0.96673
510,130,685,260,-1.348,0.91489
510,135,685,260,-0.87728,0.81863
510,140,685,260,-0.70698,0.77853
510,145,685,260,-0.51338,0.73418
510,150,685,260,-0.39813,0.7142
520,25,685,260,-0.12713,0.96179
520,30,685,260,-0.063385,0.96471
520,35,685,260,0.0046371,0.9677
520,40,685,260,0.10244,0.97047
520,45,685,260,0.18929,0.97154
520,50,685,260,0.31201,0.97254
520,55,685,260,0.44711,0.97226
520,60,685,260,0.62734,0.9692
520,65,685,260,0.79558,0.9653
520,70,685,260,1.0035,0.96134
520,75,685,260,1.2118,0.95719
520,80,685,260,1.467,0.95071
520,85,685,260,1.7729,0.94643
520,90,685,260,2.0765,0.9397
520,95,685,260,2.3581,0.93666
520,100,685,260,2.6894,0.92936
520,105,685,260,3.0316,0.93033
520,110,685,260,-2.8971,0.94295
520,115,685,260,-2.5476,0.95709
520,120,685,260,-2.1457,0.97057
520,125,685,260,-1.7375,0.95346
520,130,685,260,-1.2329,0.8798
520,135,685,260,-0.77185,0.78377
520,140,685,260,-0.60512,0.75102
520,145,685,260,-0.41517,0.72079
520,150,685,260,-0.30013,0.71058
530,25,685,260,-0.13493,0.96024
530,30,685,260,-0.070123,0.96295
530,35,685,260,-0.00064362,0.96559
530,40,685,260,0.098831,0.96787
530,45,685,260,0.18701,0.96854
530,50,685,260,0.31176,0.96901
530,55,685,260,0.44929,0.96824
530,60,685,260,0.63215,0.96485
530,65,685,260,0.80292,0.96121
530,70,685,260,1.0145,0.9579
530,75,685,260,1.2265,0.95451
530,80,685,260,1.4862,0.9491
530,85,685,260,1.7971,0.94657
530,90,685,260,2.1081,0.94176
530,95,685,260,2.3954,0.94014
530,100,685,260,2.7327,0.93688
530,105,685,260,3.0838,0.93938
530,110,685,260,-2.8343,0.9555
530,115,685,260,-2.4744,0.96499
530,120,685,260,-2.0619,0.9648
530,125,685,260,-1.6477,0.92878
530,130,685,260,-1.1476,0.84428
530,135,685,260,-0.69476,0.75842
530,140,685,260,-0.53022,0.7351
530,145,685,260,-0.34113,0.71986
530,150,685,260,-0.22437,0.71898
540,25,685,260,-0.12954,0.96009
540,30,685,260,-0.063492,0.96258
540,35,685,260,0.0073263,0.96493
540,40,685,260,0.1086,0.96678
540,45,685,260,0.19834,0.96709
540,50,685,260,0.32518,0.96715
540,55,685,260,0.465,0.96611
540,60,685,260,0.65087,0.96257
540,65,685,260,0.82451,0.95923
540,70,685,260,1.0399,0.95698
540,75,685,260,1.2558,0.9544
540,80,685,260,1.5202,0.95009
540,85,685,260,1.8383,0.94948
540,90,685,260,2.1551,0.94659
540,95,685,260,2.4484,0.94664
540,100,685,260,2.7943,0.94716
540,105,685,260,-3.1281,0.95248
540,110,685,260,-2.7514,0.96746
540,115,685,260,-2.3804,0.96858
540,120,685,260,-1.9584,0.95035
540,125,685,260,-1.5429,0.89939
540,130,685,260,-1.0489,0.81286
540,135,685,260,-0.60153,0.74742
540,140,685,260,-0.43632,0.7362
540,145,685,260,-0.24304,0.73857
540,150,685,260,-0.12113,0.74787
550,25,685,260,-0.11871,0.95995
550,30,685,260,-0.051439,0.96218
550,35,685,260,0.020693,0.96423
550,40,685,260,0.12373,0.96568
550,45,685,260,0.215,0.96568
550,50,685,260,0.34391,0.96542
550,55,685,260,0.48599,0.96427
550,60,685,260,0.67484,0.96079
550,65,685,260,0.85142,0.95795
550,70,685,260,1.0707,0.95695
550,75,685,260,1.2906,0.95531
550,80,685,260,1.56,0.95241
550,85,685,260,1.8849,0.95355
550,90,685,260,2.2087,0.95419
550,95,685,260,2.5093,0.95548
550,100,685,260,2.8639,0.95825
550,105,685,260,-3.0497,0.96486
550,110,685,260,-2.6606,0.97346
550,115,685,260,-2.281,0.96496
550,120,685,260,-1.8534,0.92984
550,125,685,260,-1.439,0.86799
550,130,685,260,-0.95078,0.79133
550,135,685,260,-0.50366,0.75052
550,140,685,260,-0.33447,0.75201
550,145,685,260,-0.13232,0.77255
550,150,685,260,-0.0026203,0.79214
560,25,685,260,-0.12722,0.95844
560,30,685,260,-0.058964,0.96038
560,35,685,260,0.014516,0.96204
560,40,685,260,0.11908,0.96306
560,45,685,260,0.21155,0.96279
560,50,685,260,0.34235,0.96223
560,55,685,260,0.48676,0.96103
560,60,685,260,0.6782,0.95787
560,65,685,260,0.85734,0.95583
560,70,685,260,1.0807,0.9562
560,75,685,260,1.3046,0.95574
560,80,685,260,1.579,0.95437
560,85,685,260,1.9103,0.95716
560,90,685,260,2.2416,0.95818
560,95,685,260,2.5483,0.95974
560,100,685,260,2.911,0.96598
560,105,685,260,-2.9931,0.96909
560,110,685,260,-2.5956,0.97113
560,115,685,260,-2.2086,0.95479
560,120,685,260,-1.7792,0.90362
560,125,685,260,-1.3684,0.84094
560,130,685,260,-0.883,0.77763
560,135,685,260,-0.43126,0.76271
560,140,685,260,-0.25615,0.77645
560,145,685,260,-0.042206,0.8121
560,150,685,260,0.096754,0.83888
570,25,685,260,-0.12228,0.95846
570,30,685,260,-0.052858,0.96013
570,35,685,260,0.021867,0.96149
570,40,685,260,0.1281,0.96218
570,45,685,260,0.22204,0.96171
570,50,685,260,0.35483,0.961
570,55,685,260,0.5015,0.95998
570,60,685,260,0.6961,0.95736
570,65,685,260,0.87817,0.95612
570,70,685,260,1.1058,0.95797
570,75,685,260,1.334,0.95861
570,80,685,260,1.6136,0.95859
570,85,685,260,1.9523,0.96306
570,90,685,260,2.2908,0.96509
570,95,685,260,2.6044,0.96822
570,100,685,260,2.9765,0.973
570,105,685,260,-2.9176,0.9753
570,110,685,260,-2.5112,0.96615
570,115,685,260,-2.119,0.93754
570,120,685,260,-1.6896,0.87997
570,125,685,260,-1.282,0.81975
570,130,685,260,-0.79649,0.77768
570,135,685,260,-0.33189,0.79177
570,140,685,260,-0.14659,0.81739
570,145,685,260,0.084354,0.86501
570,150,685,260,0.23533,0.89443
580,25,685,260,-0.12993,0.95703
580,30,685,260,-0.059579,0.9584
580,35,685,260,0.016425,0.95944
580,40,685,260,0.12412,0.95984
580,45,685,260,0.21924,0.95928
580,50,685,260,0.35387,0.95852
580,55,685,260,0.50288,0.95782
580,60,685,260,0.70019,0.95591
580,65,685,260,0.88504,0.95578
580,70,685,260,1.1171,0.95912
580,75,685,260,1.3496,0.96091
580,80,685,260,1.6346,0.96236
580,85,685,260,1.9802,0.96687
580,90,685,260,2.3265,0.97078
580,95,685,260,2.6472,0.97265
580,100,685,260,3.0272,0.97658
580,105,685,260,-2.8583,0.97278
580,110,685,260,-2.4458,0.95367
580,115,685,260,-2.0512,0.92001
580,120,685,260,-1.6238,0.85738
580,125,685,260,-1.2178,0.80445
580,130,685,260,-0.72829,0.78506
580,135,685,260,-0.24663,0.82558
580,140,685,260,-0.049756,0.85927
580,145,685,260,0.19899,0.90998
580,150,685,260,0.36087,0.9349
590,25,685,260,-0.1249,0.95723
590,30,685,260,-0.053444,0.95833
590,35,685,260,0.023749,0.95912
590,40,685,260,0.13306,0.95933
590,45,685,260,0.22961,0.95873
590,50,685,260,0.36623,0.95804
590,55,685,260,0.51756,0.95781
590,60,685,260,0.71801,0.95671
590,65,685,260,0.90616,0.95767
590,70,685,260,1.1428,0.96246
590,75,685,260,1.3799,0.96526
590,80,685,260,1.6706,0.96781
590,85,685,260,2.0236,0.97327
590,90,685,260,2.3777,0.97738
590,95,685,260,2.7052,0.97637
590,100,685,260,3.095,0.97792
590,105,685,260,-2.7833,0.96871
590,110,685,260,-2.3649,0.94097
590,115,685,260,-1.9684,0.89965
590,120,685,260,-1.5429,0.83929
590,125,685,260,-1.1365,0.80095
590,130,685,260,-0.6368,0.80631
590,135,685,260,-0.12964,0.87079
590,140,685,260,0.081933,0.90699
590,145,685,260,0.34961,0.94756
590,150,685,260,0.52103,0.95831
600,25,685,260,-0.12033,0.95756
600,30,685,260,-0.047783,0.95843
600,35,685,260,0.030578,0.95904
600,40,685,260,0.14149,0.95917
600,45,685,260,0.23946,0.95862
600,50,685,260,0.37807,0.95812
600,55,685,260,0.53176,0.95849
600,60,685,260,0.73551,0.95823
600,65,685,260,0.92707,0.96034
600,70,685,260,1.1684,0.96646
600,75,685,260,1.4102,0.97014
600,80,685,260,1.7068,0.97357
600,85,685,260,2.0675,0.97923
600,90,685,260,2.4296,0.98114
600,95,685,260,2.7637,0.97986
600,100,685,260,-3.1216,0.97625
600,105,685,260,-2.7097,0.96265
600,110,685,260,-2.2876,0.92488
600,115,685,260,-1.8897,0.88249
600,120,685,260,-1.4653,0.8299
600,125,685,260,-1.0558,0.80685
600,130,685,260,-0.54001,0.83798
600,135,685,260,-0.0018524,0.91482
600,140,685,260,0.22383,0.94385
600,145,685,260,0.50641,0.96045
600,150,685,260,0.68273,0.95099
