500,5,642,450,-0.23613,0.9541
500,11.5,642,450,-0.23613,0.9541
500,18,642,450,-0.21995,0.95506
500,24.5,642,450,-0.20254,0.95609
500,31,642,450,-0.17355,0.9572
500,37.5,642,450,-0.13944,0.95848
500,44,642,450,-0.095633,0.96007
500,50.5,642,450,-0.034284,0.96092
500,57,642,450,0.058578,0.96035
500,63.5,642,450,0.15177,0.95756
500,70,642,450,0.28266,0.95311
500,76.5,642,450,0.46983,0.94288
500,83,642,450,0.69609,0.92729
500,89.5,642,450,1.0053,0.90849
500,96,642,450,1.3976,0.89166
500,102.5,642,450,2.0381,0.85928
500,109,642,450,2.753,0.25722
500,115.5,642,450,2.8259,0.38237
500,122,642,450,-3.0171,0.45217
500,128.5,642,450,-2.5538,0.53647
500,135,642,450,-2.2042,0.59125
500,141.5,642,450,-1.9256,0.62637
500,148,642,450,-1.6934,0.6495
500,154.5,642,450,-1.4622,0.67
500,161,642,450,-1.2134,0.58012
500,167.5,642,450,-1.0863,0.42323
500,174,642,450,-1.1861,0.35698
500,180.5,642,450,-1.215,0.49271
500,187,642,450,-1.0719,0.62004
500,193.5,642,450,-0.90012,0.67939
500,200,642,450,-0.73237,0.70166
551,5,642,450,-0.24152,0.95347
551,11.5,642,450,-0.24152,0.95347
551,18,642,450,-0.2237,0.95414
551,24.5,642,450,-0.20428,0.95474
551,31,642,450,-0.17264,0.9552
551,37.5,642,450,-0.13518,0.95579
551,44,642,450,-0.086708,0.95645
551,50.5,642,450,-0.019528,0.95611
551,57,642,450,0.081918,0.95408
551,63.5,642,450,0.18366,0.95049
551,70,642,450,0.32766,0.94541
551,76.5,642,450,0.53326,0.93533
551,83,642,450,0.78353,0.92269
551,89.5,642,450,1.1248,0.90696
551,96,642,450,1.5512,0.89343
551,102.5,642,450,2.2062,0.87159
551,109,642,450,2.6699,0.3445
551,115.5,642,450,3.1249,0.6181
551,122,642,450,-2.6795,0.71233
551,128.5,642,450,-2.2179,0.79679
551,135,642,450,-1.8308,0.83078
551,141.5,642,450,-1.5104,0.79027
551,148,642,450,-1.2473,0.74404
551,154.5,642,450,-0.93122,0.60052
551,161,642,450,-1.0245,0.30452
551,167.5,642,450,-1.0284,0.37755
551,174,642,450,-1.1285,0.49775
551,180.5,642,450,-0.82847,0.76946
551,187,642,450,-0.63384,0.79908
551,193.5,642,450,-0.44766,0.79733
551,200,642,450,-0.25634,0.77715
602,5,642,450,-0.25375,0.95636
602,11.5,642,450,-0.25375,0.95636
602,18,642,450,-0.23449,0.95652
602,24.5,642,450,-0.21337,0.95657
602,31,642,450,-0.17941,0.95654
602,37.5,642,450,-0.13896,0.95652
602,44,642,450,-0.086295,0.95651
602,50.5,642,450,-0.013775,0.95576
602,57,642,450,0.09586,0.95387
602,63.5,642,450,0.20603,0.95082
602,70,642,450,0.36293,0.94715
602,76.5,642,450,0.58821,0.9407
602,83,642,450,0.86412,0.93116
602,89.5,642,450,1.2379,0.91776
602,96,642,450,1.6928,0.89962
602,102.5,642,450,2.3335,0.87749
602,109,642,450,2.8115,0.72681
602,115.5,642,450,-2.8318,0.85324
602,122,642,450,-2.3335,0.87991
602,128.5,642,450,-1.8809,0.83488
602,135,642,450,-1.5505,0.73689
602,141.5,642,450,-1.316,0.721
602,148,642,450,-1.0369,0.72344
602,154.5,642,450,-0.69999,0.45506
602,161,642,450,-0.85575,0.51024
602,167.5,642,450,-0.86041,0.43894
602,174,642,450,-0.74365,0.82296
602,180.5,642,450,-0.42284,0.93779
602,187,642,450,-0.22465,0.94751
602,193.5,642,450,-0.02501,0.94437
602,200,642,450,0.15673,0.90442
653,5,642,450,-0.25707,0.96012
653,11.5,642,450,-0.25707,0.96012
653,18,642,450,-0.23653,0.9601
653,24.5,642,450,-0.21393,0.95994
653,31,642,450,-0.17775,0.96002
653,37.5,642,450,-0.13448,0.96003
653,44,642,450,-0.077734,0.96025
653,50.5,642,450,0.00025254,0.96028
653,57,642,450,0.11854,0.95997
653,63.5,642,450,0.23789,0.95848
653,70,642,450,0.40916,0.95715
653,76.5,642,450,0.65606,0.95299
653,83,642,450,0.95899,0.94305
653,89.5,642,450,1.3656,0.9276
653,96,642,450,1.8468,0.90425
653,102.5,642,450,2.4795,0.88777
653,109,642,450,3.0939,0.88998
653,115.5,642,450,-2.5614,0.87874
653,122,642,450,-2.0814,0.82715
653,128.5,642,450,-1.7294,0.71734
653,135,642,450,-1.4406,0.77952
653,141.5,642,450,-1.1378,0.81164
653,148,642,450,-0.84907,0.78617
653,154.5,642,450,-0.63478,0.73475
653,161,642,450,-0.31434,0.53852
653,167.5,642,450,-0.48908,0.49568
653,174,642,450,-0.2503,0.78847
653,180.5,642,450,0.0694,0.84472
653,187,642,450,0.28766,0.79007
653,193.5,642,450,0.39064,0.71013
653,200,642,450,0.58267,0.82929
704,5,642,450,-0.2592,0.96127
704,11.5,642,450,-0.2592,0.96127
704,18,642,450,-0.2374,0.96152
704,24.5,642,450,-0.21322,0.96176
704,31,642,450,-0.17463,0.96242
704,37.5,642,450,-0.12833,0.96305
704,44,642,450,-0.067174,0.96412
704,50.5,642,450,0.016885,0.96531
704,57,642,450,0.14484,0.9663
704,63.5,642,450,0.27411,0.96556
704,70,642,450,0.46068,0.96435
704,76.5,642,450,0.72946,0.95791
704,83,642,450,1.0583,0.94335
704,89.5,642,450,1.4961,0.92327
704,96,642,450,2.0077,0.90024
704,102.5,642,450,2.6919,0.86286
704,109,642,450,-3.012,0.86738
704,115.5,642,450,-2.3844,0.81275
704,122,642,450,-1.9597,0.73946
704,128.5,642,450,-1.5889,0.86603
704,135,642,450,-1.1747,0.87419
704,141.5,642,450,-0.81798,0.80396
704,148,642,450,-0.5394,0.67761
704,154.5,642,450,-0.1661,0.82825
704,161,642,450,0.090304,0.3037
704,167.5,642,450,-0.13092,0.44244
704,174,642,450,0.21031,0.57527
704,180.5,642,450,0.52264,0.45392
704,187,642,450,0.40287,0.36787
704,193.5,642,450,0.59774,0.76358
704,200,642,450,0.94016,0.90731
755,5,642,450,-0.26199,0.95885
755,11.5,642,450,-0.26199,0.95885
755,18,642,450,-0.23875,0.9595
755,24.5,642,450,-0.2127,0.96034
755,31,642,450,-0.17137,0.96152
755,37.5,642,450,-0.1217,0.96273
755,44,642,450,-0.055686,0.96441
755,50.5,642,450,0.034892,0.96589
755,57,642,450,0.17277,0.96643
755,63.5,642,450,0.31195,0.9645
755,70,642,450,0.51327,0.96095
755,76.5,642,450,0.80187,0.94902
755,83,642,450,1.1523,0.93095
755,89.5,642,450,1.6205,0.91121
755,96,642,450,2.1693,0.8891
755,102.5,642,450,2.9792,0.74199
755,109,642,450,-2.8702,0.83637
755,115.5,642,450,-2.2486,0.75066
755,122,642,450,-1.8125,0.88398
755,128.5,642,450,-1.2771,0.81962
755,135,642,450,-0.85094,0.70431
755,141.5,642,450,-0.49831,0.53984
755,148,642,450,-0.33333,0.40921
755,154.5,642,450,0.20098,0.6117
755,161,642,450,0.19613,0.20275
755,167.5,642,450,0.32541,0.4557
755,174,642,450,0.74701,0.3661
755,180.5,642,450,0.67084,0.17195
755,187,642,450,0.60608,0.61223
755,193.5,642,450,1.1071,0.89747
755,200,642,450,1.4677,0.9374
806,5,642,450,-0.26635,0.95515
806,11.5,642,450,-0.26635,0.95515
806,18,642,450,-0.24147,0.95605
806,24.5,642,450,-0.21332,0.95705
806,31,642,450,-0.16912,0.9582
806,37.5,642,450,-0.11591,0.95942
806,44,642,450,-0.044948,0.96087
806,50.5,642,450,0.051996,0.96158
806,57,642,450,0.19906,0.96031
806,63.5,642,450,0.34717,0.95655
806,70,642,450,0.56152,0.95072
806,76.5,642,450,0.86741,0.9372
806,83,642,450,1.2402,0.92277
806,89.5,642,450,1.7397,0.9078
806,96,642,450,2.3316,0.88325
806,102.5,642,450,-2.9926,0.58459
806,109,642,450,-2.6921,0.80304
806,115.5,642,450,-2.0896,0.66751
806,122,642,450,-1.5513,0.75144
806,128.5,642,450,-1.0079,0.61561
806,135,642,450,-0.56532,0.48939
806,141.5,642,450,-0.20844,0.35534
806,148,642,450,-0.01314,0.26776
806,154.5,642,450,0.56945,0.27335
806,161,642,450,0.43248,0.22801
806,167.5,642,450,1.0704,0.18061
806,174,642,450,1.0603,0.17411
806,180.5,642,450,0.72642,0.23229
806,187,642,450,1.27,0.59508
806,193.5,642,450,1.765,0.66149
806,200,642,450,2.1344,0.5586
857,5,642,450,-0.27199,0.95364
857,11.5,642,450,-0.27199,0.95364
857,18,642,450,-0.24545,0.95453
857,24.5,642,450,-0.21531,0.95504
857,31,642,450,-0.1684,0.95565
857,37.5,642,450,-0.11182,0.95633
857,44,642,450,-0.036212,0.957
857,50.5,642,450,0.066421,0.95652
857,57,642,450,0.22167,0.9543
857,63.5,642,450,0.37821,0.9505
857,70,642,450,0.60472,0.94498
857,76.5,642,450,0.92837,0.93586
857,83,642,450,1.3267,0.92796
857,89.5,642,450,1.8629,0.91739
857,96,642,450,2.4956,0.88836
857,102.5,642,450,-2.6865,0.51212
857,109,642,450,-2.4029,0.72852
857,115.5,642,450,-1.9567,0.57826
857,122,642,450,-1.3359,0.62686
857,128.5,642,450,-0.716,0.47917
857,135,642,450,-0.15707,0.36919
857,141.5,642,450,0.44341,0.23321
857,148,642,450,1.3516,0.044832
857,154.5,642,450,0.22091,0.076222
857,161,642,450,0.51298,0.15851
857,167.5,642,450,1.1591,0.22312
857,174,642,450,1.733,0.17285
857,180.5,642,450,1.4378,0.27264
857,187,642,450,2.0141,0.43047
857,193.5,642,450,2.4816,0.38246
857,200,642,450,2.4132,0.21947
908,5,642,450,-0.27726,0.95583
908,11.5,642,450,-0.27726,0.95583
908,18,642,450,-0.24923,0.95628
908,24.5,642,450,-0.21739,0.95621
908,31,642,450,-0.16806,0.95627
908,37.5,642,450,-0.10842,0.9564
908,44,642,450,-0.02858,0.95654
908,50.5,642,450,0.07939,0.95588
908,57,642,450,0.24277,0.95448
908,63.5,642,450,0.40788,0.952
908,70,642,450,0.64778,0.94989
908,76.5,642,450,0.99334,0.94693
908,83,642,450,1.4209,0.94079
908,89.5,642,450,1.993,0.92508
908,96,642,450,2.6654,0.89536
908,102.5,642,450,-2.3822,0.53226
908,109,642,450,-1.9651,0.53399
908,115.5,642,450,-1.7465,0.53167
908,122,642,450,-1.0341,0.54798
908,128.5,642,450,-0.19595,0.39865
908,135,642,450,0.74274,0.21908
908,141.5,642,450,2.0346,0.040508
908,148,642,450,-1.5835,0.04311
908,154.5,642,450,0.45834,0.13501
908,161,642,450,1.0906,0.27217
908,167.5,642,450,1.896,0.29292
908,174,642,450,2.4202,0.17997
908,180.5,642,450,2.4844,0.43041
908,187,642,450,3.0639,0.48085
908,193.5,642,450,-2.5291,0.22139
908,200,642,450,3.0327,0.095298
959,5,642,450,-0.2896,0.95949
959,11.5,642,450,-0.2896,0.95949
959,18,642,450,-0.26016,0.95948
959,24.5,642,450,-0.22684,0.95949
959,31,642,450,-0.1753,0.9595
959,37.5,642,450,-0.11277,0.95959
959,44,642,450,-0.028779,0.95994
959,50.5,642,450,0.084765,0.96021
959,57,642,450,0.25722,0.96054
959,63.5,642,450,0.43195,0.96011
959,70,642,450,0.68733,0.96024
959,76.5,642,450,1.0559,0.95657
959,83,642,450,1.5114,0.9443
959,89.5,642,450,2.1168,0.92284
959,96,642,450,2.8226,0.89383
959,102.5,642,450,-2.1248,0.58999
959,109,642,450,-1.5124,0.26902
959,115.5,642,450,-1.4133,0.49605
959,122,642,450,-0.52188,0.47589
959,128.5,642,450,0.71349,0.25402
959,135,642,450,2.0831,0.050325
959,141.5,642,450,-1.409,0.0044305
959,148,642,450,0.2,0.034847
959,154.5,642,450,1.6775,0.13372
959,161,642,450,1.9689,0.22816
959,167.5,642,450,2.6784,0.37737
959,174,642,450,3.0757,0.41903
959,180.5,642,450,-2.5886,0.55361
959,187,642,450,-1.988,0.47771
959,193.5,642,450,-1.0876,0.031428
959,200,642,450,3.0176,0.16121
1010,5,642,450,-0.29177,0.96115
1010,11.5,642,450,-0.29177,0.96115
1010,18,642,450,-0.26122,0.96155
1010,24.5,642,450,-0.22611,0.96186
1010,31,642,450,-0.17223,0.96235
1010,37.5,642,450,-0.10669,0.9629
1010,44,642,450,-0.018243,0.96399
1010,50.5,642,450,0.10149,0.96531
1010,57,642,450,0.28389,0.96664
1010,63.5,642,450,0.46899,0.96625
1010,70,642,450,0.74003,0.96459
1010,76.5,642,450,1.1304,0.95468
1010,83,642,450,1.6087,0.93487
1010,89.5,642,450,2.2421,0.91032
1010,96,642,450,2.9849,0.88613
1010,102.5,642,450,-1.9456,0.63102
1010,109,642,450,-1.1991,0.16278
1010,115.5,642,450,-0.89998,0.45261
1010,122,642,450,0.22307,0.33085
1010,128.5,642,450,1.6514,0.11329
1010,135,642,450,2.2653,0.0027097
1010,141.5,642,450,1.3272,0.061762
1010,148,642,450,2.1882,0.15068
1010,154.5,642,450,3.139,0.30211
1010,161,642,450,2.886,0.18025
1010,167.5,642,450,-2.7633,0.36651
1010,174,642,450,-2.465,0.50478
1010,180.5,642,450,-1.8609,0.54314
1010,187,642,450,-1.135,0.33393
1010,193.5,642,450,-2.7033,0.029217
1010,200,642,450,-2.0489,0.38285
1061,5,642,450,-0.29416,0.95966
1061,11.5,642,450,-0.29416,0.95966
1061,18,642,450,-0.26203,0.96036
1061,24.5,642,450,-0.22517,0.96105
1061,31,642,450,-0.16861,0.96213
1061,37.5,642,450,-0.099766,0.96323
1061,44,642,450,-0.0064962,0.96477
1061,50.5,642,450,0.11977,0.96613
1061,57,642,450,0.31212,0.96626
1061,63.5,642,450,0.50702,0.9639
1061,70,642,450,0.79174,0.95798
1061,76.5,642,450,1.1996,0.9431
1061,83,642,450,1.6982,0.92418
1061,89.5,642,450,2.3616,0.90675
1061,96,642,450,-3.141,0.88914
1061,102.5,642,450,-1.8636,0.6516
1061,109,642,450,-0.88673,0.16748
1061,115.5,642,450,-0.31338,0.39122
1061,122,642,450,0.89091,0.22795
1061,128.5,642,450,1.9091,0.054841
1061,135,642,450,1.661,0.107
1061,141.5,642,450,2.4532,0.30775
1061,148,642,450,3.1244,0.29562
1061,154.5,642,450,-2.4608,0.44161
1061,161,642,450,-2.7214,0.25751
1061,167.5,642,450,-2.4218,0.3335
1061,174,642,450,-1.9452,0.64087
1061,180.5,642,450,-1.3419,0.52615
1061,187,642,450,-1.4355,0.10909
1061,193.5,642,450,-1.4468,0.54439
1061,200,642,450,-0.87122,0.64178
1112,5,642,450,-0.2984,0.95646
1112,11.5,642,450,-0.2984,0.95646
1112,18,642,450,-0.26437,0.95693
1112,24.5,642,450,-0.2256,0.95787
1112,31,642,450,-0.16617,0.95906
1112,37.5,642,450,-0.093852,0.96024
1112,44,642,450,0.0042975,0.96155
1112,50.5,642,450,0.13681,0.96192
1112,57,642,450,0.33804,0.95988
1112,63.5,642,450,0.54126,0.95573
1112,70,642,450,0.83797,0.94781
1112,76.5,642,450,1.262,0.93553
1112,83,642,450,1.7838,0.92535
1112,89.5,642,450,2.4835,0.917
1112,96,642,450,-2.9802,0.89578
1112,102.5,642,450,-1.8546,0.7833
1112,109,642,450,-0.63586,0.19371
1112,115.5,642,450,0.15793,0.40325
1112,122,642,450,1.3091,0.23179
1112,128.5,642,450,1.7433,0.15738
1112,135,642,450,2.3753,0.35406
1112,141.5,642,450,3.0406,0.43866
1112,148,642,450,-2.8471,0.32939
1112,154.5,642,450,-2.2251,0.54438
1112,161,642,450,-2.1574,0.54569
1112,167.5,642,450,-1.8618,0.69908
1112,174,642,450,-1.339,0.66432
1112,180.5,642,450,-1.2083,0.40139
1112,187,642,450,-1.0127,0.65256
1112,193.5,642,450,-0.58847,0.73017
1112,200,642,450,0.0040461,0.5079
1163,5,642,450,-0.3045,0.95677
1163,11.5,642,450,-0.3045,0.95677
1163,18,642,450,-0.26925,0.95759
1163,24.5,642,450,-0.22849,0.95843
1163,31,642,450,-0.16628,0.95909
1163,37.5,642,450,-0.090577,0.9598
1163,44,642,450,0.012146,0.96038
1163,50.5,642,450,0.15027,0.9597
1163,57,642,450,0.35949,0.95683
1163,63.5,642,450,0.57065,0.95285
1163,70,642,450,0.8798,0.9477
1163,76.5,642,450,1.3233,0.94267
1163,83,642,450,1.8745,0.9381
1163,89.5,642,450,2.612,0.92616
1163,96,642,450,-2.8167,0.89887
1163,102.5,642,450,-1.7108,0.85451
1163,109,642,450,-0.59578,0.26641
1163,115.5,642,450,0.52269,0.54111
1163,122,642,450,1.615,0.29539
1163,128.5,642,450,2.1092,0.36255
1163,135,642,450,2.7641,0.49549
1163,141.5,642,450,-2.9798,0.56337
1163,148,642,450,-2.6456,0.557
1163,154.5,642,450,-2.0655,0.77945
1163,161,642,450,-1.5815,0.78662
1163,167.5,642,450,-1.1637,0.69195
1163,174,642,450,-1.05,0.35771
1163,180.5,642,450,-1.0214,0.62796
1163,187,642,450,-0.56529,0.79211
1163,193.5,642,450,-0.12908,0.78134
1163,200,642,450,0.10531,0.42816
1214,5,642,450,-0.31021,0.95783
1214,11.5,642,450,-0.31021,0.95783
1214,18,642,450,-0.27337,0.95837
1214,24.5,642,450,-0.23076,0.95892
1214,31,642,450,-0.16609,0.95903
1214,37.5,642,450,-0.087255,0.95924
1214,44,642,450,0.019739,0.95946
1214,50.5,642,450,0.1632,0.95883
1214,57,642,450,0.38058,0.95736
1214,63.5,642,450,0.60046,0.95542
1214,70,642,450,0.92391,0.95521
1214,76.5,642,450,1.3911,0.95404
1214,83,642,450,1.9719,0.94534
1214,89.5,642,450,2.7441,0.9237
1214,96,642,450,-2.6505,0.89489
1214,102.5,642,450,-1.6599,0.82452
1214,109,642,450,-0.4959,0.55694
1214,115.5,642,450,0.89252,0.72489
1214,122,642,450,1.7859,0.31813
1214,128.5,642,450,2.3573,0.52566
1214,135,642,450,3.0095,0.68988
1214,141.5,642,450,-2.6934,0.79919
1214,148,642,450,-2.2314,0.74891
1214,154.5,642,450,-1.767,0.80493
1214,161,642,450,-1.2507,0.82775
1214,167.5,642,450,-0.84282,0.36829
1214,174,642,450,-0.75798,0.46186
1214,180.5,642,450,-0.60683,0.87138
1214,187,642,450,-0.16627,0.93672
1214,193.5,642,450,0.24347,0.89578
1214,200,642,450,0.63304,0.82503
1265,5,642,450,-0.31441,0.96133
1265,11.5,642,450,-0.31441,0.96133
1265,18,642,450,-0.27614,0.96158
1265,24.5,642,450,-0.23183,0.96183
1265,31,642,450,-0.16492,0.96183
1265,37.5,642,450,-0.083148,0.96193
1265,44,642,450,0.028086,0.96238
1265,50.5,642,450,0.17722,0.96279
1265,57,642,450,0.40388,0.96351
1265,63.5,642,450,0.63389,0.9638
1265,70,642,450,0.97388,0.96413
1265,76.5,642,450,1.4649,0.95883
1265,83,642,450,2.0705,0.93937
1265,89.5,642,450,2.8697,0.9128
1265,96,642,450,-2.4894,0.88862
1265,102.5,642,450,-1.5642,0.81779
1265,109,642,450,-0.1932,0.85542
1265,115.5,642,450,1.2016,0.73539
1265,122,642,450,1.7989,0.45208
1265,128.5,642,450,2.5961,0.75905
1265,135,642,450,-2.9509,0.86372
1265,141.5,642,450,-2.351,0.75505
1265,148,642,450,-1.96,0.77308
1265,154.5,642,450,-1.6319,0.70775
1265,161,642,450,-0.97609,0.86814
1265,167.5,642,450,-0.66909,0.73398
1265,174,642,450,-0.2306,0.39301
1265,180.5,642,450,-0.09125,0.85224
1265,187,642,450,0.35654,0.81958
1265,193.5,642,450,0.66841,0.83912
1265,200,642,450,1.0663,0.84435
1316,5,642,450,-0.32653,0.96406
1316,11.5,642,450,-0.32653,0.96406
1316,18,642,450,-0.287,0.96418
1316,24.5,642,450,-0.24103,0.96445
1316,31,642,450,-0.17177,0.96489
1316,37.5,642,450,-0.086989,0.96531
1316,44,642,450,0.028752,0.96637
1316,50.5,642,450,0.18417,0.96772
1316,57,642,450,0.42103,0.96916
1316,63.5,642,450,0.66172,0.96825
1316,70,642,450,1.017,0.96511
1316,76.5,642,450,1.5274,0.95094
1316,83,642,450,2.1531,0.92815
1316,89.5,642,450,2.9808,0.90942
1316,96,642,450,-2.341,0.88704
1316,102.5,642,450,-1.4181,0.79636
1316,109,642,450,0.032633,0.89363
1316,115.5,642,450,1.3322,0.6248
1316,122,642,450,1.9867,0.76415
1316,128.5,642,450,2.9068,0.86473
1316,135,642,450,-2.6699,0.72949
1316,141.5,642,450,-2.2496,0.63579
1316,148,642,450,-1.6756,0.86387
1316,154.5,642,450,-1.4263,0.64896
1316,161,642,450,-0.69023,0.86641
1316,167.5,642,450,-0.074431,0.74838
1316,174,642,450,0.07611,0.21497
1316,180.5,642,450,0.41554,0.54939
1316,187,642,450,0.50308,0.33887
1316,193.5,642,450,0.94438,0.89491
1316,200,642,450,1.4324,0.89699
1367,5,642,450,-0.32847,0.96343
1367,11.5,642,450,-0.32847,0.96343
1367,18,642,450,-0.28759,0.96372
1367,24.5,642,450,-0.23994,0.96426
1367,31,642,450,-0.16799,0.96527
1367,37.5,642,450,-0.079955,0.96621
1367,44,642,450,0.040585,0.96756
1367,50.5,642,450,0.20261,0.96883
1367,57,642,450,0.44917,0.96846
1367,63.5,642,450,0.69946,0.96493
1367,70,642,450,1.0675,0.95666
1367,76.5,642,450,1.5935,0.94
1367,83,642,450,2.24,0.92549
1367,89.5,642,450,3.1025,0.91724
1367,96,642,450,-2.179,0.89545
1367,102.5,642,450,-1.1808,0.72781
1367,109,642,450,0.18887,0.85842
1367,115.5,642,450,1.3311,0.74942
1367,122,642,450,2.2918,0.87904
1367,128.5,642,450,-3.1196,0.71631
1367,135,642,450,-2.5576,0.57163
1367,141.5,642,450,-2.0047,0.83138
1367,148,642,450,-1.3413,0.69576
1367,154.5,642,450,-1.1468,0.4958
1367,161,642,450,-0.45337,0.63209
1367,167.5,642,450,0.40292,0.50868
1367,174,642,450,0.25614,0.2315
1367,180.5,642,450,0.90452,0.2745
1367,187,642,450,0.65368,0.58874
1367,193.5,642,450,1.433,0.93866
1367,200,642,450,1.9417,0.90677
1418,5,642,450,-0.33165,0.96015
1418,11.5,642,450,-0.33165,0.96015
1418,18,642,450,-0.28931,0.96087
1418,24.5,642,450,-0.23979,0.9616
1418,31,642,450,-0.16501,0.96263
1418,37.5,642,450,-0.073543,0.96374
1418,44,642,450,0.051805,0.96481
1418,50.5,642,450,0.21992,0.96486
1418,57,642,450,0.47515,0.9622
1418,63.5,642,450,0.73344,0.95682
1418,70,642,450,1.1126,0.94855
1418,76.5,642,450,1.6554,0.9386
1418,83,642,450,2.3291,0.93524
1418,89.5,642,450,-3.0513,0.92627
1418,96,642,450,-2.0113,0.89984
1418,102.5,642,450,-0.88765,0.65845
1418,109,642,450,0.34099,0.83097
1418,115.5,642,450,1.5795,0.88193
1418,122,642,450,2.523,0.77999
1418,128.5,642,450,-2.9495,0.56057
1418,135,642,450,-2.3971,0.69277
1418,141.5,642,450,-1.5767,0.61419
1418,148,642,450,-1.1368,0.47419
1418,154.5,642,450,-0.78813,0.37501
1418,161,642,450,-0.10058,0.55367
1418,167.5,642,450,0.86619,0.28641
1418,174,642,450,1.0557,0.26316
1418,180.5,642,450,1.2067,0.12287
1418,187,642,450,1.3393,0.58917
1418,193.5,642,450,2.1067,0.60699
1418,200,642,450,2.3128,0.63783
1469,5,642,450,-0.33675,0.95749
1469,11.5,642,450,-0.33675,0.95749
1469,18,642,450,-0.29287,0.95834
1469,24.5,642,450,-0.24135,0.95918
1469,31,642,450,-0.16386,0.95954
1469,37.5,642,450,-0.069009,0.96031
1469,44,642,450,0.060874,0.9608
1469,50.5,642,450,0.23449,0.95994
1469,57,642,450,0.49746,0.95686
1469,63.5,642,450,0.76335,0.95271
1469,70,642,450,1.1551,0.94931
1469,76.5,642,450,1.7198,0.9482
1469,83,642,450,2.4252,0.94478
1469,89.5,642,450,-2.9198,0.92321
1469,96,642,450,-1.846,0.89166
1469,102.5,642,450,-0.57911,0.66229
1469,109,642,450,0.55566,0.79256
1469,115.5,642,450,1.7759,0.76642
1469,122,642,450,2.7174,0.67832
1469,128.5,642,450,-2.8084,0.41924
1469,135,642,450,-2.0107,0.54933
1469,141.5,642,450,-1.2408,0.38518
1469,148,642,450,-0.83087,0.34905
1469,154.5,642,450,-0.10239,0.39184
1469,161,642,450,0.6721,0.15675
1469,167.5,642,450,1.3755,0.049477
1469,174,642,450,1.0866,0.18454
1469,180.5,642,450,1.7146,0.086642
1469,187,642,450,2.0961,0.40115
1469,193.5,642,450,2.6443,0.1894
1469,200,642,450,2.6747,0.36316
