500,5,631,450,-0.24299,0.95336
500,11.5,631,450,-0.24299,0.95336
500,18,631,450,-0.22647,0.95429
500,24.5,631,450,-0.20864,0.95524
500,31,631,450,-0.17888,0.95612
500,37.5,631,450,-0.14381,0.95711
500,44,631,450,-0.098548,0.95832
500,50.5,631,450,-0.03495,0.95868
500,57,631,450,0.061969,0.95675
500,63.5,631,450,0.15988,0.95214
500,70,631,450,0.29841,0.94465
500,76.5,631,450,0.49817,0.92985
500,83,631,450,0.74479,0.90996
500,89.5,631,450,1.0895,0.88792
500,96,631,450,1.5447,0.86794
500,102.5,631,450,2.3646,0.70683
500,109,631,450,2.6034,0.25313
500,115.5,631,450,3.0726,0.38811
500,122,631,450,-2.7809,0.45082
500,128.5,631,450,-2.3496,0.54049
500,135,631,450,-2.0131,0.60505
500,141.5,631,450,-1.7391,0.64778
500,148,631,450,-1.4874,0.66084
500,154.5,631,450,-1.2575,0.59216
500,161,631,450,-1.1155,0.46179
500,167.5,631,450,-1.0947,0.39957
500,174,631,450,-1.1406,0.428
500,180.5,631,450,-1.03,0.59238
500,187,631,450,-0.87855,0.65462
500,193.5,631,450,-0.71321,0.67412
500,200,631,450,-0.54387,0.66745
551,5,631,450,-0.24875,0.9536
551,11.5,631,450,-0.24875,0.9536
551,18,631,450,-0.23059,0.95418
551,24.5,631,450,-0.21078,0.95461
551,31,631,450,-0.17837,0.95481
551,37.5,631,450,-0.1399,0.95506
551,44,631,450,-0.089909,0.95531
551,50.5,631,450,-0.020347,0.95449
551,57,631,450,0.085467,0.95131
551,63.5,631,450,0.19249,0.94563
551,70,631,450,0.34452,0.93813
551,76.5,631,450,0.56458,0.92453
551,83,631,450,0.83764,0.90811
551,89.5,631,450,1.2164,0.8899
551,96,631,450,1.7018,0.87488
551,102.5,631,450,2.5221,0.73099
551,109,631,450,2.7645,0.49625
551,115.5,631,450,-2.9069,0.6589
551,122,631,450,-2.4295,0.74429
551,128.5,631,450,-1.9822,0.80137
551,135,631,450,-1.6204,0.78218
551,141.5,631,450,-1.3414,0.72898
551,148,631,450,-1.0632,0.67688
551,154.5,631,450,-0.82808,0.3834
551,161,631,450,-1.0155,0.38968
551,167.5,631,450,-1.0391,0.42185
551,174,631,450,-0.9293,0.70133
551,180.5,631,450,-0.64862,0.8072
551,187,631,450,-0.47066,0.81834
551,193.5,631,450,-0.28396,0.80342
551,200,631,450,-0.084581,0.72986
602,5,631,450,-0.26118,0.95716
602,11.5,631,450,-0.26118,0.95716
602,18,631,450,-0.24162,0.95726
602,24.5,631,450,-0.22015,0.95722
602,31,631,450,-0.18539,0.95702
602,37.5,631,450,-0.14391,0.95674
602,44,631,450,-0.089629,0.95645
602,50.5,631,450,-0.014528,0.95546
602,57,631,450,0.099885,0.95273
602,63.5,631,450,0.21599,0.94798
602,70,631,450,0.38231,0.94229
602,76.5,631,450,0.62374,0.93259
602,83,631,450,0.92496,0.91905
602,89.5,631,450,1.3379,0.90279
602,96,631,450,1.8438,0.88204
602,102.5,631,450,2.5955,0.76193
602,109,631,450,3.0629,0.80624
602,115.5,631,450,-2.5771,0.85709
602,122,631,450,-2.0954,0.84211
602,128.5,631,450,-1.7023,0.76204
602,135,631,450,-1.423,0.71914
602,141.5,631,450,-1.1689,0.7254
602,148,631,450,-0.86281,0.66418
602,154.5,631,450,-0.87453,0.40856
602,161,631,450,-0.75477,0.4916
602,167.5,631,450,-0.76716,0.68794
602,174,631,450,-0.50933,0.90525
602,180.5,631,450,-0.23749,0.95339
602,187,631,450,-0.046671,0.95571
602,193.5,631,450,0.14853,0.94151
602,200,631,450,0.33525,0.94143
653,5,631,450,-0.26415,0.96069
653,11.5,631,450,-0.26415,0.96069
653,18,631,450,-0.24328,0.96066
653,24.5,631,450,-0.22031,0.96063
653,31,631,450,-0.18325,0.96068
653,37.5,631,450,-0.13885,0.96057
653,44,631,450,-0.080298,0.96069
653,50.5,631,450,0.00060458,0.96067
653,57,631,450,0.12441,0.95967
653,63.5,631,450,0.2504,0.9565
653,70,631,450,0.43233,0.95287
653,76.5,631,450,0.69734,0.94474
653,83,631,450,1.0277,0.92963
653,89.5,631,450,1.4749,0.91011
653,96,631,450,2.0015,0.88506
653,102.5,631,450,2.6817,0.86616
653,109,631,450,-2.961,0.87935
653,115.5,631,450,-2.3385,0.83966
653,122,631,450,-1.9031,0.76126
653,128.5,631,450,-1.593,0.75897
653,135,631,450,-1.2712,0.81327
653,141.5,631,450,-0.97139,0.81583
653,148,631,450,-0.69688,0.79182
653,154.5,631,450,-0.38407,0.65503
653,161,631,450,-0.34148,0.42471
653,167.5,631,450,-0.30777,0.66443
653,174,631,450,-0.02705,0.77316
653,180.5,631,450,0.25512,0.72774
653,187,631,450,0.38074,0.63269
653,193.5,631,450,0.51794,0.78757
653,200,631,450,0.75278,0.86188
704,5,631,450,-0.26632,0.9608
704,11.5,631,450,-0.26632,0.9608
704,18,631,450,-0.24413,0.96112
704,24.5,631,450,-0.21945,0.96159
704,31,631,450,-0.17983,0.96228
704,37.5,631,450,-0.13223,0.96284
704,44,631,450,-0.069013,0.96385
704,50.5,631,450,0.018346,0.9649
704,57,631,450,0.15237,0.96486
704,63.5,631,450,0.28905,0.96208
704,70,631,450,0.48725,0.95769
704,76.5,631,450,0.77549,0.94604
704,83,631,450,1.1331,0.92594
704,89.5,631,450,1.6129,0.90105
704,96,631,450,2.1714,0.87533
704,102.5,631,450,2.802,0.78585
704,109,631,450,-2.795,0.85093
704,115.5,631,450,-2.2058,0.7824
704,122,631,450,-1.8179,0.81379
704,128.5,631,450,-1.3666,0.87216
704,135,631,450,-0.97918,0.81045
704,141.5,631,450,-0.66141,0.69825
704,148,631,450,-0.43657,0.77158
704,154.5,631,450,0.042099,0.46467
704,161,631,450,-0.097667,0.31627
704,167.5,631,450,0.10702,0.52051
704,174,631,450,0.39652,0.47307
704,180.5,631,450,0.44848,0.35388
704,187,631,450,0.48175,0.64337
704,193.5,631,450,0.8367,0.8945
704,200,631,450,1.1451,0.93103
755,5,631,450,-0.26978,0.95753
755,11.5,631,450,-0.26978,0.95753
755,18,631,450,-0.24607,0.95826
755,24.5,631,450,-0.21939,0.95921
755,31,631,450,-0.17689,0.9603
755,37.5,631,450,-0.12576,0.96135
755,44,631,450,-0.057465,0.9628
755,50.5,631,450,0.036678,0.96383
755,57,631,450,0.181,0.96282
755,63.5,631,450,0.328,0.9586
755,70,631,450,0.54109,0.95151
755,76.5,631,450,0.85037,0.93486
755,83,631,450,1.231,0.91311
755,89.5,631,450,1.7439,0.88831
755,96,631,450,2.3492,0.85943
755,102.5,631,450,2.8679,0.73662
755,109,631,450,-2.6542,0.81723
755,115.5,631,450,-2.0891,0.83644
755,122,631,450,-1.558,0.84436
755,128.5,631,450,-1.0815,0.70676
755,135,631,450,-0.7044,0.58138
755,141.5,631,450,-0.43036,0.45279
755,148,631,450,-0.19213,0.64599
755,154.5,631,450,0.26118,0.28855
755,161,631,450,0.19534,0.34669
755,167.5,631,450,0.66925,0.37721
755,174,631,450,0.81528,0.23176
755,180.5,631,450,0.53678,0.38546
755,187,631,450,0.97379,0.75545
755,193.5,631,450,1.393,0.86861
755,200,631,450,1.7252,0.86034
806,5,631,450,-0.27504,0.95407
806,11.5,631,450,-0.27504,0.95407
806,18,631,450,-0.24963,0.95496
806,24.5,631,450,-0.22082,0.95584
806,31,631,450,-0.1754,0.95674
806,37.5,631,450,-0.12064,0.95763
806,44,631,450,-0.047284,0.95865
806,50.5,631,450,0.053298,0.95852
806,57,631,450,0.207,0.95569
806,63.5,631,450,0.36324,0.94989
806,70,631,450,0.58983,0.94153
806,76.5,631,450,0.91749,0.92463
806,83,631,450,1.3238,0.90817
806,89.5,631,450,1.8723,0.88874
806,96,631,450,2.5304,0.8524
806,102.5,631,450,2.99,0.71859
806,109,631,450,-2.449,0.75847
806,115.5,631,450,-1.8524,0.73608
806,122,631,450,-1.3464,0.66928
806,128.5,631,450,-0.84875,0.51805
806,135,631,450,-0.43638,0.4075
806,141.5,631,450,-0.094573,0.30365
806,148,631,450,0.22857,0.25585
806,154.5,631,450,0.3981,0.16742
806,161,631,450,0.83062,0.21761
806,167.5,631,450,0.98467,0.14949
806,174,631,450,1.1171,0.12751
806,180.5,631,450,1.1253,0.40695
806,187,631,450,1.6311,0.5324
806,193.5,631,450,2.0402,0.49155
806,200,631,450,2.1564,0.36415
857,5,631,450,-0.28115,0.9537
857,11.5,631,450,-0.28115,0.9537
857,18,631,450,-0.25404,0.95446
857,24.5,631,450,-0.22332,0.9548
857,31,631,450,-0.17521,0.95508
857,37.5,631,450,-0.11707,0.95536
857,44,631,450,-0.039041,0.95558
857,50.5,631,450,0.067338,0.95465
857,57,631,450,0.22966,0.95108
857,63.5,631,450,0.3943,0.94562
857,70,631,450,0.63459,0.93902
857,76.5,631,450,0.98266,0.92872
857,83,631,450,1.4185,0.91765
857,89.5,631,450,2.0067,0.90195
857,96,631,450,2.7139,0.85612
857,102.5,631,450,-3.0786,0.67262
857,109,631,450,-2.1256,0.45102
857,115.5,631,450,-1.683,0.59855
857,122,631,450,-1.1194,0.55512
857,128.5,631,450,-0.49558,0.39756
857,135,631,450,0.14205,0.24832
857,141.5,631,450,0.8708,0.061057
857,148,631,450,-0.54319,0.12011
857,154.5,631,450,0.27814,0.1328
857,161,631,450,1.0232,0.21885
857,167.5,631,450,1.572,0.17192
857,174,631,450,1.6914,0.096348
857,180.5,631,450,1.9265,0.33409
857,187,631,450,2.4137,0.35308
857,193.5,631,450,2.6955,0.20222
857,200,631,450,2.5827,0.31478
908,5,631,450,-0.28617,0.95685
908,11.5,631,450,-0.28617,0.95685
908,18,631,450,-0.25762,0.9572
908,24.5,631,450,-0.22524,0.95713
908,31,631,450,-0.17476,0.95695
908,37.5,631,450,-0.11354,0.95679
908,44,631,450,-0.03117,0.95667
908,50.5,631,450,0.080785,0.95594
908,57,631,450,0.25186,0.95371
908,63.5,631,450,0.426,0.95025
908,70,631,450,0.68132,0.9469
908,76.5,631,450,1.0536,0.94048
908,83,631,450,1.5207,0.92914
908,89.5,631,450,2.1497,0.90521
908,96,631,450,2.9,0.86534
908,102.5,631,450,-2.7782,0.60146
908,109,631,450,-2.2545,0.23176
908,115.5,631,450,-1.4303,0.52158
908,122,631,450,-0.71347,0.45876
908,128.5,631,450,0.28567,0.22159
908,135,631,450,1.437,0.022661
908,141.5,631,450,-1.1211,0.015016
908,148,631,450,0.050579,0.20938
908,154.5,631,450,0.84487,0.14834
908,161,631,450,1.7485,0.25111
908,167.5,631,450,2.3553,0.22196
908,174,631,450,2.4717,0.24518
908,180.5,631,450,-3.1367,0.43398
908,187,631,450,-2.5207,0.33044
908,193.5,631,450,-2.6114,0.03496
908,200,631,450,2.821,0.15619
959,5,631,450,-0.29848,0.96039
959,11.5,631,450,-0.29848,0.96039
959,18,631,450,-0.2686,0.96031
959,24.5,631,450,-0.23462,0.96055
959,31,631,450,-0.18184,0.96057
959,37.5,631,450,-0.11763,0.96055
959,44,631,450,-0.030884,0.96086
959,50.5,631,450,0.087065,0.96121
959,57,631,450,0.2679,0.96106
959,63.5,631,450,0.45275,0.9589
959,70,631,450,0.7248,0.95666
959,76.5,631,450,1.1223,0.94695
959,83,631,450,1.6181,0.92626
959,89.5,631,450,2.2807,0.89748
959,96,631,450,3.0688,0.86778
959,102.5,631,450,-2.4229,0.55965
959,109,631,450,-2.103,0.26977
959,115.5,631,450,-0.99852,0.44662
959,122,631,450,0.03671,0.27466
959,128.5,631,450,1.5563,0.035257
959,135,631,450,-0.9153,0.0044568
959,141.5,631,450,0.46867,0.038484
959,148,631,450,1.4824,0.16177
959,154.5,631,450,2.2998,0.094814
959,161,631,450,2.6193,0.27385
959,167.5,631,450,-3.0747,0.35033
959,174,631,450,-2.6353,0.46671
959,180.5,631,450,-2.0062,0.44913
959,187,631,450,-1.2335,0.2042
959,193.5,631,450,3.1323,0.0093198
959,200,631,450,-2.6083,0.28454
1010,5,631,450,-0.30062,0.96085
1010,11.5,631,450,-0.30062,0.96085
1010,18,631,450,-0.26946,0.96141
1010,24.5,631,450,-0.2336,0.96181
1010,31,631,450,-0.17829,0.96246
1010,37.5,631,450,-0.11088,0.96298
1010,44,631,450,-0.019398,0.96401
1010,50.5,631,450,0.10515,0.96515
1010,57,631,450,0.29655,0.96526
1010,63.5,631,450,0.4923,0.96222
1010,70,631,450,0.78061,0.95644
1010,76.5,631,450,1.1996,0.93994
1010,83,631,450,1.7186,0.91419
1010,89.5,631,450,2.4112,0.88661
1010,96,631,450,-3.043,0.86393
1010,102.5,631,450,-2.0492,0.59551
1010,109,631,450,-1.6579,0.27497
1010,115.5,631,450,-0.32781,0.32511
1010,122,631,450,0.9784,0.089951
1010,128.5,631,450,1.5803,0.0019457
1010,135,631,450,1.1516,0.047893
1010,141.5,631,450,2.1109,0.16139
1010,148,631,450,2.9642,0.37271
1010,154.5,631,450,-2.5694,0.15215
1010,161,631,450,-2.8031,0.28832
1010,167.5,631,450,-2.5135,0.37989
1010,174,631,450,-2.0017,0.51473
1010,180.5,631,450,-1.354,0.41511
1010,187,631,450,-1.0342,0.037053
1010,193.5,631,450,-2.039,0.24902
1010,200,631,450,-1.4222,0.39781
1061,5,631,450,-0.3036,0.95825
1061,11.5,631,450,-0.3036,0.95825
1061,18,631,450,-0.27081,0.95891
1061,24.5,631,450,-0.23309,0.95971
1061,31,631,450,-0.17492,0.96078
1061,37.5,631,450,-0.10401,0.9617
1061,44,631,450,-0.0075067,0.96298
1061,50.5,631,450,0.12378,0.96373
1061,57,631,450,0.32524,0.96206
1061,63.5,631,450,0.53089,0.95667
1061,70,631,450,0.83298,0.94688
1061,76.5,631,450,1.2698,0.92787
1061,83,631,450,1.8118,0.9076
1061,89.5,631,450,2.5396,0.8911
1061,96,631,450,-2.8776,0.86725
1061,102.5,631,450,-1.6867,0.69071
1061,109,631,450,-1.1103,0.272
1061,115.5,631,450,0.33686,0.2368
1061,122,631,450,1.3787,0.04241
1061,128.5,631,450,1.4382,0.080696
1061,135,631,450,2.2669,0.24067
1061,141.5,631,450,3.0001,0.32264
1061,148,631,450,-2.6982,0.5359
1061,154.5,631,450,-2.1131,0.22363
1061,161,631,450,-2.2833,0.34721
1061,167.5,631,450,-1.9925,0.62718
1061,174,631,450,-1.4998,0.58783
1061,180.5,631,450,-1.1889,0.28185
1061,187,631,450,-1.2919,0.4781
1061,193.5,631,450,-0.83232,0.62906
1061,200,631,450,-0.26041,0.36192
1112,5,631,450,-0.30871,0.95527
1112,11.5,631,450,-0.30871,0.95527
1112,18,631,450,-0.27417,0.95535
1112,24.5,631,450,-0.23445,0.9563
1112,31,631,450,-0.17335,0.95719
1112,37.5,631,450,-0.098874,0.95801
1112,44,631,450,0.002587,0.95884
1112,50.5,631,450,0.1401,0.95839
1112,57,631,450,0.35046,0.95488
1112,63.5,631,450,0.56448,0.94822
1112,70,631,450,0.87905,0.93889
1112,76.5,631,450,1.3347,0.92542
1112,83,631,450,1.9049,0.91526
1112,89.5,631,450,2.6748,0.90373
1112,96,631,450,-2.7079,0.87396
1112,102.5,631,450,-1.391,0.77969
1112,109,631,450,-0.65735,0.32492
1112,115.5,631,450,0.78221,0.25507
1112,122,631,450,1.4354,0.11116
1112,128.5,631,450,2.1246,0.28024
1112,135,631,450,2.8327,0.38875
1112,141.5,631,450,-2.9276,0.41442
1112,148,631,450,-2.4444,0.67417
1112,154.5,631,450,-2.1115,0.42706
1112,161,631,450,-1.7832,0.64722
1112,167.5,631,450,-1.3446,0.69505
1112,174,631,450,-1.107,0.43119
1112,180.5,631,450,-0.98788,0.61099
1112,187,631,450,-0.6218,0.71553
1112,193.5,631,450,-0.15367,0.65595
1112,200,631,450,0.040202,0.26389
1163,5,631,450,-0.3156,0.95673
1163,11.5,631,450,-0.3156,0.95673
1163,18,631,450,-0.27963,0.95747
1163,24.5,631,450,-0.23791,0.9582
1163,31,631,450,-0.1741,0.95843
1163,37.5,631,450,-0.096244,0.9587
1163,44,631,450,0.0098173,0.95884
1163,50.5,631,450,0.15302,0.95769
1163,57,631,450,0.37179,0.95426
1163,63.5,631,450,0.59457,0.94883
1163,70,631,450,0.92321,0.94355
1163,76.5,631,450,1.4023,0.93732
1163,83,631,450,2.0052,0.92783
1163,89.5,631,450,2.8144,0.90672
1163,96,631,450,-2.5335,0.87428
1163,102.5,631,450,-1.1848,0.82731
1163,109,631,450,-0.31139,0.49538
1163,115.5,631,450,1.1289,0.36859
1163,122,631,450,1.7786,0.24772
1163,128.5,631,450,2.4855,0.42035
1163,135,631,450,3.087,0.54776
1163,141.5,631,450,-2.6977,0.65273
1163,148,631,450,-2.1932,0.8882
1163,154.5,631,450,-1.7134,0.90515
1163,161,631,450,-1.227,0.74659
1163,167.5,631,450,-0.94412,0.39033
1163,174,631,450,-0.94365,0.38172
1163,180.5,631,450,-0.62485,0.81141
1163,187,631,450,-0.23247,0.84209
1163,193.5,631,450,0.18053,0.62996
1163,200,631,450,0.41384,0.58426
1214,5,631,450,-0.32115,0.95932
1214,11.5,631,450,-0.32115,0.95932
1214,18,631,450,-0.28363,0.95968
1214,24.5,631,450,-0.24006,0.96011
1214,31,631,450,-0.17386,0.95995
1214,37.5,631,450,-0.092891,0.95982
1214,44,631,450,0.017577,0.95983
1214,50.5,631,450,0.16645,0.95923
1214,57,631,450,0.39428,0.95781
1214,63.5,631,450,0.62713,0.95501
1214,70,631,450,0.97214,0.95356
1214,76.5,631,450,1.4769,0.9476
1214,83,631,450,2.1107,0.92878
1214,89.5,631,450,2.9527,0.89717
1214,96,631,450,-2.3558,0.86664
1214,102.5,631,450,-1.0494,0.84512
1214,109,631,450,0.032964,0.74726
1214,115.5,631,450,1.427,0.42228
1214,122,631,450,1.9643,0.37784
1214,128.5,631,450,2.698,0.63124
1214,135,631,450,-2.913,0.8095
1214,141.5,631,450,-2.3321,0.82216
1214,148,631,450,-1.865,0.77568
1214,154.5,631,450,-1.4719,0.8975
1214,161,631,450,-0.87734,0.66025
1214,167.5,631,450,-0.78392,0.53928
1214,174,631,450,-0.73748,0.51266
1214,180.5,631,450,-0.19503,0.94649
1214,187,631,450,0.19787,0.95505
1214,193.5,631,450,0.59774,0.9434
1214,200,631,450,0.96918,0.82142
1265,5,631,450,-0.32468,0.963
1265,11.5,631,450,-0.32468,0.963
1265,18,631,450,-0.28576,0.9631
1265,24.5,631,450,-0.24051,0.96332
1265,31,631,450,-0.17198,0.96336
1265,37.5,631,450,-0.087971,0.96335
1265,44,631,450,0.026986,0.96379
1265,50.5,631,450,0.18205,0.96432
1265,57,631,450,0.42013,0.96462
1265,63.5,631,450,0.66391,0.9625
1265,70,631,450,1.0265,0.95987
1265,76.5,631,450,1.5553,0.94579
1265,83,631,450,2.2127,0.91857
1265,89.5,631,450,3.0838,0.88955
1265,96,631,450,-2.1832,0.8606
1265,102.5,631,450,-0.94493,0.8649
1265,109,631,450,0.33044,0.86716
1265,115.5,631,450,1.5026,0.43075
1265,122,631,450,2.1386,0.64289
1265,128.5,631,450,3.0026,0.85514
1265,135,631,450,-2.5927,0.80879
1265,141.5,631,450,-2.118,0.75943
1265,148,631,450,-1.7104,0.67257
1265,154.5,631,450,-1.2524,0.97293
1265,161,631,450,-0.6993,0.7666
1265,167.5,631,450,-0.18747,0.57018
1265,174,631,450,-0.25259,0.52783
1265,180.5,631,450,0.32325,0.70053
1265,187,631,450,0.5035,0.64895
1265,193.5,631,450,0.95504,0.8708
1265,200,631,450,1.3995,0.83572
1316,5,631,450,-0.33697,0.96432
1316,11.5,631,450,-0.33697,0.96432
1316,18,631,450,-0.29677,0.96447
1316,24.5,631,450,-0.24982,0.96479
1316,31,631,450,-0.17872,0.96538
1316,37.5,631,450,-0.091503,0.96584
1316,44,631,450,0.028247,0.96682
1316,50.5,631,450,0.19003,0.96784
1316,57,631,450,0.43879,0.96748
1316,63.5,631,450,0.69336,0.96352
1316,70,631,450,1.0712,0.9551
1316,76.5,631,450,1.6184,0.93402
1316,83,631,450,2.2974,0.9096
1316,89.5,631,450,-3.0795,0.89239
1316,96,631,450,-2.0232,0.86665
1316,102.5,631,450,-0.79932,0.87449
1316,109,631,450,0.51448,0.86446
1316,115.5,631,450,1.5266,0.6509
1316,122,631,450,2.4362,0.86825
1316,128.5,631,450,-3.0146,0.77954
1316,135,631,450,-2.4551,0.70776
1316,141.5,631,450,-1.8987,0.85833
1316,148,631,450,-1.3529,0.57899
1316,154.5,631,450,-0.95476,0.89777
1316,161,631,450,-0.2671,0.79961
1316,167.5,631,450,0.26577,0.31431
1316,174,631,450,0.18449,0.41252
1316,180.5,631,450,0.59334,0.31721
1316,187,631,450,0.73777,0.78988
1316,193.5,631,450,1.3342,0.94601
1316,200,631,450,1.787,0.9338
1367,5,631,450,-0.33945,0.96206
1367,11.5,631,450,-0.33945,0.96206
1367,18,631,450,-0.29784,0.96246
1367,24.5,631,450,-0.24909,0.96313
1367,31,631,450,-0.17511,0.96404
1367,37.5,631,450,-0.084413,0.96483
1367,44,631,450,0.040299,0.96586
1367,50.5,631,450,0.20872,0.96601
1367,57,631,450,0.46735,0.96332
1367,63.5,631,450,0.73113,0.95663
1367,70,631,450,1.1212,0.94526
1367,76.5,631,450,1.6855,0.92737
1367,83,631,450,2.3909,0.91498
1367,89.5,631,450,-2.9444,0.90435
1367,96,631,450,-1.8428,0.86952
1367,102.5,631,450,-0.62173,0.55752
1367,109,631,450,0.64593,0.84025
1367,115.5,631,450,1.785,0.87032
1367,122,631,450,2.6907,0.81095
1367,128.5,631,450,-2.8757,0.66285
1367,135,631,450,-2.2446,0.82738
1367,141.5,631,450,-1.531,0.68779
1367,148,631,450,-1.0272,0.35991
1367,154.5,631,450,-0.57218,0.54191
1367,161,631,450,0.13492,0.58874
1367,167.5,631,450,0.46497,0.19481
1367,174,631,450,0.78585,0.32333
1367,180.5,631,450,0.62878,0.24232
1367,187,631,450,1.2961,0.78973
1367,193.5,631,450,1.918,0.78278
1367,200,631,450,2.2918,0.80048
1418,5,631,450,-0.34377,0.95841
1418,11.5,631,450,-0.34377,0.95841
1418,18,631,450,-0.30056,0.95922
1418,24.5,631,450,-0.24988,0.96001
1418,31,631,450,-0.17306,0.96065
1418,37.5,631,450,-0.078828,0.96135
1418,44,631,450,0.050728,0.96191
1418,50.5,631,450,0.22519,0.961
1418,57,631,450,0.49229,0.95662
1418,63.5,631,450,0.76419,0.94961
1418,70,631,450,1.1666,0.94125
1418,76.5,631,450,1.7517,0.93306
1418,83,631,450,2.4904,0.92717
1418,89.5,631,450,-2.803,0.90619
1418,96,631,450,-1.6637,0.86762
1418,102.5,631,450,-0.69296,0.44506
1418,109,631,450,0.77853,0.83443
1418,115.5,631,450,2.009,0.79952
1418,122,631,450,2.8578,0.70643
1418,128.5,631,450,-2.72,0.69813
1418,135,631,450,-1.8815,0.62923
1418,141.5,631,450,-1.2528,0.42939
1418,148,631,450,-0.69694,0.24892
1418,154.5,631,450,-0.1196,0.27555
1418,161,631,450,0.65593,0.28067
1418,167.5,631,450,0.91737,0.16175
1418,174,631,450,1.1666,0.1735
1418,180.5,631,450,1.1694,0.28324
1418,187,631,450,1.9765,0.4682
1418,193.5,631,450,2.1857,0.33956
1418,200,631,450,2.6045,0.53221
1469,5,631,450,-0.34969,0.95705
1469,11.5,631,450,-0.34969,0.95705
1469,18,631,450,-0.30487,0.95794
1469,24.5,631,450,-0.25214,0.95864
1469,31,631,450,-0.17279,0.9586
1469,37.5,631,450,-0.0752,0.95883
1469,44,631,450,0.058907,0.95894
1469,50.5,631,450,0.23892,0.95769
1469,57,631,450,0.51425,0.95433
1469,63.5,631,450,0.79503,0.95002
1469,70,631,450,1.2125,0.94745
1469,76.5,631,450,1.8239,0.94462
1469,83,631,450,2.5957,0.92983
1469,89.5,631,450,-2.665,0.89594
1469,96,631,450,-1.4912,0.86408
1469,102.5,631,450,-0.58363,0.45348
1469,109,631,450,0.94642,0.66398
1469,115.5,631,450,2.1742,0.7025
1469,122,631,450,3.0438,0.6069
1469,128.5,631,450,-2.4054,0.55887
1469,135,631,450,-1.5895,0.42027
1469,141.5,631,450,-0.8833,0.29533
1469,148,631,450,-0.099354,0.20406
1469,154.5,631,450,1.3972,0.11042
1469,161,631,450,0.813,0.026457
1469,167.5,631,450,0.87283,0.13667
1469,174,631,450,1.8516,0.2354
1469,180.5,631,450,2.0039,0.26855
1469,187,631,450,2.8032,0.27877
1469,193.5,631,450,2.7354,0.25413
1469,200,631,450,2.9953,0.72931
