500,5,625,450,-0.24692,0.95303
500,11.5,625,450,-0.24692,0.95303
500,18,625,450,-0.2302,0.95393
500,24.5,625,450,-0.21214,0.95484
500,31,625,450,-0.18196,0.9556
500,37.5,625,450,-0.14634,0.95649
500,44,625,450,-0.10024,0.95753
500,50.5,625,450,-0.035268,0.95746
500,57,625,450,0.064033,0.95468
500,63.5,625,450,0.16462,0.94898
500,70,625,450,0.30742,0.94046
500,76.5,625,450,0.51556,0.92351
500,83,625,450,0.77463,0.90179
500,89.5,625,450,1.1434,0.8781
500,96,625,450,1.6448,0.85549
500,102.5,625,450,2.5598,0.51565
500,109,625,450,2.6623,0.2853
500,115.5,625,450,-3.0779,0.39479
500,122,625,450,-2.6532,0.46042
500,128.5,625,450,-2.2365,0.55542
500,135,625,450,-1.9048,0.62036
500,141.5,625,450,-1.6266,0.65921
500,148,625,450,-1.373,0.64017
500,154.5,625,450,-1.1686,0.53682
500,161,625,450,-1.0949,0.43142
500,167.5,625,450,-1.0773,0.4085
500,174,625,450,-1.0995,0.48322
500,180.5,625,450,-0.93326,0.62558
500,187,625,450,-0.7824,0.66587
500,193.5,625,450,-0.61639,0.66981
500,200,625,450,-0.44153,0.64649
551,5,625,450,-0.25282,0.95379
551,11.5,625,450,-0.25282,0.95379
551,18,625,450,-0.23447,0.95432
551,24.5,625,450,-0.21446,0.95468
551,31,625,450,-0.18162,0.95476
551,37.5,625,450,-0.14258,0.95489
551,44,625,450,-0.091708,0.95496
551,50.5,625,450,-0.0207,0.95375
551,57,625,450,0.087699,0.94983
551,63.5,625,450,0.19752,0.94351
551,70,625,450,0.35482,0.93496
551,76.5,625,450,0.58385,0.91944
551,83,625,450,0.87082,0.90144
551,89.5,625,450,1.2747,0.88242
551,96,625,450,1.8015,0.86763
551,102.5,625,450,2.6792,0.50751
551,109,625,450,2.8925,0.55315
551,115.5,625,450,-2.7632,0.68443
551,122,625,450,-2.2876,0.75764
551,128.5,625,450,-1.8556,0.7874
551,135,625,450,-1.5191,0.74958
551,141.5,625,450,-1.2528,0.70991
551,148,625,450,-0.95376,0.61823
551,154.5,625,450,-0.89442,0.31776
551,161,625,450,-0.98352,0.40728
551,167.5,625,450,-1.0228,0.52034
551,174,625,450,-0.81655,0.76566
551,180.5,625,450,-0.55709,0.82744
551,187,625,450,-0.38267,0.8315
551,193.5,625,450,-0.19377,0.80419
551,200,625,450,-0.0078575,0.69081
602,5,625,450,-0.26532,0.95765
602,11.5,625,450,-0.26532,0.95765
602,18,625,450,-0.24558,0.95773
602,24.5,625,450,-0.22391,0.9577
602,31,625,450,-0.18871,0.95743
602,37.5,625,450,-0.14663,0.95709
602,44,625,450,-0.091408,0.95671
602,50.5,625,450,-0.014723,0.95545
602,57,625,450,0.10258,0.95225
602,63.5,625,450,0.22187,0.94692
602,70,625,450,0.39384,0.94061
602,76.5,625,450,0.64576,0.92881
602,83,625,450,0.96242,0.91405
602,89.5,625,450,1.4005,0.8959
602,96,625,450,1.94,0.87648
602,102.5,625,450,2.6313,0.61143
602,109,625,450,-3.0759,0.82643
602,115.5,625,450,-2.4334,0.85226
602,122,625,450,-1.9721,0.80823
602,128.5,625,450,-1.6196,0.73394
602,135,625,450,-1.3486,0.72085
602,141.5,625,450,-1.0853,0.72637
602,148,625,450,-0.75989,0.58464
602,154.5,625,450,-0.83068,0.48963
602,161,625,450,-0.74127,0.51188
602,167.5,625,450,-0.64868,0.79091
602,174,625,450,-0.39374,0.92791
602,180.5,625,450,-0.13562,0.95442
602,187,625,450,0.051818,0.95043
602,193.5,625,450,0.24202,0.93878
602,200,625,450,0.44364,0.93739
653,5,625,450,-0.26809,0.96093
653,11.5,625,450,-0.26809,0.96093
653,18,625,450,-0.24706,0.9609
653,24.5,625,450,-0.22384,0.961
653,31,625,450,-0.18629,0.96106
653,37.5,625,450,-0.14121,0.96096
653,44,625,450,-0.081615,0.96107
653,50.5,625,450,0.0010819,0.96088
653,57,625,450,0.12814,0.95935
653,63.5,625,450,0.25777,0.95565
653,70,625,450,0.44612,0.95127
653,76.5,625,450,0.72275,0.94046
653,83,625,450,1.0697,0.92337
653,89.5,625,450,1.5421,0.90144
653,96,625,450,2.0964,0.87832
653,102.5,625,450,2.7994,0.86878
653,109,625,450,-2.8309,0.8744
653,115.5,625,450,-2.2202,0.81439
653,122,625,450,-1.8212,0.73605
653,128.5,625,450,-1.5057,0.78318
653,135,625,450,-1.177,0.82457
653,141.5,625,450,-0.87938,0.81456
653,148,625,450,-0.5667,0.81397
653,154.5,625,450,-0.30648,0.55903
653,161,625,450,-0.35831,0.4549
653,167.5,625,450,-0.18884,0.69846
653,174,625,450,0.084153,0.7326
653,180.5,625,450,0.32495,0.64125
653,187,625,450,0.38217,0.64277
653,193.5,625,450,0.59747,0.80833
653,200,625,450,0.83721,0.83484
704,5,625,450,-0.27038,0.96041
704,11.5,625,450,-0.27038,0.96041
704,18,625,450,-0.24797,0.96078
704,24.5,625,450,-0.22298,0.96138
704,31,625,450,-0.18277,0.96209
704,37.5,625,450,-0.13442,0.96268
704,44,625,450,-0.069998,0.96369
704,50.5,625,450,0.019368,0.96448
704,57,625,450,0.15702,0.96378
704,63.5,625,450,0.29768,0.96006
704,70,625,450,0.50281,0.95458
704,76.5,625,450,0.80344,0.93995
704,83,625,450,1.1779,0.91704
704,89.5,625,450,1.6842,0.89114
704,96,625,450,2.273,0.86368
704,102.5,625,450,2.9405,0.84547
704,109,625,450,-2.6749,0.84476
704,115.5,625,450,-2.1134,0.78322
704,122,625,450,-1.7044,0.85571
704,128.5,625,450,-1.2518,0.84873
704,135,625,450,-0.88225,0.76231
704,141.5,625,450,-0.59752,0.65356
704,148,625,450,-0.19739,0.75104
704,154.5,625,450,0.034618,0.36393
704,161,625,450,-0.07438,0.38115
704,167.5,625,450,0.23008,0.49982
704,174,625,450,0.45251,0.41106
704,180.5,625,450,0.39318,0.41817
704,187,625,450,0.60912,0.75831
704,193.5,625,450,0.96631,0.92774
704,200,625,450,1.2587,0.9435
755,5,625,450,-0.27429,0.95676
755,11.5,625,450,-0.27429,0.95676
755,18,625,450,-0.25032,0.95753
755,24.5,625,450,-0.22326,0.95853
755,31,625,450,-0.18012,0.95956
755,37.5,625,450,-0.12814,0.96057
755,44,625,450,-0.05853,0.96192
755,50.5,625,450,0.037752,0.96252
755,57,625,450,0.18587,0.96062
755,63.5,625,450,0.33706,0.95516
755,70,625,450,0.55776,0.94646
755,76.5,625,450,0.87882,0.92812
755,83,625,450,1.2791,0.90314
755,89.5,625,450,1.8197,0.87889
755,96,625,450,2.465,0.83913
755,102.5,625,450,3.0455,0.8169
755,109,625,450,-2.5391,0.81118
755,115.5,625,450,-1.9415,0.87626
755,122,625,450,-1.442,0.79858
755,128.5,625,450,-0.99009,0.65057
755,135,625,450,-0.6365,0.53062
755,141.5,625,450,-0.39883,0.44021
755,148,625,450,0.092885,0.49015
755,154.5,625,450,0.19695,0.26221
755,161,625,450,0.3713,0.39513
755,167.5,625,450,0.78724,0.28241
755,174,625,450,0.76437,0.19509
755,180.5,625,450,0.70431,0.52143
755,187,625,450,1.1518,0.76392
755,193.5,625,450,1.5453,0.82242
755,200,625,450,1.8593,0.77556
806,5,625,450,-0.28004,0.9536
806,11.5,625,450,-0.28004,0.9536
806,18,625,450,-0.25435,0.95447
806,24.5,625,450,-0.22517,0.95529
806,31,625,450,-0.17907,0.95603
806,37.5,625,450,-0.12343,0.9568
806,44,625,450,-0.048707,0.95763
806,50.5,625,450,0.054017,0.95709
806,57,625,450,0.21162,0.95343
806,63.5,625,450,0.37222,0.94655
806,70,625,450,0.60658,0.93642
806,76.5,625,450,0.94798,0.91994
806,83,625,450,1.3744,0.90156
806,89.5,625,450,1.9543,0.88151
806,96,625,450,2.6639,0.8235
806,102.5,625,450,-3.0853,0.79312
806,109,625,450,-2.3265,0.71161
806,115.5,625,450,-1.7266,0.70588
806,122,625,450,-1.2426,0.63168
806,128.5,625,450,-0.76123,0.48017
806,135,625,450,-0.35001,0.37261
806,141.5,625,450,0.013493,0.26669
806,148,625,450,0.20678,0.1851
806,154.5,625,450,0.37879,0.18363
806,161,625,450,0.8752,0.1677
806,167.5,625,450,1.0559,0.1397
806,174,625,450,1.0308,0.1304
806,180.5,625,450,1.3467,0.42582
806,187,625,450,1.8053,0.473
806,193.5,625,450,2.1467,0.38817
806,200,625,450,2.1453,0.42017
857,5,625,450,-0.28632,0.95393
857,11.5,625,450,-0.28632,0.95393
857,18,625,450,-0.25891,0.9546
857,24.5,625,450,-0.22786,0.95491
857,31,625,450,-0.17911,0.95502
857,37.5,625,450,-0.12008,0.95516
857,44,625,450,-0.04065,0.95522
857,50.5,625,450,0.068001,0.95393
857,57,625,450,0.23431,0.9499
857,63.5,625,450,0.40419,0.94393
857,70,625,450,0.65235,0.93633
857,76.5,625,450,1.0156,0.92479
857,83,625,450,1.4739,0.91325
857,89.5,625,450,2.0959,0.89443
857,96,625,450,2.864,0.82512
857,102.5,625,450,-2.8496,0.73145
857,109,625,450,-2.2503,0.4235
857,115.5,625,450,-1.5517,0.58027
857,122,625,450,-0.99344,0.52117
857,128.5,625,450,-0.34171,0.34524
857,135,625,450,0.35261,0.15381
857,141.5,625,450,0.44628,0.0046039
857,148,625,450,-0.023972,0.15964
857,154.5,625,450,0.43996,0.19089
857,161,625,450,1.2781,0.19931
857,167.5,625,450,1.7407,0.13291
857,174,625,450,1.6522,0.12767
857,180.5,625,450,2.1922,0.32745
857,187,625,450,2.6501,0.29437
857,193.5,625,450,2.649,0.16469
857,200,625,450,2.6842,0.29357
908,5,625,450,-0.29112,0.95749
908,11.5,625,450,-0.29112,0.95749
908,18,625,450,-0.26229,0.95778
908,24.5,625,450,-0.22959,0.95779
908,31,625,450,-0.17847,0.95754
908,37.5,625,450,-0.11634,0.95731
908,44,625,450,-0.032496,0.95713
908,50.5,625,450,0.081904,0.95624
908,57,625,450,0.2574,0.95382
908,63.5,625,450,0.43713,0.9498
908,70,625,450,0.70173,0.94604
908,76.5,625,450,1.0906,0.93745
908,83,625,450,1.5819,0.92275
908,89.5,625,450,2.2453,0.89419
908,96,625,450,3.0633,0.83842
908,102.5,625,450,-2.5132,0.61708
908,109,625,450,-2.1713,0.41356
908,115.5,625,450,-1.2608,0.49715
908,122,625,450,-0.4949,0.38657
908,128.5,625,450,0.60424,0.10024
908,135,625,450,-0.87647,0.00070911
908,141.5,625,450,-0.55341,0.045724
908,148,625,450,0.56642,0.14188
908,154.5,625,450,1.1648,0.17337
908,161,625,450,2.0534,0.22901
908,167.5,625,450,2.5587,0.19999
908,174,625,450,2.8201,0.34605
908,180.5,625,450,-2.7535,0.3938
908,187,625,450,-2.0851,0.19862
908,193.5,625,450,-2.9175,0.025284
908,200,625,450,2.9788,0.25316
959,5,625,450,-0.30346,0.96077
959,11.5,625,450,-0.30346,0.96077
959,18,625,450,-0.27333,0.96067
959,24.5,625,450,-0.23894,0.96107
959,31,625,450,-0.18544,0.96115
959,37.5,625,450,-0.12024,0.96114
959,44,625,450,-0.031889,0.96147
959,50.5,625,450,0.088746,0.96171
959,57,625,450,0.27462,0.96108
959,63.5,625,450,0.4653,0.95823
959,70,625,450,0.74742,0.95434
959,76.5,625,450,1.1621,0.94145
959,83,625,450,1.6823,0.91668
959,89.5,625,450,2.3802,0.88365
959,96,625,450,-3.0419,0.84908
959,102.5,625,450,-2.1183,0.49355
959,109,625,450,-1.8761,0.39266
959,115.5,625,450,-0.73705,0.38157
959,122,625,450,0.40893,0.13112
959,128.5,625,450,2.5189,0.00036646
959,135,625,450,-0.11385,0.023224
959,141.5,625,450,1.0129,0.059361
959,148,625,450,2.0861,0.13242
959,154.5,625,450,2.5321,0.083339
959,161,625,450,2.9687,0.29679
959,167.5,625,450,-2.8361,0.35676
959,174,625,450,-2.3401,0.44794
959,180.5,625,450,-1.6732,0.37806
959,187,625,450,-0.88427,0.076978
959,193.5,625,450,-3.0319,0.053649
959,200,625,450,-2.3013,0.28715
1010,5,625,450,-0.30569,0.96049
1010,11.5,625,450,-0.30569,0.96049
1010,18,625,450,-0.27416,0.96111
1010,24.5,625,450,-0.23786,0.96157
1010,31,625,450,-0.18172,0.96229
1010,37.5,625,450,-0.11322,0.96285
1010,44,625,450,-0.01998,0.96386
1010,50.5,625,450,0.10747,0.96471
1010,57,625,450,0.30418,0.96388
1010,63.5,625,450,0.50599,0.95968
1010,70,625,450,0.8046,0.95171
1010,76.5,625,450,1.2408,0.93196
1010,83,625,450,1.7851,0.90399
1010,89.5,625,450,2.5154,0.87765
1010,96,625,450,-2.8742,0.84905
1010,102.5,625,450,-1.7061,0.45459
1010,109,625,450,-1.3906,0.34405
1010,115.5,625,450,0.042265,0.21436
1010,122,625,450,1.2986,0.014041
1010,128.5,625,450,0.49705,0.015384
1010,135,625,450,1.584,0.095863
1010,141.5,625,450,2.4936,0.19761
1010,148,625,450,-2.9151,0.31644
1010,154.5,625,450,-2.5133,0.093571
1010,161,625,450,-2.5495,0.27919
1010,167.5,625,450,-2.2672,0.46914
1010,174,625,450,-1.7593,0.49938
1010,180.5,625,450,-1.0841,0.28173
1010,187,625,450,-1.8486,0.062315
1010,193.5,625,450,-1.6425,0.35615
1010,200,625,450,-1.0755,0.32826
1061,5,625,450,-0.3091,0.95739
1061,11.5,625,450,-0.3091,0.95739
1061,18,625,450,-0.27595,0.95801
1061,24.5,625,450,-0.23773,0.95885
1061,31,625,450,-0.17864,0.95986
1061,37.5,625,450,-0.10656,0.96072
1061,44,625,450,-0.0081975,0.96186
1061,50.5,625,450,0.12606,0.96211
1061,57,625,450,0.33293,0.95928
1061,63.5,625,450,0.54452,0.95243
1061,70,625,450,0.85698,0.94144
1061,76.5,625,450,1.3116,0.92071
1061,83,625,450,1.8807,0.90088
1061,89.5,625,450,2.6495,0.88491
1061,96,625,450,-2.7068,0.85732
1061,102.5,625,450,-1.3213,0.49644
1061,109,625,450,-0.82797,0.30499
1061,115.5,625,450,0.71874,0.12855
1061,122,625,450,0.97207,0.024165
1061,128.5,625,450,1.7153,0.14506
1061,135,625,450,2.5889,0.2801
1061,141.5,625,450,-3.0827,0.30008
1061,148,625,450,-2.4493,0.45089
1061,154.5,625,450,-2.2639,0.16516
1061,161,625,450,-2.1779,0.40948
1061,167.5,625,450,-1.7202,0.65973
1061,174,625,450,-1.303,0.50838
1061,180.5,625,450,-1.2528,0.37133
1061,187,625,450,-1.0008,0.58585
1061,193.5,625,450,-0.52541,0.59667
1061,200,625,450,-0.14733,0.21377
1112,5,625,450,-0.31468,0.95471
1112,11.5,625,450,-0.31468,0.95471
1112,18,625,450,-0.27989,0.95466
1112,24.5,625,450,-0.23963,0.9556
1112,31,625,450,-0.17761,0.95629
1112,37.5,625,450,-0.10193,0.95694
1112,44,625,450,0.0014243,0.95756
1112,50.5,625,450,0.1419,0.95668
1112,57,625,450,0.35773,0.95228
1112,63.5,625,450,0.57826,0.94493
1112,70,625,450,0.90352,0.93516
1112,76.5,625,450,1.3786,0.92223
1112,83,625,450,1.9792,0.91178
1112,89.5,625,450,2.792,0.89663
1112,96,625,450,-2.5369,0.8627
1112,102.5,625,450,-1.0065,0.55217
1112,109,625,450,-0.36342,0.35397
1112,115.5,625,450,1.0393,0.15419
1112,122,625,450,1.5199,0.14459
1112,128.5,625,450,2.3815,0.31569
1112,135,625,450,3.03,0.40214
1112,141.5,625,450,-2.828,0.41854
1112,148,625,450,-2.2705,0.63457
1112,154.5,625,450,-2.0038,0.62181
1112,161,625,450,-1.5474,0.71148
1112,167.5,625,450,-1.133,0.57238
1112,174,625,450,-1.056,0.42386
1112,180.5,625,450,-0.79765,0.68547
1112,187,625,450,-0.42365,0.72885
1112,193.5,625,450,0.070651,0.53498
1112,200,625,450,0.11696,0.30857
1163,5,625,450,-0.3219,0.95706
1163,11.5,625,450,-0.3219,0.95706
1163,18,625,450,-0.28553,0.95774
1163,24.5,625,450,-0.24327,0.95839
1163,31,625,450,-0.1786,0.95843
1163,37.5,625,450,-0.099533,0.95852
1163,44,625,450,0.0084508,0.95852
1163,50.5,625,450,0.15471,0.95716
1163,57,625,450,0.37923,0.95332
1163,63.5,625,450,0.60895,0.94795
1163,70,625,450,0.94949,0.94291
1163,76.5,625,450,1.4502,0.93583
1163,83,625,450,2.0851,0.92264
1163,89.5,625,450,2.9373,0.89721
1163,96,625,450,-2.3557,0.86259
1163,102.5,625,450,-0.8031,0.57157
1163,109,625,450,0.011261,0.53038
1163,115.5,625,450,1.3321,0.26878
1163,122,625,450,1.9494,0.27962
1163,128.5,625,450,2.6693,0.4556
1163,135,625,450,-3.0256,0.61077
1163,141.5,625,450,-2.5269,0.73578
1163,148,625,450,-1.994,0.88976
1163,154.5,625,450,-1.5123,0.84491
1163,161,625,450,-1.0134,0.6367
1163,167.5,625,450,-0.9532,0.39696
1163,174,625,450,-0.96557,0.49774
1163,180.5,625,450,-0.4331,0.86063
1163,187,625,450,-0.048676,0.86363
1163,193.5,625,450,0.25344,0.69576
1163,200,625,450,0.57581,0.62338
1214,5,625,450,-0.32721,0.96033
1214,11.5,625,450,-0.32721,0.96033
1214,18,625,450,-0.28932,0.96061
1214,24.5,625,450,-0.24522,0.96097
1214,31,625,450,-0.17815,0.96074
1214,37.5,625,450,-0.095961,0.96055
1214,44,625,450,0.016521,0.96051
1214,50.5,625,450,0.16868,0.95989
1214,57,625,450,0.40279,0.95818
1214,63.5,625,450,0.64305,0.95504
1214,70,625,450,1.0012,0.9528
1214,76.5,625,450,1.5291,0.94365
1214,83,625,450,2.1947,0.91912
1214,89.5,625,450,3.079,0.88445
1214,96,625,450,-2.1696,0.84375
1214,102.5,625,450,-0.73663,0.5682
1214,109,625,450,0.37304,0.73951
1214,115.5,625,450,1.5485,0.33939
1214,122,625,450,2.1345,0.44352
1214,128.5,625,450,2.8997,0.71721
1214,135,625,450,-2.6982,0.85146
1214,141.5,625,450,-2.158,0.81308
1214,148,625,450,-1.752,0.74762
1214,154.5,625,450,-1.2778,0.89746
1214,161,625,450,-0.81175,0.50622
1214,167.5,625,450,-0.60131,0.52281
1214,174,625,450,-0.54195,0.73151
1214,180.5,625,450,0.020912,0.94023
1214,187,625,450,0.3881,0.91045
1214,193.5,625,450,0.79264,0.89524
1214,200,625,450,1.177,0.80817
1265,5,625,450,-0.33036,0.96377
1265,11.5,625,450,-0.33036,0.96377
1265,18,625,450,-0.29109,0.96381
1265,24.5,625,450,-0.24531,0.96403
1265,31,625,450,-0.17583,0.96416
1265,37.5,625,450,-0.090507,0.96419
1265,44,625,450,0.026618,0.96464
1265,50.5,625,450,0.18525,0.96507
1265,57,625,450,0.43009,0.96467
1265,63.5,625,450,0.68199,0.96204
1265,70,625,450,1.0579,0.95658
1265,76.5,625,450,1.6089,0.9377
1265,83,625,450,2.2979,0.90787
1265,89.5,625,450,-3.0686,0.88087
1265,96,625,450,-1.9864,0.83208
1265,102.5,625,450,-0.73703,0.76382
1265,109,625,450,0.65026,0.80824
1265,115.5,625,450,1.5949,0.46497
1265,122,625,450,2.3725,0.74934
1265,128.5,625,450,-3.056,0.85991
1265,135,625,450,-2.434,0.78053
1265,141.5,625,450,-1.9327,0.83527
1265,148,625,450,-1.5822,0.68653
1265,154.5,625,450,-1.0348,0.9475
1265,161,625,450,-0.465,0.78939
1265,167.5,625,450,-0.090014,0.3768
1265,174,625,450,-0.026023,0.60001
1265,180.5,625,450,0.4637,0.53776
1265,187,625,450,0.64245,0.76322
1265,193.5,625,450,1.1378,0.88995
1265,200,625,450,1.5902,0.81164
1316,5,625,450,-0.34294,0.9641
1316,11.5,625,450,-0.34294,0.9641
1316,18,625,450,-0.30235,0.9643
1316,24.5,625,450,-0.25484,0.96466
1316,31,625,450,-0.18266,0.96531
1316,37.5,625,450,-0.094011,0.96583
1316,44,625,450,0.028055,0.96674
1316,50.5,625,450,0.19358,0.96735
1316,57,625,450,0.44921,0.96574
1316,63.5,625,450,0.71202,0.96014
1316,70,625,450,1.1028,0.9493
1316,76.5,625,450,1.6721,0.92586
1316,83,625,450,2.3842,0.90255
1316,89.5,625,450,-2.9438,0.88851
1316,96,625,450,-1.8104,0.84034
1316,102.5,625,450,-0.55983,0.86789
1316,109,625,450,0.80489,0.78678
1316,115.5,625,450,1.7562,0.76917
1316,122,625,450,2.6775,0.86946
1316,128.5,625,450,-2.854,0.74966
1316,135,625,450,-2.3,0.79961
1316,141.5,625,450,-1.6502,0.83492
1316,148,625,450,-1.3234,0.53442
1316,154.5,625,450,-0.70409,0.75925
1316,161,625,450,-0.0038118,0.61083
1316,167.5,625,450,0.13903,0.23271
1316,174,625,450,0.41162,0.40477
1316,180.5,625,450,0.48433,0.37036
1316,187,625,450,1.0063,0.89106
1316,193.5,625,450,1.5521,0.95717
1316,200,625,450,1.9962,0.94995
1367,5,625,450,-0.34589,0.9611
1367,11.5,625,450,-0.34589,0.9611
1367,18,625,450,-0.30386,0.96159
1367,24.5,625,450,-0.25447,0.96232
1367,31,625,450,-0.17936,0.9631
1367,37.5,625,450,-0.087142,0.9638
1367,44,625,450,0.039963,0.96465
1367,50.5,625,450,0.21208,0.96429
1367,57,625,450,0.47738,0.96013
1367,63.5,625,450,0.74932,0.95227
1367,70,625,450,1.1527,0.93981
1367,76.5,625,450,1.7403,0.92254
1367,83,625,450,2.4831,0.91226
1367,89.5,625,450,-2.799,0.89685
1367,96,625,450,-1.6231,0.85705
1367,102.5,625,450,-0.44846,0.82176
1367,109,625,450,0.8842,0.79211
1367,115.5,625,450,2.0364,0.86082
1367,122,625,450,2.8828,0.77794
1367,128.5,625,450,-2.7355,0.74033
1367,135,625,450,-1.9711,0.79711
1367,141.5,625,450,-1.3626,0.59322
1367,148,625,450,-1.0396,0.36659
1367,154.5,625,450,-0.46298,0.41753
1367,161,625,450,0.38965,0.37563
1367,167.5,625,450,0.4657,0.26867
1367,174,625,450,0.97806,0.21784
1367,180.5,625,450,0.85832,0.46618
1367,187,625,450,1.6067,0.72739
1367,193.5,625,450,2.0825,0.58284
1367,200,625,450,2.4754,0.71491
1418,5,625,450,-0.35088,0.95766
1418,11.5,625,450,-0.35088,0.95766
1418,18,625,450,-0.30717,0.95848
1418,24.5,625,450,-0.25582,0.9593
1418,31,625,450,-0.1779,0.95973
1418,37.5,625,450,-0.082125,0.9602
1418,44,625,450,0.049839,0.96055
1418,50.5,625,450,0.22803,0.95921
1418,57,625,450,0.50182,0.95405
1418,63.5,625,450,0.78215,0.94683
1418,70,625,450,1.1989,0.9391
1418,76.5,625,450,1.8106,0.93177
1418,83,625,450,2.5894,0.92222
1418,89.5,625,450,-2.6522,0.89506
1418,96,625,450,-1.4374,0.84706
1418,102.5,625,450,-0.33117,0.79766
1418,109,625,450,1.045,0.87047
1418,115.5,625,450,2.2223,0.76604
1418,122,625,450,3.0225,0.7058
1418,128.5,625,450,-2.4322,0.7357
1418,135,625,450,-1.6745,0.53189
1418,141.5,625,450,-1.1221,0.39608
1418,148,625,450,-0.61814,0.27838
1418,154.5,625,450,0.085978,0.19848
1418,161,625,450,0.82728,0.12639
1418,167.5,625,450,1.0081,0.11116
1418,174,625,450,1.4404,0.16464
1418,180.5,625,450,1.5603,0.35009
1418,187,625,450,2.2551,0.33587
1418,193.5,625,450,2.3777,0.45192
1418,200,625,450,2.71,0.67202
1469,5,625,450,-0.35709,0.95725
1469,11.5,625,450,-0.35709,0.95725
1469,18,625,450,-0.31174,0.9581
1469,24.5,625,450,-0.25835,0.95871
1469,31,625,450,-0.17795,0.95858
1469,37.5,625,450,-0.078851,0.9586
1469,44,625,450,0.057705,0.95861
1469,50.5,625,450,0.24158,0.95732
1469,57,625,450,0.5241,0.95387
1469,63.5,625,450,0.81404,0.94993
1469,70,625,450,1.2476,0.94763
1469,76.5,625,450,1.8875,0.94214
1469,83,625,450,2.6985,0.92011
1469,89.5,625,450,-2.5123,0.88256
1469,96,625,450,-1.2619,0.84424
1469,102.5,625,450,-0.14823,0.7616
1469,109,625,450,1.1922,0.74325
1469,115.5,625,450,2.3833,0.68439
1469,122,625,450,-3.0708,0.64319
1469,128.5,625,450,-2.1646,0.50524
1469,135,625,450,-1.3706,0.36471
1469,141.5,625,450,-0.61156,0.25954
1469,148,625,450,0.32888,0.25515
1469,154.5,625,450,3.0391,0.016416
1469,161,625,450,0.27462,0.038492
1469,167.5,625,450,1.3074,0.19018
1469,174,625,450,2.2296,0.17006
1469,180.5,625,450,2.4894,0.30762
1469,187,625,450,-3.0789,0.14755
1469,193.5,625,450,2.8492,0.20278
1469,200,625,450,-2.9122,0.75749
