500,5,658,450,-0.22693,0.95535
500,11.5,658,450,-0.22693,0.95535
500,18,658,450,-0.21122,0.95634
500,24.5,658,450,-0.19442,0.95748
500,31,658,450,-0.16654,0.95888
500,37.5,658,450,-0.1339,0.9607
500,44,658,450,-0.092181,0.96284
500,50.5,658,450,-0.034003,0.96546
500,57,658,450,0.053164,0.96814
500,63.5,658,450,0.14,0.96977
500,70,658,450,0.26113,0.97144
500,76.5,658,450,0.43157,0.97146
500,83,658,450,0.63298,0.96972
500,89.5,658,450,0.90275,0.96653
500,96,658,450,1.2335,0.9647
500,102.5,658,450,1.7316,0.96922
500,109,658,450,2.448,0.92367
500,115.5,658,450,2.1598,0.37848
500,122,658,450,2.8211,0.60629
500,128.5,658,450,-2.8886,0.70057
500,135,658,450,-2.4987,0.72588
500,141.5,658,450,-2.1821,0.74316
500,148,658,450,-1.8959,0.75084
500,154.5,658,450,-1.4882,0.42689
500,161,658,450,-1.5154,0.84035
500,167.5,658,450,-1.2094,0.78752
500,174,658,450,-0.78065,0.49531
500,180.5,658,450,-1.7368,0.11391
500,187,658,450,-1.599,0.54609
500,193.5,658,450,-1.268,0.74846
500,200,658,450,-1.0413,0.81156
551,5,658,450,-0.23165,0.95375
551,11.5,658,450,-0.23165,0.95375
551,18,658,450,-0.21432,0.95452
551,24.5,658,450,-0.19552,0.95542
551,31,658,450,-0.165,0.95625
551,37.5,658,450,-0.12905,0.95748
551,44,658,450,-0.082772,0.9588
551,50.5,658,450,-0.018916,0.9602
551,57,658,450,0.076456,0.96132
551,63.5,658,450,0.17148,0.96198
551,70,658,450,0.30456,0.96254
551,76.5,658,450,0.49138,0.96208
551,83,658,450,0.71355,0.96256
551,89.5,658,450,1.0122,0.9633
551,96,658,450,1.3779,0.96678
551,102.5,658,450,1.9111,0.96798
551,109,658,450,2.6367,0.94841
551,115.5,658,450,2.6976,0.66297
551,122,658,450,-3.0346,0.76349
551,128.5,658,450,-2.5383,0.8295
551,135,658,450,-2.1487,0.87528
551,141.5,658,450,-1.8158,0.90737
551,148,658,450,-1.4868,0.9112
551,154.5,658,450,-1.2257,0.88133
551,161,658,450,-0.71935,0.69165
551,167.5,658,450,-1.1935,0.041024
551,174,658,450,-1.1376,0.46501
551,180.5,658,450,-1.2262,0.76535
551,187,658,450,-0.91414,0.8183
551,193.5,658,450,-0.69995,0.82559
551,200,658,450,-0.51315,0.83004
602,5,658,450,-0.24334,0.95551
602,11.5,658,450,-0.24334,0.95551
602,18,658,450,-0.22452,0.95582
602,24.5,658,450,-0.20395,0.95616
602,31,658,450,-0.17112,0.95641
602,37.5,658,450,-0.13222,0.95696
602,44,658,450,-0.081852,0.95748
602,50.5,658,450,-0.012886,0.95819
602,57,658,450,0.090081,0.9589
602,63.5,658,450,0.19287,0.95976
602,70,658,450,0.33753,0.9612
602,76.5,658,450,0.54168,0.96406
602,83,658,450,0.78664,0.96874
602,89.5,658,450,1.1155,0.97198
602,96,658,450,1.5141,0.97077
602,102.5,658,450,2.0653,0.95544
602,109,658,450,2.7456,0.94059
602,115.5,658,450,3.0992,0.88141
602,122,658,450,-2.6782,0.9214
602,128.5,658,450,-2.194,0.95841
602,135,658,450,-1.7613,0.95588
602,141.5,658,450,-1.2613,0.43446
602,148,658,450,-1.3497,0.85554
602,154.5,658,450,-0.90551,0.8638
602,161,658,450,-1.4606,0.08209
602,167.5,658,450,-0.84998,0.57071
602,174,658,450,-1.7055,0.23583
602,180.5,658,450,-0.71817,0.94701
602,187,658,450,-0.48156,0.93668
602,193.5,658,450,-0.27495,0.93396
602,200,658,450,-0.077171,0.93407
653,5,658,450,-0.24714,0.95912
653,11.5,658,450,-0.24714,0.95912
653,18,658,450,-0.22705,0.95919
653,24.5,658,450,-0.20495,0.95911
653,31,658,450,-0.17,0.95926
653,37.5,658,450,-0.12838,0.95964
653,44,658,450,-0.074151,0.96014
653,50.5,658,450,-0.00013218,0.96132
653,57,658,450,0.11075,0.96335
653,63.5,658,450,0.22171,0.96558
653,70,658,450,0.37921,0.96945
653,76.5,658,450,0.60255,0.97537
653,83,658,450,0.87199,0.98098
653,89.5,658,450,1.2317,0.98179
653,96,658,450,1.6585,0.97171
653,102.5,658,450,2.2252,0.954
653,109,658,450,2.8256,0.93977
653,115.5,658,450,-2.8764,0.96467
653,122,658,450,-2.3711,0.97144
653,128.5,658,450,-1.8346,0.9097
653,135,658,450,-1.6131,0.26123
653,141.5,658,450,-1.4307,0.85092
653,148,658,450,-1.0671,0.87584
653,154.5,658,450,-0.68536,0.82074
653,161,658,450,-0.66126,0.85319
653,167.5,658,450,-0.022861,0.56357
653,174,658,450,-0.75438,0.702
653,180.5,658,450,-0.23475,0.91947
653,187,658,450,0.0070409,0.92772
653,193.5,658,450,0.25226,0.91284
653,200,658,450,0.50275,0.2771
704,5,658,450,-0.24948,0.96144
704,11.5,658,450,-0.24948,0.96144
704,18,658,450,-0.2282,0.96161
704,24.5,658,450,-0.20465,0.9617
704,31,658,450,-0.16745,0.9623
704,37.5,658,450,-0.12303,0.96315
704,44,658,450,-0.064723,0.96438
704,50.5,658,450,0.014844,0.96673
704,57,658,450,0.13445,0.97031
704,63.5,658,450,0.25448,0.97376
704,70,658,450,0.42595,0.97865
704,76.5,658,450,0.66943,0.98357
704,83,658,450,0.96239,0.98497
704,89.5,658,450,1.3508,0.9798
704,96,658,450,1.8042,0.96866
704,102.5,658,450,2.4059,0.9639
704,109,658,450,2.8682,0.89762
704,115.5,658,450,-2.6486,0.95674
704,122,658,450,-2.1316,0.92509
704,128.5,658,450,-1.5721,0.29439
704,135,658,450,-1.4988,0.92245
704,141.5,658,450,-1.0923,0.93992
704,148,658,450,-0.72474,0.93467
704,154.5,658,450,-0.21509,0.71104
704,161,658,450,-0.023059,0.92537
704,167.5,658,450,0.82236,0.064257
704,174,658,450,-0.22387,0.5981
704,180.5,658,450,0.28426,0.72501
704,187,658,450,0.61611,0.6379
704,193.5,658,450,-0.14726,0.45049
704,200,658,450,0.43933,0.73148
755,5,658,450,-0.25165,0.96044
755,11.5,658,450,-0.25165,0.96044
755,18,658,450,-0.22904,0.96096
755,24.5,658,450,-0.20383,0.96162
755,31,658,450,-0.1641,0.96282
755,37.5,658,450,-0.11655,0.96433
755,44,658,450,-0.053724,0.96634
755,50.5,658,450,0.031945,0.96937
755,57,658,450,0.16089,0.97314
755,63.5,658,450,0.2902,0.97609
755,70,658,450,0.47563,0.9794
755,76.5,658,450,0.7378,0.98022
755,83,658,450,1.0516,0.97657
755,89.5,658,450,1.4655,0.96917
755,96,658,450,1.9501,0.9646
755,102.5,658,450,2.6087,0.96082
755,109,658,450,2.9759,0.91465
755,115.5,658,450,-2.4639,0.92088
755,122,658,450,-1.8998,0.83711
755,128.5,658,450,-1.6545,0.95857
755,135,658,450,-1.1334,0.96793
755,141.5,658,450,-0.66521,0.92211
755,148,658,450,-0.16154,0.74925
755,154.5,658,450,-0.56978,0.056676
755,161,658,450,0.53848,0.68694
755,167.5,658,450,-0.51759,0.074152
755,174,658,450,0.30591,0.59598
755,180.5,658,450,0.97753,0.49531
755,187,658,450,1.6267,0.045094
755,193.5,658,450,0.55665,0.9162
755,200,658,450,1.1008,0.9723
806,5,658,450,-0.25484,0.957
806,11.5,658,450,-0.25484,0.957
806,18,658,450,-0.23068,0.95788
806,24.5,658,450,-0.20351,0.95898
806,31,658,450,-0.16104,0.96038
806,37.5,658,450,-0.11011,0.96213
806,44,658,450,-0.042528,0.96422
806,50.5,658,450,0.049264,0.96663
806,57,658,450,0.18721,0.96898
806,63.5,658,450,0.32513,0.97031
806,70,658,450,0.52282,0.97089
806,76.5,658,450,0.80101,0.96849
806,83,658,450,1.1341,0.96522
806,89.5,658,450,1.5748,0.96311
806,96,658,450,2.096,0.96672
806,102.5,658,450,2.814,0.94087
806,109,658,450,3.0975,0.92168
806,115.5,658,450,-2.2537,0.90253
806,122,658,450,-2.1942,0.61283
806,128.5,658,450,-1.2879,0.92671
806,135,658,450,-0.74065,0.86131
806,141.5,658,450,-0.19547,0.68299
806,148,658,450,0.35602,0.4091
806,154.5,658,450,-0.88911,0.095566
806,161,658,450,1.128,0.32114
806,167.5,658,450,0.078003,0.47133
806,174,658,450,1.6077,0.41343
806,180.5,658,450,0.956,0.11689
806,187,658,450,0.30831,0.54322
806,193.5,658,450,1.282,0.89128
806,200,658,450,1.7449,0.87547
857,5,658,450,-0.25956,0.95432
857,11.5,658,450,-0.25956,0.95432
857,18,658,450,-0.23381,0.95529
857,24.5,658,450,-0.20459,0.95618
857,31,658,450,-0.15941,0.95723
857,37.5,658,450,-0.10514,0.95862
857,44,658,450,-0.032979,0.96006
857,50.5,658,450,0.064489,0.96143
857,57,658,450,0.21053,0.96233
857,63.5,658,450,0.35619,0.96257
857,70,658,450,0.56496,0.96228
857,76.5,658,450,0.85889,0.96248
857,83,658,450,1.2127,0.96526
857,89.5,658,450,1.6849,0.97028
857,96,658,450,2.2449,0.97046
857,102.5,658,450,3.0103,0.93201
857,109,658,450,-2.9792,0.87647
857,115.5,658,450,-1.8549,0.82538
857,122,658,450,-1.7454,0.87047
857,128.5,658,450,-0.95258,0.81628
857,135,658,450,-0.34707,0.6922
857,141.5,658,450,0.24152,0.52974
857,148,658,450,0.87924,0.36705
857,154.5,658,450,1.9332,0.018561
857,161,658,450,1.7538,0.015435
857,167.5,658,450,0.21788,0.022584
857,174,658,450,0.94752,0.34464
857,180.5,658,450,2.2309,0.056565
857,187,658,450,1.3203,0.56634
857,193.5,658,450,2.0169,0.65891
857,200,658,450,2.4984,0.55834
908,5,658,450,-0.26481,0.95485
908,11.5,658,450,-0.26481,0.95485
908,18,658,450,-0.23752,0.95544
908,24.5,658,450,-0.20645,0.95571
908,31,658,450,-0.1588,0.95622
908,37.5,658,450,-0.10148,0.957
908,44,658,450,-0.025151,0.9577
908,50.5,658,450,0.077431,0.95844
908,57,658,450,0.23096,0.95928
908,63.5,658,450,0.38436,0.96029
908,70,658,450,0.60499,0.96288
908,76.5,658,450,0.91694,0.9688
908,83,658,450,1.2957,0.97698
908,89.5,658,450,1.8013,0.98225
908,96,658,450,2.3954,0.96994
908,102.5,658,450,-3.0813,0.94513
908,109,658,450,-2.6658,0.81524
908,115.5,658,450,-1.0283,0.08861
908,122,658,450,-1.451,0.83922
908,128.5,658,450,-0.59203,0.72873
908,135,658,450,0.11638,0.63626
908,141.5,658,450,0.9078,0.55396
908,148,658,450,1.9349,0.45935
908,154.5,658,450,-2.2023,0.65663
908,161,658,450,0.47856,0.017998
908,167.5,658,450,0.90509,0.45957
908,174,658,450,1.8612,0.521
908,180.5,658,450,1.0845,0.049688
908,187,658,450,2.2522,0.63832
908,193.5,658,450,2.8643,0.67238
908,200,658,450,-2.3967,0.32032
959,5,658,450,-0.27713,0.95795
959,11.5,658,450,-0.27713,0.95795
959,18,658,450,-0.24835,0.95817
959,24.5,658,450,-0.21585,0.95808
959,31,658,450,-0.166,0.95827
959,37.5,658,450,-0.10589,0.95875
959,44,658,450,-0.025619,0.95932
959,50.5,658,450,0.082039,0.96058
959,57,658,450,0.24337,0.96287
959,63.5,658,450,0.40534,0.96619
959,70,658,450,0.63962,0.97209
959,76.5,658,450,0.9725,0.98089
959,83,658,450,1.3775,0.98605
959,89.5,658,450,1.9139,0.98323
959,96,658,450,2.5362,0.96904
959,102.5,658,450,-2.8955,0.96887
959,109,658,450,-2.3099,0.73467
959,115.5,658,450,-2.5091,0.25451
959,122,658,450,-1.1145,0.80003
959,128.5,658,450,-0.12231,0.73091
959,135,658,450,0.83574,0.61679
959,141.5,658,450,1.9134,0.39637
959,148,658,450,3.105,0.17852
959,154.5,658,450,-1.2282,0.44708
959,161,658,450,1.0443,0.0047785
959,167.5,658,450,1.773,0.50483
959,174,658,450,2.5504,0.55813
959,180.5,658,450,2.7314,0.82886
959,187,658,450,-2.9046,0.82199
959,193.5,658,450,-2.1581,0.87114
959,200,658,450,-2.36,0.0010091
1010,5,658,450,-0.27969,0.96086
1010,11.5,658,450,-0.27969,0.96086
1010,18,658,450,-0.2499,0.961
1010,24.5,658,450,-0.21582,0.96122
1010,31,658,450,-0.16379,0.96157
1010,37.5,658,450,-0.10087,0.96232
1010,44,658,450,-0.01653,0.96347
1010,50.5,658,450,0.096699,0.96588
1010,57,658,450,0.26697,0.96989
1010,63.5,658,450,0.43833,0.97436
1010,70,658,450,0.68724,0.98044
1010,76.5,658,450,1.0411,0.98549
1010,83,658,450,1.4687,0.98284
1010,89.5,658,450,2.0312,0.9735
1010,96,658,450,2.6838,0.96705
1010,102.5,658,450,-2.6988,0.96618
1010,109,658,450,-1.9212,0.7327
1010,115.5,658,450,-1.9258,0.45721
1010,122,658,450,-0.65138,0.75959
1010,128.5,658,450,0.53243,0.6811
1010,135,658,450,1.6344,0.41538
1010,141.5,658,450,2.7953,0.11572
1010,148,658,450,1.0758,0.015492
1010,154.5,658,450,0.96571,0.0056291
1010,161,658,450,-2.5042,0.091238
1010,167.5,658,450,2.5762,0.42187
1010,174,658,450,-2.993,0.6715
1010,180.5,658,450,-2.5582,0.68871
1010,187,658,450,-2.0591,0.74107
1010,193.5,658,450,-0.72583,0.59434
1010,200,658,450,2.8333,0.25005
1061,5,658,450,-0.28168,0.96111
1061,11.5,658,450,-0.28168,0.96111
1061,18,658,450,-0.25048,0.96173
1061,24.5,658,450,-0.21479,0.96225
1061,31,658,450,-0.16037,0.96318
1061,37.5,658,450,-0.094419,0.96446
1061,44,658,450,-0.0056149,0.96634
1061,50.5,658,450,0.11373,0.96939
1061,57,658,450,0.29347,0.97338
1061,63.5,658,450,0.47428,0.97676
1061,70,658,450,0.73687,0.97938
1061,76.5,658,450,1.1082,0.97766
1061,83,658,450,1.5544,0.97128
1061,89.5,658,450,2.1417,0.966
1061,96,658,450,2.8311,0.96908
1061,102.5,658,450,-2.516,0.95062
1061,109,658,450,-1.5745,0.80595
1061,115.5,658,450,-1.3557,0.52296
1061,122,658,450,-0.09419,0.67013
1061,128.5,658,450,1.1279,0.54038
1061,135,658,450,2.3002,0.23374
1061,141.5,658,450,1.0383,0.064861
1061,148,658,450,2.2279,0.60721
1061,154.5,658,450,-2.4491,0.11243
1061,161,658,450,-1.7181,0.19076
1061,167.5,658,450,-2.9488,0.41915
1061,174,658,450,-3.0492,0.33448
1061,180.5,658,450,-2.0148,0.74563
1061,187,658,450,-1.4216,0.74414
1061,193.5,658,450,2.7089,0.024504
1061,200,658,450,-1.8085,0.71563
1112,5,658,450,-0.28475,0.95836
1112,11.5,658,450,-0.28475,0.95836
1112,18,658,450,-0.25169,0.95944
1112,24.5,658,450,-0.21419,0.96029
1112,31,658,450,-0.15712,0.96164
1112,37.5,658,450,-0.087883,0.96325
1112,44,658,450,0.005614,0.96526
1112,50.5,658,450,0.1311,0.96773
1112,57,658,450,0.31979,0.96989
1112,63.5,658,450,0.50896,0.9708
1112,70,658,450,0.78305,0.96952
1112,76.5,658,450,1.1686,0.9658
1112,83,658,450,1.6331,0.96466
1112,89.5,658,450,2.25,0.96998
1112,96,658,450,2.978,0.97157
1112,102.5,658,450,-2.3424,0.94482
1112,109,658,450,-1.2711,0.91571
1112,115.5,658,450,-0.79518,0.56551
1112,122,658,450,0.40269,0.60044
1112,128.5,658,450,1.6087,0.50207
1112,135,658,450,1.7506,0.013731
1112,141.5,658,450,2.168,0.70789
1112,148,658,450,3.0644,0.81731
1112,154.5,658,450,2.8502,0.027198
1112,161,658,450,-1.3781,0.12488
1112,167.5,658,450,-2.2548,0.55696
1112,174,658,450,-2.1634,0.88417
1112,180.5,658,450,-1.424,0.84259
1112,187,658,450,-0.90043,0.044351
1112,193.5,658,450,-1.3281,0.80353
1112,200,658,450,-0.78585,0.90254
1163,5,658,450,-0.28963,0.95808
1163,11.5,658,450,-0.28963,0.95808
1163,18,658,450,-0.25539,0.95891
1163,24.5,658,450,-0.21599,0.95985
1163,31,658,450,-0.15612,0.96105
1163,37.5,658,450,-0.08354,0.96243
1163,44,658,450,0.014515,0.96383
1163,50.5,658,450,0.14565,0.96505
1163,57,658,450,0.3422,0.96539
1163,63.5,658,450,0.53876,0.96504
1163,70,658,450,0.82343,0.96452
1163,76.5,658,450,1.2247,0.9657
1163,83,658,450,1.7131,0.97323
1163,89.5,658,450,2.3643,0.9804
1163,96,658,450,3.1249,0.97111
1163,102.5,658,450,-2.1635,0.96373
1163,109,658,450,-1.0356,0.97369
1163,115.5,658,450,-0.32102,0.64514
1163,122,658,450,0.80711,0.66975
1163,128.5,658,450,2.1583,0.39267
1163,135,658,450,1.9066,0.59114
1163,141.5,658,450,2.8126,0.7513
1163,148,658,450,-2.8502,0.71984
1163,154.5,658,450,3.0829,0.5708
1163,161,658,450,-2.6703,0.39707
1163,167.5,658,450,-1.5387,0.7417
1163,174,658,450,-1.3668,0.92117
1163,180.5,658,450,-1.3918,0.085812
1163,187,658,450,-1.184,0.75501
1163,193.5,658,450,-0.66124,0.82318
1163,200,658,450,-0.17043,0.86046
1214,5,658,450,-0.29492,0.95693
1214,11.5,658,450,-0.29492,0.95693
1214,18,658,450,-0.25909,0.95766
1214,24.5,658,450,-0.21782,0.95839
1214,31,658,450,-0.15538,0.95907
1214,37.5,658,450,-0.079659,0.96003
1214,44,658,450,0.022608,0.96078
1214,50.5,658,450,0.15886,0.96144
1214,57,658,450,0.36278,0.96194
1214,63.5,658,450,0.56666,0.96268
1214,70,658,450,0.86358,0.96639
1214,76.5,658,450,1.2844,0.97492
1214,83,658,450,1.7997,0.9843
1214,89.5,658,450,2.4841,0.98385
1214,96,658,450,-3.0099,0.9704
1214,102.5,658,450,-1.9625,0.97368
1214,109,658,450,-0.86175,0.97341
1214,115.5,658,450,0.062961,0.79635
1214,122,658,450,1.2056,0.82619
1214,128.5,658,450,1.4504,0.2115
1214,135,658,450,2.4656,0.74375
1214,141.5,658,450,3.1282,0.77813
1214,148,658,450,-2.5923,0.81181
1214,154.5,658,450,-2.4794,0.87117
1214,161,658,450,-1.7237,0.97414
1214,167.5,658,450,-1.42,0.80859
1214,174,658,450,-0.21592,0.13297
1214,180.5,658,450,-0.6016,0.31753
1214,187,658,450,-0.70714,0.90252
1214,193.5,658,450,-0.25019,0.8954
1214,200,658,450,0.48561,0.60658
1265,5,658,450,-0.29977,0.95904
1265,11.5,658,450,-0.29977,0.95904
1265,18,658,450,-0.26248,0.95951
1265,24.5,658,450,-0.21946,0.95989
1265,31,658,450,-0.15476,0.9601
1265,37.5,658,450,-0.076129,0.9607
1265,44,658,450,0.030142,0.96131
1265,50.5,658,450,0.17148,0.96251
1265,57,658,450,0.38336,0.96494
1265,63.5,658,450,0.59591,0.96833
1265,70,658,450,0.90702,0.97581
1265,76.5,658,450,1.3501,0.98524
1265,83,658,450,1.8905,0.98673
1265,89.5,658,450,2.6016,0.97621
1265,96,658,450,-2.8617,0.96897
1265,102.5,658,450,-1.762,0.95367
1265,109,658,450,-0.7288,0.95779
1265,115.5,658,450,0.39554,0.9344
1265,122,658,450,1.6055,0.88436
1265,128.5,658,450,1.9783,0.69893
1265,135,658,450,2.795,0.83814
1265,141.5,658,450,-2.8402,0.91874
1265,148,658,450,-2.1485,0.9049
1265,154.5,658,450,-2.0584,0.82451
1265,161,658,450,-1.3211,0.63973
1265,167.5,658,450,-0.86358,0.92404
1265,174,658,450,-0.91443,0.68898
1265,180.5,658,450,-1.1723,0.55791
1265,187,658,450,-0.23355,0.9566
1265,193.5,658,450,0.21837,0.96064
1265,200,658,450,0.64063,0.94628
1316,5,658,450,-0.31209,0.96253
1316,11.5,658,450,-0.31209,0.96253
1316,18,658,450,-0.27347,0.9627
1316,24.5,658,450,-0.22885,0.96297
1316,31,658,450,-0.16199,0.96324
1316,37.5,658,450,-0.080529,0.96387
1316,44,658,450,0.029852,0.96495
1316,50.5,658,450,0.17678,0.96733
1316,57,658,450,0.39777,0.97153
1316,63.5,658,450,0.62024,0.97653
1316,70,658,450,0.94654,0.98295
1316,76.5,658,450,1.4099,0.98538
1316,83,658,450,1.97,0.97813
1316,89.5,658,450,2.705,0.96947
1316,96,658,450,-2.7237,0.96837
1316,102.5,658,450,-1.5896,0.93824
1316,109,658,450,-0.57985,0.95645
1316,115.5,658,450,0.65705,0.97325
1316,122,658,450,2.1001,0.46995
1316,128.5,658,450,2.3163,0.87306
1316,135,658,450,3.116,0.9566
1316,141.5,658,450,-2.4102,0.89758
1316,148,658,450,-1.5955,0.24445
1316,154.5,658,450,-1.7044,0.90372
1316,161,658,450,-1.293,0.98375
1316,167.5,658,450,-0.45862,0.6271
1316,174,658,450,-0.19108,0.93894
1316,180.5,658,450,-0.36063,0.62128
1316,187,658,450,0.32045,0.78452
1316,193.5,658,450,-0.034528,0.40503
1316,200,658,450,0.9433,0.88631
1367,5,658,450,-0.31402,0.9642
1367,11.5,658,450,-0.31402,0.9642
1367,18,658,450,-0.27412,0.9644
1367,24.5,658,450,-0.22792,0.96476
1367,31,658,450,-0.15873,0.96563
1367,37.5,658,450,-0.074319,0.96667
1367,44,658,450,0.040497,0.96838
1367,50.5,658,450,0.19349,0.97128
1367,57,658,450,0.42421,0.97566
1367,63.5,658,450,0.65636,0.97884
1367,70,658,450,0.99615,0.98063
1367,76.5,658,450,1.4756,0.97577
1367,83,658,450,2.0527,0.96871
1367,89.5,658,450,2.8145,0.97014
1367,96,658,450,-2.5758,0.97107
1367,102.5,658,450,-1.4062,0.94244
1367,109,658,450,-0.27799,0.92823
1367,115.5,658,450,0.85965,0.94251
1367,122,658,450,1.5884,0.82421
1367,128.5,658,450,2.6417,0.96555
1367,135,658,450,-2.7876,0.89214
1367,141.5,658,450,-1.922,0.46805
1367,148,658,450,-2.2847,0.74084
1367,154.5,658,450,-1.2995,0.61614
1367,161,658,450,-0.95963,0.95652
1367,167.5,658,450,-0.38838,0.9453
1367,174,658,450,0.47164,0.82101
1367,180.5,658,450,0.22628,0.53603
1367,187,658,450,1.0055,0.4499
1367,193.5,658,450,0.6187,0.93155
1367,200,658,450,1.3534,0.93639
1418,5,658,450,-0.31604,0.96269
1418,11.5,658,450,-0.31604,0.96269
1418,18,658,450,-0.27486,0.96319
1418,24.5,658,450,-0.2269,0.96381
1418,31,658,450,-0.15505,0.96513
1418,37.5,658,450,-0.067475,0.96656
1418,44,658,450,0.051981,0.96841
1418,50.5,658,450,0.21118,0.97079
1418,57,658,450,0.4508,0.9729
1418,63.5,658,450,0.69126,0.97336
1418,70,658,450,1.042,0.97137
1418,76.5,658,450,1.5351,0.96715
1418,83,658,450,2.1322,0.96987
1418,89.5,658,450,2.9285,0.97883
1418,96,658,450,-2.4278,0.97041
1418,102.5,658,450,-1.2149,0.97196
1418,109,658,450,0.41776,0.38455
1418,115.5,658,450,1.0377,0.90843
1418,122,658,450,1.942,0.97123
1418,128.5,658,450,2.9699,0.8998
1418,135,658,450,-2.4011,0.6535
1418,141.5,658,450,-2.8029,0.33501
1418,148,658,450,-1.479,0.85213
1418,154.5,658,450,-1.0569,0.94613
1418,161,658,450,-0.44283,0.77955
1418,167.5,658,450,0.0064042,0.92587
1418,174,658,450,1.0834,0.52985
1418,180.5,658,450,1.0868,0.58686
1418,187,658,450,1.2398,0.10606
1418,193.5,658,450,1.2781,0.94521
1418,200,658,450,1.9604,0.91489
1469,5,658,450,-0.31967,0.95946
1469,11.5,658,450,-0.31967,0.95946
1469,18,658,450,-0.27702,0.96012
1469,24.5,658,450,-0.22722,0.96106
1469,31,658,450,-0.15251,0.96218
1469,37.5,658,450,-0.061635,0.96364
1469,44,658,450,0.062363,0.96504
1469,50.5,658,450,0.22718,0.96618
1469,57,658,450,0.47451,0.96625
1469,63.5,658,450,0.72196,0.96562
1469,70,658,450,1.0828,0.96505
1469,76.5,658,450,1.5922,0.96866
1469,83,658,450,2.2155,0.98006
1469,89.5,658,450,3.0464,0.98369
1469,96,658,450,-2.2801,0.97145
1469,102.5,658,450,-1.0133,0.96545
1469,109,658,450,-0.5261,0.018981
1469,115.5,658,450,1.3358,0.84084
1469,122,658,450,2.1912,0.94047
1469,128.5,658,450,-3.0023,0.76641
1469,135,658,450,-1.8246,0.18524
1469,141.5,658,450,-1.8779,0.75877
1469,148,658,450,-0.81616,0.54566
1469,154.5,658,450,-0.67467,0.90212
1469,161,658,450,0.30193,0.51485
1469,167.5,658,450,0.63288,0.70316
1469,174,658,450,1.7846,0.19542
1469,180.5,658,450,0.69617,0.08213
1469,187,658,450,0.46111,0.056717
1469,193.5,658,450,2.0145,0.70058
1469,200,658,450,2.9715,0.1422
