500,5,687,450,-0.2124,0.9578
500,11.5,687,450,-0.2124,0.9578
500,18,687,450,-0.19751,0.95875
500,24.5,687,450,-0.18175,0.9599
500,31,687,450,-0.15578,0.96144
500,37.5,687,450,-0.12566,0.96327
500,44,687,450,-0.087434,0.96559
500,50.5,687,450,-0.03481,0.96847
500,57,687,450,0.042498,0.97199
500,63.5,687,450,0.11801,0.97473
500,70,687,450,0.22183,0.9779
500,76.5,687,450,0.36401,0.97944
500,83,687,450,0.52585,0.98036
500,89.5,687,450,0.73679,0.97757
500,96,687,450,0.98496,0.97502
500,102.5,687,450,1.3374,0.97142
500,109,687,450,1.7518,0.97203
500,115.5,687,450,2.3744,0.96508
500,122,687,450,-2.7861,0.50305
500,128.5,687,450,2.1764,0.2542
500,135,687,450,2.8953,0.53784
500,141.5,687,450,-2.9515,0.62533
500,148,687,450,-2.6125,0.67818
500,154.5,687,450,-2.3268,0.72697
500,161,687,450,-2.0504,0.76174
500,167.5,687,450,-1.674,0.66535
500,174,687,450,-1.7666,0.88736
500,180.5,687,450,-1.4953,0.88941
500,187,687,450,-1.2527,0.88336
500,193.5,687,450,-0.83601,0.78757
500,200,687,450,0.10157,0.0010544
551,5,687,450,-0.21589,0.9552
551,11.5,687,450,-0.21589,0.9552
551,18,687,450,-0.19941,0.95612
551,24.5,687,450,-0.1818,0.95727
551,31,687,450,-0.15325,0.95846
551,37.5,687,450,-0.11994,0.95996
551,44,687,450,-0.077331,0.96172
551,50.5,687,450,-0.019268,0.9636
551,57,687,450,0.06576,0.96556
551,63.5,687,450,0.14855,0.96688
551,70,687,450,0.26321,0.9676
551,76.5,687,450,0.41952,0.96742
551,83,687,450,0.59793,0.9675
551,89.5,687,450,0.83075,0.96534
551,96,687,450,1.1055,0.96764
551,102.5,687,450,1.4941,0.9714
551,109,687,450,1.941,0.98005
551,115.5,687,450,2.5827,0.99548
551,122,687,450,-2.0446,0.1379
551,128.5,687,450,2.9311,0.66902
551,135,687,450,-2.8184,0.7869
551,141.5,687,450,-2.4411,0.83966
551,148,687,450,-2.125,0.88152
551,154.5,687,450,-1.8471,0.91666
551,161,687,450,-1.5662,0.94094
551,167.5,687,450,-2.4949,0.084399
551,174,687,450,-1.1275,0.96283
551,180.5,687,450,-0.72012,0.91013
551,187,687,450,0.29292,0.21815
551,193.5,687,450,-1.5547,0.46394
551,200,687,450,-1.0705,0.69098
602,5,687,450,-0.22613,0.955
602,11.5,687,450,-0.22613,0.955
602,18,687,450,-0.20814,0.95564
602,24.5,687,450,-0.18874,0.95646
602,31,687,450,-0.15788,0.95703
602,37.5,687,450,-0.12166,0.95784
602,44,687,450,-0.075072,0.95871
602,50.5,687,450,-0.012152,0.95955
602,57,687,450,0.079826,0.96034
602,63.5,687,450,0.16939,0.96112
602,70,687,450,0.29388,0.96186
602,76.5,687,450,0.46387,0.96254
602,83,687,450,0.65916,0.96588
602,89.5,687,450,0.91527,0.96844
602,96,687,450,1.2185,0.97599
602,102.5,687,450,1.6423,0.97898
602,109,687,450,2.1135,0.97825
602,115.5,687,450,2.7273,0.98807
602,122,687,450,2.6912,0.70027
602,128.5,687,450,-2.8346,0.90698
602,135,687,450,-2.3948,0.94203
602,141.5,687,450,-2.0332,0.9676
602,148,687,450,-1.7194,0.98409
602,154.5,687,450,-1.4359,0.98431
602,161,687,450,-1.1208,0.98507
602,167.5,687,450,-0.88358,0.97917
602,174,687,450,-0.035311,0.627
602,180.5,687,450,-1.2123,0.44366
602,187,687,450,-0.14042,0.091642
602,193.5,687,450,-0.78838,0.86228
602,200,687,450,-0.54788,0.8549
653,5,687,450,-0.23033,0.95747
653,11.5,687,450,-0.23033,0.95747
653,18,687,450,-0.21107,0.95774
653,24.5,687,450,-0.19004,0.95817
653,31,687,450,-0.15712,0.95838
653,37.5,687,450,-0.1183,0.95873
653,44,687,450,-0.068091,0.95914
653,50.5,687,450,-0.00064437,0.95983
653,57,687,450,0.098101,0.96114
653,63.5,687,450,0.19447,0.96265
653,70,687,450,0.32929,0.96527
653,76.5,687,450,0.51425,0.96957
653,83,687,450,0.72879,0.97704
653,89.5,687,450,1.011,0.98355
653,96,687,450,1.3444,0.98995
653,102.5,687,450,1.8009,0.98618
653,109,687,450,2.2892,0.97263
653,115.5,687,450,2.851,0.96227
653,122,687,450,-2.9966,0.95555
653,128.5,687,450,-2.5022,0.97708
653,135,687,450,-2.0866,0.98328
653,141.5,687,450,-1.723,0.98187
653,148,687,450,-1.397,0.97176
653,154.5,687,450,-1.0218,0.95083
653,161,687,450,-1.0986,0.89438
653,167.5,687,450,-0.44499,0.93706
653,174,687,450,-0.82701,0.75699
653,180.5,687,450,-0.29471,0.72634
653,187,687,450,-0.71193,0.9502
653,193.5,687,450,-0.27121,0.96347
653,200,687,450,-0.046872,0.99179
704,5,687,450,-0.23333,0.9607
704,11.5,687,450,-0.23333,0.9607
704,18,687,450,-0.21291,0.96078
704,24.5,687,450,-0.19043,0.96102
704,31,687,450,-0.15549,0.96143
704,37.5,687,450,-0.11414,0.96192
704,44,687,450,-0.060347,0.96268
704,50.5,687,450,0.011839,0.96424
704,57,687,450,0.11789,0.96704
704,63.5,687,450,0.22179,0.97019
704,70,687,450,0.36819,0.97503
704,76.5,687,450,0.56998,0.98161
704,83,687,450,0.80546,0.9892
704,89.5,687,450,1.1145,0.99356
704,96,687,450,1.4756,0.99159
704,102.5,687,450,1.9613,0.98109
704,109,687,450,2.4727,0.9682
704,115.5,687,450,3.0567,0.9642
704,122,687,450,-2.7693,0.97902
704,128.5,687,450,-2.2737,0.97927
704,135,687,450,-1.8552,0.97119
704,141.5,687,450,-1.4765,0.9586
704,148,687,450,-0.79192,0.77372
704,154.5,687,450,-1.0411,0.95379
704,161,687,450,-0.70861,0.96094
704,167.5,687,450,-0.91182,0.84077
704,174,687,450,-0.1901,0.97753
704,180.5,687,450,1.0228,0.33234
704,187,687,450,-0.11914,0.80713
704,193.5,687,450,0.23003,0.85607
704,200,687,450,0.48955,0.83539
755,5,687,450,-0.2353,0.962
755,11.5,687,450,-0.2353,0.962
755,18,687,450,-0.21368,0.96231
755,24.5,687,450,-0.18978,0.96275
755,31,687,450,-0.15262,0.96369
755,37.5,687,450,-0.10855,0.96478
755,44,687,450,-0.050823,0.96637
755,50.5,687,450,0.026656,0.96902
755,57,687,450,0.14085,0.97303
755,63.5,687,450,0.25296,0.97694
755,70,687,450,0.41181,0.98164
755,76.5,687,450,0.63063,0.98728
755,83,687,450,0.88582,0.98907
755,89.5,687,450,1.2182,0.98655
755,96,687,450,1.6038,0.97796
755,102.5,687,450,2.1194,0.97157
755,109,687,450,2.6695,0.96548
755,115.5,687,450,-2.7051,0.0021636
755,122,687,450,-2.6067,0.98603
755,128.5,687,450,-2.0758,0.97294
755,135,687,450,-1.6311,0.95503
755,141.5,687,450,-1.8472,0.89395
755,148,687,450,-1.0282,0.99246
755,154.5,687,450,-0.69938,0.9903
755,161,687,450,-0.36009,0.99262
755,167.5,687,450,-0.10715,0.98885
755,174,687,450,0.30358,0.97303
755,180.5,687,450,-0.5301,0.1744
755,187,687,450,0.35006,0.70778
755,193.5,687,450,0.71228,0.72013
755,200,687,450,1.1661,0.52158
806,5,687,450,-0.23709,0.96029
806,11.5,687,450,-0.23709,0.96029
806,18,687,450,-0.21412,0.96099
806,24.5,687,450,-0.18862,0.96195
806,31,687,450,-0.14898,0.9633
806,37.5,687,450,-0.10188,0.96493
806,44,687,450,-0.039841,0.9671
806,50.5,687,450,0.043246,0.96997
806,57,687,450,0.16593,0.9736
806,63.5,687,450,0.28617,0.97657
806,70,687,450,0.45678,0.97901
806,76.5,687,450,0.69099,0.97997
806,83,687,450,0.96262,0.97746
806,89.5,687,450,1.315,0.97072
806,96,687,450,1.7236,0.9673
806,102.5,687,450,2.2746,0.96937
806,109,687,450,2.874,0.96125
806,115.5,687,450,2.6889,0.72085
806,122,687,450,-2.4234,0.98148
806,128.5,687,450,-1.8284,0.96045
806,135,687,450,-0.59572,0.0029255
806,141.5,687,450,-1.1568,0.99751
806,148,687,450,-0.73661,0.9923
806,154.5,687,450,-0.35582,0.97282
806,161,687,450,0.066774,0.91287
806,167.5,687,450,0.22999,0.97312
806,174,687,450,0.78048,0.86645
806,180.5,687,450,0.26874,0.57503
806,187,687,450,0.94292,0.79175
806,193.5,687,450,1.5086,0.74355
806,200,687,450,0.12341,0.69982
857,5,687,450,-0.23999,0.95707
857,11.5,687,450,-0.23999,0.95707
857,18,687,450,-0.21556,0.95794
857,24.5,687,450,-0.18815,0.95926
857,31,687,450,-0.14594,0.96062
857,37.5,687,450,-0.095653,0.96228
857,44,687,450,-0.02921,0.96425
857,50.5,687,450,0.059478,0.9664
857,57,687,450,0.18983,0.96866
857,63.5,687,450,0.31755,0.96942
857,70,687,450,0.49854,0.96956
857,76.5,687,450,0.74566,0.96758
857,83,687,450,1.0326,0.96599
857,89.5,687,450,1.406,0.96468
857,96,687,450,1.8416,0.97173
857,102.5,687,450,2.4342,0.97723
857,109,687,450,3.0845,0.95449
857,115.5,687,450,3.0442,0.76332
857,122,687,450,-2.1711,0.95732
857,128.5,687,450,-1.2481,0.75924
857,135,687,450,-1.5059,0.94853
857,141.5,687,450,-0.87344,0.98246
857,148,687,450,-0.40364,0.95455
857,154.5,687,450,0.038767,0.90979
857,161,687,450,0.56805,0.82369
857,167.5,687,450,0.73597,0.83981
857,174,687,450,1.3805,0.64402
857,180.5,687,450,1.513,0.84602
857,187,687,450,2.6785,0.1597
857,193.5,687,450,1.7276,0.20832
857,200,687,450,1.3777,0.83532
908,5,687,450,-0.24425,0.95497
908,11.5,687,450,-0.24425,0.95497
908,18,687,450,-0.21823,0.95573
908,24.5,687,450,-0.18885,0.95693
908,31,687,450,-0.1442,0.95792
908,37.5,687,450,-0.09087,0.95909
908,44,687,450,-0.020293,0.96031
908,50.5,687,450,0.073403,0.96137
908,57,687,450,0.21071,0.96231
908,63.5,687,450,0.34513,0.96239
908,70,687,450,0.53547,0.96214
908,76.5,687,450,0.79572,0.96311
908,83,687,450,1.0993,0.967
908,89.5,687,450,1.4979,0.97493
908,96,687,450,1.9661,0.98642
908,102.5,687,450,2.5995,0.9828
908,109,687,450,-2.9926,0.9623
908,115.5,687,450,-2.9077,0.68963
908,122,687,450,-1.7844,0.84712
908,128.5,687,450,-2.8044,0.083899
908,135,687,450,-1.1653,0.94798
908,141.5,687,450,-0.5186,0.94236
908,148,687,450,0.031481,0.89527
908,154.5,687,450,0.57769,0.82977
908,161,687,450,1.2607,0.76487
908,167.5,687,450,1.543,0.36098
908,174,687,450,2.3437,0.171
908,180.5,687,450,0.17605,0.027181
908,187,687,450,1.4149,0.56223
908,193.5,687,450,0.70397,0.11041
908,200,687,450,2.0913,0.71369
959,5,687,450,-0.25592,0.9558
959,11.5,687,450,-0.25592,0.9558
959,18,687,450,-0.22843,0.95645
959,24.5,687,450,-0.19739,0.95689
959,31,687,450,-0.15049,0.95743
959,37.5,687,450,-0.09439,0.95804
959,44,687,450,-0.020057,0.95866
959,50.5,687,450,0.07823,0.95929
959,57,687,450,0.22225,0.96025
959,63.5,687,450,0.36311,0.96158
959,70,687,450,0.56356,0.96425
959,76.5,687,450,0.83918,0.97019
959,83,687,450,1.1634,0.97968
959,89.5,687,450,1.5906,0.99041
959,96,687,450,2.0914,0.9922
959,102.5,687,450,2.7576,0.98142
959,109,687,450,-2.8003,0.96518
959,115.5,687,450,-2.5283,0.62363
959,122,687,450,-1.2695,0.60642
959,128.5,687,450,-1.9577,0.52259
959,135,687,450,-0.76527,0.87239
959,141.5,687,450,-0.039032,0.83648
959,148,687,450,0.6412,0.73206
959,154.5,687,450,1.3123,0.58263
959,161,687,450,2.1305,0.47207
959,167.5,687,450,2.4436,0.014845
959,174,687,450,-1.6821,0.0059796
959,180.5,687,450,1.4947,0.58558
959,187,687,450,2.3864,0.69804
959,193.5,687,450,2.1303,0.72653
959,200,687,450,2.8669,0.8574
1010,5,687,450,-0.25957,0.95903
1010,11.5,687,450,-0.25957,0.95903
1010,18,687,450,-0.23087,0.95895
1010,24.5,687,450,-0.19845,0.95919
1010,31,687,450,-0.14945,0.95957
1010,37.5,687,450,-0.090763,0.96003
1010,44,687,450,-0.012822,0.96068
1010,50.5,687,450,0.090111,0.96196
1010,57,687,450,0.24131,0.9646
1010,63.5,687,450,0.38966,0.96783
1010,70,687,450,0.60198,0.97342
1010,76.5,687,450,0.89537,0.98245
1010,83,687,450,1.2419,0.9905
1010,89.5,687,450,1.6963,0.99222
1010,96,687,450,2.2226,0.98304
1010,102.5,687,450,2.9182,0.97198
1010,109,687,450,-2.6039,0.97033
1010,115.5,687,450,-2.1013,0.68372
1010,122,687,450,-0.72168,0.41199
1010,128.5,687,450,-1.3723,0.56409
1010,135,687,450,-0.24669,0.719
1010,141.5,687,450,0.57311,0.6231
1010,148,687,450,1.331,0.46445
1010,154.5,687,450,2.0299,0.32818
1010,161,687,450,2.9488,0.20851
1010,167.5,687,450,0.57297,0.10633
1010,174,687,450,0.96243,0.11748
1010,180.5,687,450,2.4024,0.65801
1010,187,687,450,3.0679,0.63618
1010,193.5,687,450,-2.9612,0.84984
1010,200,687,450,-2.4397,0.8577
1061,5,687,450,-0.26189,0.96159
1061,11.5,687,450,-0.26189,0.96159
1061,18,687,450,-0.23214,0.96177
1061,24.5,687,450,-0.19826,0.96203
1061,31,687,450,-0.14715,0.96262
1061,37.5,687,450,-0.085832,0.96345
1061,44,687,450,-0.0040879,0.96471
1061,50.5,687,450,0.10399,0.96711
1061,57,687,450,0.26326,0.97129
1061,63.5,687,450,0.41999,0.97557
1061,70,687,450,0.64523,0.98149
1061,76.5,687,450,0.95655,0.98707
1061,83,687,450,1.3223,0.98739
1061,89.5,687,450,1.798,0.97922
1061,96,687,450,2.345,0.96957
1061,102.5,687,450,3.0733,0.96962
1061,109,687,450,-2.4105,0.97389
1061,115.5,687,450,-1.6676,0.7755
1061,122,687,450,-0.19816,0.37421
1061,128.5,687,450,-0.78182,0.49693
1061,135,687,450,0.32408,0.57431
1061,141.5,687,450,1.1654,0.47751
1061,148,687,450,1.9386,0.37578
1061,154.5,687,450,2.7553,0.24161
1061,161,687,450,-0.89049,6.2268e-06
1061,167.5,687,450,2.2261,0.65956
1061,174,687,450,2.0274,0.069777
1061,180.5,687,450,-3.1345,0.59262
1061,187,687,450,-2.7448,0.6432
1061,193.5,687,450,-2.2613,0.68591
1061,200,687,450,-1.6543,0.74495
1112,5,687,450,-0.26366,0.96118
1112,11.5,687,450,-0.26366,0.96118
1112,18,687,450,-0.23265,0.96247
1112,24.5,687,450,-0.19721,0.96306
1112,31,687,450,-0.14384,0.96406
1112,37.5,687,450,-0.079633,0.9654
1112,44,687,450,0.0062766,0.96733
1112,50.5,687,450,0.11997,0.97026
1112,57,687,450,0.28781,0.97439
1112,63.5,687,450,0.45296,0.97744
1112,70,687,450,0.69021,0.98057
1112,76.5,687,450,1.0166,0.9796
1112,83,687,450,1.3973,0.97382
1112,89.5,687,450,1.8911,0.9663
1112,96,687,450,2.4624,0.96908
1112,102.5,687,450,-3.052,0.97802
1112,109,687,450,-2.2186,0.96939
1112,115.5,687,450,-1.2937,0.90044
1112,122,687,450,0.33116,0.41225
1112,128.5,687,450,-0.20051,0.50564
1112,135,687,450,0.857,0.57404
1112,141.5,687,450,1.7101,0.53484
1112,148,687,450,2.6069,0.43301
1112,154.5,687,450,-2.4249,0.039481
1112,161,687,450,2.3625,0.50495
1112,167.5,687,450,-2.9895,0.86647
1112,174,687,450,2.7958,0.10438
1112,180.5,687,450,-2.4317,0.53291
1112,187,687,450,-2.2487,0.76237
1112,193.5,687,450,-1.7319,0.75781
1112,200,687,450,-0.46115,0.56911
1163,5,687,450,-0.26699,0.96194
1163,11.5,687,450,-0.26699,0.96194
1163,18,687,450,-0.23442,0.96264
1163,24.5,687,450,-0.19727,0.96351
1163,31,687,450,-0.1414,0.96482
1163,37.5,687,450,-0.074093,0.96639
1163,44,687,450,0.016191,0.96833
1163,50.5,687,450,0.13554,0.9706
1163,57,687,450,0.31144,0.97292
1163,63.5,687,450,0.48396,0.97368
1163,70,687,450,0.73141,0.97309
1163,76.5,687,450,1.07,0.96949
1163,83,687,450,1.4651,0.96717
1163,89.5,687,450,1.9804,0.97065
1163,96,687,450,2.5845,0.98288
1163,102.5,687,450,-2.8888,0.98369
1163,109,687,450,-2.0301,0.96648
1163,115.5,687,450,-1.0059,0.96931
1163,122,687,450,0.91893,0.30693
1163,128.5,687,450,0.34918,0.6474
1163,135,687,450,1.3483,0.72403
1163,141.5,687,450,2.2764,0.70357
1163,148,687,450,-2.7219,0.24822
1163,154.5,687,450,2.2354,0.36931
1163,161,687,450,-3.0495,0.75225
1163,167.5,687,450,-2.4607,0.86732
1163,174,687,450,-2.7025,0.43387
1163,180.5,687,450,-1.5509,0.40923
1163,187,687,450,-1.6813,0.93645
1163,193.5,687,450,-1.0171,0.85732
1163,200,687,450,-1.5555,0.68661
1214,5,687,450,-0.27037,0.95883
1214,11.5,687,450,-0.27037,0.95883
1214,18,687,450,-0.23631,0.95971
1214,24.5,687,450,-0.19734,0.96062
1214,31,687,450,-0.13895,0.96189
1214,37.5,687,450,-0.068576,0.96323
1214,44,687,450,0.025926,0.96467
1214,50.5,687,450,0.15044,0.96586
1214,57,687,450,0.33336,0.9665
1214,63.5,687,450,0.51243,0.96629
1214,70,687,450,0.76898,0.96515
1214,76.5,687,450,1.12,0.96547
1214,83,687,450,1.5326,0.97146
1214,89.5,687,450,2.0759,0.98446
1214,96,687,450,2.7143,0.99275
1214,102.5,687,450,-2.7245,0.98025
1214,109,687,450,-1.8336,0.97097
1214,115.5,687,450,-0.79892,0.98775
1214,122,687,450,-1.1577,0.027229
1214,128.5,687,450,0.8241,0.84333
1214,135,687,450,1.7944,0.90105
1214,141.5,687,450,2.9155,0.71903
1214,148,687,450,2.0627,0.29816
1214,154.5,687,450,3.0658,0.74312
1214,161,687,450,-2.5687,0.82958
1214,167.5,687,450,-2.119,0.92194
1214,174,687,450,-1.8777,0.92456
1214,180.5,687,450,-2.0555,0.61671
1214,187,687,450,-0.99748,0.98232
1214,193.5,687,450,-1.3762,0.32203
1214,200,687,450,-0.76334,0.77144
1265,5,687,450,-0.27486,0.95747
1265,11.5,687,450,-0.27486,0.95747
1265,18,687,450,-0.23931,0.95821
1265,24.5,687,450,-0.19856,0.95894
1265,31,687,450,-0.13774,0.95981
1265,37.5,687,450,-0.064457,0.96073
1265,44,687,450,0.033936,0.96154
1265,50.5,687,450,0.16311,0.96207
1265,57,687,450,0.35255,0.96264
1265,63.5,687,450,0.53793,0.96331
1265,70,687,450,0.80435,0.9658
1265,76.5,687,450,1.1709,0.97275
1265,83,687,450,1.6056,0.98482
1265,89.5,687,450,2.1792,0.99426
1265,96,687,450,2.8451,0.98753
1265,102.5,687,450,-2.565,0.97224
1265,109,687,450,-1.6348,0.97283
1265,115.5,687,450,-0.63565,0.98583
1265,122,687,450,0.058413,0.84097
1265,128.5,687,450,1.1964,0.96294
1265,135,687,450,2.1597,0.97731
1265,141.5,687,450,1.3945,0.033149
1265,148,687,450,2.927,0.81222
1265,154.5,687,450,-2.7476,0.90934
1265,161,687,450,-2.1688,0.95584
1265,167.5,687,450,-1.7758,0.97657
1265,174,687,450,-1.326,0.97578
1265,180.5,687,450,-1.0678,0.88226
1265,187,687,450,-1.3529,0.28165
1265,193.5,687,450,-1.1329,0.99068
1265,200,687,450,-0.31642,0.87722
1316,5,687,450,-0.28723,0.95897
1316,11.5,687,450,-0.28723,0.95897
1316,18,687,450,-0.25026,0.95943
1316,24.5,687,450,-0.20788,0.95985
1316,31,687,450,-0.14486,0.96028
1316,37.5,687,450,-0.068852,0.96095
1316,44,687,450,0.033212,0.96157
1316,50.5,687,450,0.16696,0.96252
1316,57,687,450,0.36339,0.96473
1316,63.5,687,450,0.55613,0.96774
1316,70,687,450,0.83443,0.97399
1316,76.5,687,450,1.2195,0.98393
1316,83,687,450,1.6769,0.99239
1316,89.5,687,450,2.2754,0.9886
1316,96,687,450,2.9633,0.97445
1316,102.5,687,450,-2.4152,0.96989
1316,109,687,450,-1.4392,0.96274
1316,115.5,687,450,-0.48567,0.97262
1316,122,687,450,0.47292,0.96651
1316,128.5,687,450,1.457,0.98849
1316,135,687,450,2.4938,0.9772
1316,141.5,687,450,2.6694,0.8756
1316,148,687,450,-2.9272,0.95781
1316,154.5,687,450,-2.3744,0.97918
1316,161,687,450,-1.7686,0.97575
1316,167.5,687,450,-1.3207,0.86945
1316,174,687,450,-0.92438,0.89748
1316,180.5,687,450,-1.7777,0.070283
1316,187,687,450,-0.37302,0.7763
1316,193.5,687,450,-0.36758,0.95929
1316,200,687,450,0.18316,0.96205
1367,5,687,450,-0.29047,0.96216
1367,11.5,687,450,-0.29047,0.96216
1367,18,687,450,-0.25223,0.96244
1367,24.5,687,450,-0.20832,0.96267
1367,31,687,450,-0.14329,0.96302
1367,37.5,687,450,-0.064616,0.96373
1367,44,687,450,0.041196,0.96476
1367,50.5,687,450,0.17985,0.96685
1367,57,687,450,0.38422,0.97113
1367,63.5,687,450,0.58549,0.97557
1367,70,687,450,0.87699,0.98225
1367,76.5,687,450,1.2804,0.98813
1367,83,687,450,1.7563,0.98605
1367,89.5,687,450,2.3734,0.97421
1367,96,687,450,3.0819,0.97033
1367,102.5,687,450,-2.2569,0.97881
1367,109,687,450,-1.2424,0.96269
1367,115.5,687,450,-0.28161,0.96767
1367,122,687,450,0.68121,0.98481
1367,128.5,687,450,1.6538,0.97582
1367,135,687,450,2.2621,0.89682
1367,141.5,687,450,3.0605,0.97336
1367,148,687,450,-2.5963,0.97455
1367,154.5,687,450,-2.0382,0.94192
1367,161,687,450,-1.3542,0.85352
1367,167.5,687,450,-0.35768,0.23395
1367,174,687,450,-0.85771,0.9884
1367,180.5,687,450,-0.36954,0.96961
1367,187,687,450,0.37808,0.91935
1367,193.5,687,450,0.20827,0.79697
1367,200,687,450,0.77106,0.7674
1418,5,687,450,-0.29242,0.96437
1418,11.5,687,450,-0.29242,0.96437
1418,18,687,450,-0.25298,0.96452
1418,24.5,687,450,-0.20756,0.96496
1418,31,687,450,-0.14041,0.96575
1418,37.5,687,450,-0.058958,0.96676
1418,44,687,450,0.050905,0.96842
1418,50.5,687,450,0.19515,0.97128
1418,57,687,450,0.40814,0.97599
1418,63.5,687,450,0.61807,0.97944
1418,70,687,450,0.92201,0.98271
1418,76.5,687,450,1.3404,0.98076
1418,83,687,450,1.8301,0.9727
1418,89.5,687,450,2.4647,0.96759
1418,96,687,450,-3.0806,0.97831
1418,102.5,687,450,-2.0938,0.98254
1418,109,687,450,-1.05,0.96373
1418,115.5,687,450,0.035212,0.91506
1418,122,687,450,0.84702,0.98599
1418,128.5,687,450,1.8457,0.96822
1418,135,687,450,2.6187,0.98271
1418,141.5,687,450,-2.9457,0.97289
1418,148,687,450,-2.3037,0.93642
1418,154.5,687,450,-1.6881,0.88507
1418,161,687,450,-0.01135,0.049359
1418,167.5,687,450,-0.29601,0.40166
1418,174,687,450,-0.48479,0.98985
1418,180.5,687,450,0.15417,0.97502
1418,187,687,450,1.4355,0.57297
1418,193.5,687,450,0.71591,0.66221
1418,200,687,450,1.7146,0.21423
1469,5,687,450,-0.29413,0.96355
1469,11.5,687,450,-0.29413,0.96355
1469,18,687,450,-0.25335,0.9639
1469,24.5,687,450,-0.20638,0.9646
1469,31,687,450,-0.13679,0.96617
1469,37.5,687,450,-0.052422,0.9675
1469,44,687,450,0.061743,0.96942
1469,50.5,687,450,0.2117,0.97203
1469,57,687,450,0.43302,0.97504
1469,63.5,687,450,0.65068,0.97595
1469,70,687,450,0.96474,0.97472
1469,76.5,687,450,1.3946,0.96947
1469,83,687,450,1.8978,0.96717
1469,89.5,687,450,2.5562,0.97626
1469,96,687,450,-2.9528,0.99106
1469,102.5,687,450,-1.9304,0.98143
1469,109,687,450,-0.85205,0.97499
1469,115.5,687,450,0.46177,0.75479
1469,122,687,450,1.0372,0.9777
1469,128.5,687,450,3.126,0.075563
1469,135,687,450,2.8409,0.98806
1469,141.5,687,450,-2.6785,0.95098
1469,148,687,450,-1.9457,0.90765
1469,154.5,687,450,-0.76939,0.48471
1469,161,687,450,-1.2307,0.85264
1469,167.5,687,450,-2.2454,0.00040309
1469,174,687,450,0.031841,0.88561
1469,180.5,687,450,0.60921,0.92159
1469,187,687,450,-0.26862,0.036735
1469,193.5,687,450,1.457,0.77242
1469,200,687,450,0.77524,0.79545
