500,25,688,260,-0.12369,0.9636
500,30,688,260,-0.062679,0.96677
500,35,688,260,0.0020167,0.97024
500,40,688,260,0.095514,0.97392
500,45,688,260,0.17875,0.97587
500,50,688,260,0.29628,0.97805
500,55,688,260,0.4255,0.97912
500,60,688,260,0.59855,0.97749
500,65,688,260,0.76018,0.97417
500,70,688,260,0.95909,0.96958
500,75,688,260,1.1584,0.96473
500,80,688,260,1.403,0.95703
500,85,688,260,1.6941,0.94926
500,90,688,260,1.9848,0.9382
500,95,688,260,2.2527,0.93128
500,100,688,260,2.571,0.91543
500,105,688,260,2.8964,0.90712
500,110,688,260,-3.0546,0.9088
500,115,688,260,-2.7298,0.92149
500,120,688,260,-2.3604,0.9482
500,125,688,260,-1.9756,0.96735
500,130,688,260,-1.4766,0.95011
500,135,688,260,-0.99601,0.87094
500,140,688,260,-0.81905,0.8279
500,145,688,260,-0.61659,0.77217
500,150,688,260,-0.49742,0.74369
510,25,688,260,-0.13234,0.96213
510,30,688,260,-0.070243,0.96522
510,35,688,260,-0.0040296,0.96848
510,40,688,260,0.091225,0.97175
510,45,688,260,0.17586,0.97331
510,50,688,260,0.29554,0.97491
510,55,688,260,0.42734,0.97527
510,60,688,260,0.60313,0.97289
510,65,688,260,0.76719,0.96921
510,70,688,260,0.96978,0.96468
510,75,688,260,1.1726,0.9601
510,80,688,260,1.4214,0.95268
510,85,688,260,1.7184,0.94687
510,90,688,260,2.0143,0.93737
510,95,688,260,2.2877,0.93073
510,100,688,260,2.6101,0.91895
510,105,688,260,2.9426,0.91557
510,110,688,260,-2.9997,0.92173
510,115,688,260,-2.6644,0.93767
510,120,688,260,-2.2806,0.96121
510,125,688,260,-1.8828,0.96821
510,130,688,260,-1.3771,0.92308
510,135,688,260,-0.90287,0.82812
510,140,688,260,-0.73048,0.78679
510,145,688,260,-0.53518,0.73962
510,150,688,260,-0.41903,0.71757
520,25,688,260,-0.12615,0.96206
520,30,688,260,-0.062773,0.96502
520,35,688,260,0.0048332,0.96806
520,40,688,260,0.10198,0.97093
520,45,688,260,0.18826,0.97209
520,50,688,260,0.31014,0.97321
520,55,688,260,0.44432,0.97305
520,60,688,260,0.6232,0.97011
520,65,688,260,0.79013,0.96624
520,70,688,260,0.99627,0.96216
520,75,688,260,1.2029,0.9579
520,80,688,260,1.456,0.9512
520,85,688,260,1.7591,0.94673
520,90,688,260,2.0604,0.93909
520,95,688,260,2.3392,0.93526
520,100,688,260,2.6689,0.92674
520,105,688,260,3.0096,0.92617
520,110,688,260,-2.922,0.93971
520,115,688,260,-2.5747,0.95502
520,120,688,260,-2.1757,0.97047
520,125,688,260,-1.7674,0.95765
520,130,688,260,-1.2606,0.88841
520,135,688,260,-0.79541,0.79141
520,140,688,260,-0.62764,0.75642
520,145,688,260,-0.4365,0.72258
520,150,688,260,-0.32118,0.70999
530,25,688,260,-0.13388,0.96052
530,30,688,260,-0.06944,0.96327
530,35,688,260,-0.00037665,0.96599
530,40,688,260,0.098443,0.96837
530,45,688,260,0.18605,0.96913
530,50,688,260,0.30996,0.96971
530,55,688,260,0.44657,0.96903
530,60,688,260,0.62806,0.96572
530,65,688,260,0.79749,0.96206
530,70,688,260,1.0073,0.95855
530,75,688,260,1.2174,0.95497
530,80,688,260,1.475,0.94933
530,85,688,260,1.7832,0.94622
530,90,688,260,2.0916,0.94157
530,95,688,260,2.376,0.93926
530,100,688,260,2.7119,0.93332
530,105,688,260,3.0611,0.93747
530,110,688,260,-2.8613,0.9517
530,115,688,260,-2.5027,0.96441
530,120,688,260,-2.092,0.96783
530,125,688,260,-1.6777,0.93611
530,130,688,260,-1.174,0.85259
530,135,688,260,-0.71775,0.76319
530,140,688,260,-0.5521,0.73733
530,145,688,260,-0.36274,0.71806
530,150,688,260,-0.24626,0.71463
540,25,688,260,-0.12848,0.96037
540,30,688,260,-0.062799,0.96291
540,35,688,260,0.0076018,0.96534
540,40,688,260,0.10822,0.96729
540,45,688,260,0.19738,0.96768
540,50,688,260,0.32339,0.96784
540,55,688,260,0.46227,0.96686
540,60,688,260,0.64674,0.96334
540,65,688,260,0.81902,0.95994
540,70,688,260,1.0325,0.95739
540,75,688,260,1.2465,0.9546
540,80,688,260,1.5087,0.94993
540,85,688,260,1.8239,0.94905
540,90,688,260,2.1383,0.9458
540,95,688,260,2.4291,0.94467
540,100,688,260,2.7729,0.94374
540,105,688,260,3.131,0.95043
540,110,688,260,-2.7786,0.96351
540,115,688,260,-2.4097,0.97053
540,120,688,260,-1.9887,0.95591
540,125,688,260,-1.5719,0.9076
540,130,688,260,-1.0738,0.82106
540,135,688,260,-0.624,0.74907
540,140,688,260,-0.45849,0.73463
540,145,688,260,-0.26616,0.73275
540,150,688,260,-0.14513,0.73958
550,25,688,260,-0.11771,0.96021
550,30,688,260,-0.050808,0.96251
550,35,688,260,0.020907,0.96463
550,40,688,260,0.12329,0.96617
550,45,688,260,0.21398,0.96625
550,50,688,260,0.34204,0.96607
550,55,688,260,0.48317,0.96494
550,60,688,260,0.67061,0.96143
550,65,688,260,0.84577,0.95847
550,70,688,260,1.0631,0.95712
550,75,688,260,1.2811,0.95523
550,80,688,260,1.5482,0.95193
550,85,688,260,1.87,0.95282
550,90,688,260,2.1906,0.95263
550,95,688,260,2.4883,0.95376
550,100,688,260,2.8404,0.95573
550,105,688,260,-3.075,0.9609
550,110,688,260,-2.6893,0.97157
550,115,688,260,-2.3109,0.96863
550,120,688,260,-1.8829,0.93701
550,125,688,260,-1.4669,0.87752
550,130,688,260,-0.97489,0.79611
550,135,688,260,-0.52662,0.74839
550,140,688,260,-0.35836,0.74692
550,145,688,260,-0.15812,0.76283
550,150,688,260,-0.029968,0.78041
560,25,688,260,-0.12614,0.9587
560,30,688,260,-0.058249,0.96071
560,35,688,260,0.014814,0.96245
560,40,688,260,0.11872,0.96355
560,45,688,260,0.21062,0.96334
560,50,688,260,0.34056,0.96283
560,55,688,260,0.48401,0.96161
560,60,688,260,0.674,0.95836
560,65,688,260,0.85168,0.95615
560,70,688,260,1.0731,0.95612
560,75,688,260,1.2949,0.95537
560,80,688,260,1.5669,0.95363
560,85,688,260,1.895,0.95608
560,90,688,260,2.2234,0.95712
560,95,688,260,2.5275,0.95888
560,100,688,260,2.8867,0.96258
560,105,688,260,-3.0188,0.96844
560,110,688,260,-2.6238,0.97201
560,115,688,260,-2.238,0.95721
560,120,688,260,-1.8082,0.91147
560,125,688,260,-1.394,0.84775
560,130,688,260,-0.90637,0.78049
560,135,688,260,-0.45537,0.75747
560,140,688,260,-0.28171,0.76805
560,145,688,260,-0.070871,0.79971
560,150,688,260,0.06596,0.82519
570,25,688,260,-0.12119,0.9587
570,30,688,260,-0.052133,0.96043
570,35,688,260,0.022176,0.96187
570,40,688,260,0.12775,0.96263
570,45,688,260,0.22111,0.9622
570,50,688,260,0.35303,0.96151
570,55,688,260,0.49872,0.96043
570,60,688,260,0.69182,0.95771
570,65,688,260,0.87239,0.9562
570,70,688,260,1.0979,0.95762
570,75,688,260,1.324,0.95797
570,80,688,260,1.6011,0.95752
570,85,688,260,1.9364,0.9618
570,90,688,260,2.2721,0.96357
570,95,688,260,2.5828,0.96577
570,100,688,260,2.9523,0.97053
570,105,688,260,-2.945,0.97326
570,110,688,260,-2.5395,0.968
570,115,688,260,-2.149,0.94396
570,120,688,260,-1.7172,0.88726
570,125,688,260,-1.3065,0.82479
570,130,688,260,-0.82015,0.77722
570,135,688,260,-0.35836,0.78351
570,140,688,260,-0.17518,0.8062
570,145,688,260,0.051769,0.85147
570,150,688,260,0.20027,0.88107
580,25,688,260,-0.12877,0.95725
580,30,688,260,-0.058775,0.95868
580,35,688,260,0.016813,0.95979
580,40,688,260,0.12385,0.96025
580,45,688,260,0.21837,0.9597
580,50,688,260,0.35213,0.95895
580,55,688,260,0.50013,0.95813
580,60,688,260,0.6959,0.95606
580,65,688,260,0.87919,0.95563
580,70,688,260,1.1091,0.95853
580,75,688,260,1.3394,0.96003
580,80,688,260,1.6217,0.96111
580,85,688,260,1.964,0.96554
580,90,688,260,2.3068,0.9696
580,95,688,260,2.6243,0.97157
580,100,688,260,3.0017,0.97433
580,105,688,260,-2.8868,0.97434
580,110,688,260,-2.4755,0.959
580,115,688,260,-2.0797,0.92502
580,120,688,260,-1.6507,0.86398
580,125,688,260,-1.2425,0.809
580,130,688,260,-0.75245,0.78163
580,135,688,260,-0.27551,0.81474
580,140,688,260,-0.081455,0.84679
580,145,688,260,0.16282,0.89772
580,150,688,260,0.32238,0.92496
590,25,688,260,-0.12374,0.95741
590,30,688,260,-0.052639,0.95857
590,35,688,260,0.024138,0.95942
590,40,688,260,0.13278,0.95967
590,45,688,260,0.22873,0.95906
590,50,688,260,0.36445,0.95834
590,55,688,260,0.51474,0.95796
590,60,688,260,0.71361,0.95665
590,65,688,260,0.90012,0.95728
590,70,688,260,1.1345,0.96163
590,75,688,260,1.3693,0.96417
590,80,688,260,1.6573,0.96641
590,85,688,260,2.0068,0.9719
590,90,688,260,2.3572,0.9759
590,95,688,260,2.6827,0.97611
590,100,688,260,3.0687,0.97864
590,105,688,260,-2.8116,0.97181
590,110,688,260,-2.3942,0.94502
590,115,688,260,-1.9972,0.90655
590,120,688,260,-1.5692,0.84433
590,125,688,260,-1.1615,0.80142
590,130,688,260,-0.6632,0.79975
590,135,688,260,-0.16183,0.85883
590,140,688,260,0.046373,0.89511
590,145,688,260,0.31015,0.93996
590,150,688,260,0.48007,0.95528
600,25,688,260,-0.11916,0.9577
600,30,688,260,-0.046974,0.95863
600,35,688,260,0.030967,0.95928
600,40,688,260,0.1412,0.95942
600,45,688,260,0.23856,0.95884
600,50,688,260,0.37625,0.95828
600,55,688,260,0.52886,0.95846
600,60,688,260,0.73097,0.95796
600,65,688,260,0.92084,0.95972
600,70,688,260,1.1598,0.96545
600,75,688,260,1.3992,0.9689
600,80,688,260,1.693,0.97209
600,85,688,260,2.0501,0.97799
600,90,688,260,2.4089,0.98074
600,95,688,260,2.7405,0.97964
600,100,688,260,3.1358,0.9783
600,105,688,260,-2.7377,0.96429
600,110,688,260,-2.3159,0.93089
600,115,688,260,-1.918,0.88871
600,120,688,260,-1.4916,0.83298
600,125,688,260,-1.0814,0.80451
600,130,688,260,-0.56874,0.82873
600,135,688,260,-0.037725,0.90366
600,140,688,260,0.18515,0.93582
600,145,688,260,0.46507,0.96004
600,150,688,260,0.64137,0.95627
