500,5,681,450,-0.2152,0.9573
500,11.5,681,450,-0.2152,0.9573
500,18,681,450,-0.20015,0.95826
500,24.5,681,450,-0.18419,0.95944
500,31,681,450,-0.15784,0.96099
500,37.5,681,450,-0.12727,0.96287
500,44,681,450,-0.088389,0.96522
500,50.5,681,450,-0.034807,0.96799
500,57,681,450,0.044203,0.97135
500,63.5,681,450,0.12168,0.97383
500,70,681,450,0.22866,0.97703
500,76.5,681,450,0.37511,0.97906
500,83,681,450,0.54335,0.97854
500,89.5,681,450,0.76382,0.97695
500,96,681,450,1.024,0.97363
500,102.5,681,450,1.398,0.97147
500,109,681,450,1.8449,0.9747
500,115.5,681,450,2.5742,0.93762
500,122,681,450,-2.1531,0.07599
500,128.5,681,450,2.4829,0.42702
500,135,681,450,3.0759,0.59968
500,141.5,681,450,-2.8046,0.66014
500,148,681,450,-2.483,0.70511
500,154.5,681,450,-2.2052,0.74901
500,161,681,450,-1.9185,0.77672
500,167.5,681,450,-2.1602,0.92557
500,174,681,450,-1.6192,0.88456
500,180.5,681,450,-1.3534,0.88853
500,187,681,450,-1.0616,0.85503
500,193.5,681,450,-0.32419,0.53988
500,200,681,450,-2.1125,0.33412
551,5,681,450,-0.21893,0.95483
551,11.5,681,450,-0.21893,0.95483
551,18,681,450,-0.20227,0.95573
551,24.5,681,450,-0.18442,0.95687
551,31,681,450,-0.15549,0.95802
551,37.5,681,450,-0.1217,0.95952
551,44,681,450,-0.078396,0.96125
551,50.5,681,450,-0.019333,0.96294
551,57,681,450,0.067499,0.9647
551,63.5,681,450,0.15253,0.96605
551,70,681,450,0.2701,0.96718
551,76.5,681,450,0.43119,0.967
551,83,681,450,0.61661,0.9664
551,89.5,681,450,0.86015,0.9662
551,96,681,450,1.1484,0.96861
551,102.5,681,450,1.5598,0.97424
551,109,681,450,2.0375,0.98357
551,115.5,681,450,2.7929,0.9819
551,122,681,450,2.0702,0.20222
551,128.5,681,450,3.1237,0.73816
551,135,681,450,-2.6785,0.8158
551,141.5,681,450,-2.3175,0.86063
551,148,681,450,-2.008,0.89946
551,154.5,681,450,-1.7333,0.93071
551,161,681,450,-1.4434,0.94843
551,167.5,681,450,-1.2647,0.972
551,174,681,450,-0.93187,0.9482
551,180.5,681,450,-0.24262,0.63348
551,187,681,450,-1.7899,0.15737
551,193.5,681,450,-1.2604,0.6314
551,200,681,450,-0.94399,0.73339
602,5,681,450,-0.22949,0.955
602,11.5,681,450,-0.22949,0.955
602,18,681,450,-0.21133,0.95558
602,24.5,681,450,-0.19167,0.95634
602,31,681,450,-0.16043,0.95687
602,37.5,681,450,-0.12372,0.95767
602,44,681,450,-0.076422,0.9585
602,50.5,681,450,-0.012462,0.95921
602,57,681,450,0.081385,0.95999
602,63.5,681,450,0.17341,0.96085
602,70,681,450,0.30134,0.96196
602,76.5,681,450,0.47643,0.96344
602,83,681,450,0.67994,0.96641
602,89.5,681,450,0.94784,0.9714
602,96,681,450,1.2664,0.97793
602,102.5,681,450,1.7131,0.98048
602,109,681,450,2.2083,0.97708
602,115.5,681,450,2.9319,0.98967
602,122,681,450,2.9962,0.84053
602,128.5,681,450,-2.7022,0.92163
602,135,681,450,-2.2767,0.95412
602,141.5,681,450,-1.9195,0.97521
602,148,681,450,-1.6064,0.98656
602,154.5,681,450,-1.3064,0.98713
602,161,681,450,-0.67236,0.83526
602,167.5,681,450,-0.62816,0.94626
602,174,681,450,-1.9934,0.023206
602,180.5,681,450,-0.87625,0.55448
602,187,681,450,-1.1652,0.95741
602,193.5,681,450,-0.66702,0.87839
602,200,681,450,-0.45329,0.87599
653,5,681,450,-0.23367,0.95776
653,11.5,681,450,-0.23367,0.95776
653,18,681,450,-0.21424,0.95799
653,24.5,681,450,-0.19296,0.95832
653,31,681,450,-0.15964,0.95854
653,37.5,681,450,-0.12032,0.95892
653,44,681,450,-0.069365,0.95938
653,50.5,681,450,-0.00079507,0.96007
653,57,681,450,0.10004,0.96146
653,63.5,681,450,0.19907,0.96329
653,70,681,450,0.33777,0.96652
653,76.5,681,450,0.52864,0.97181
653,83,681,450,0.75243,0.97864
653,89.5,681,450,1.0475,0.98672
653,96,681,450,1.3971,0.99035
653,102.5,681,450,1.8745,0.98357
653,109,681,450,2.3813,0.96868
653,115.5,681,450,3.0164,0.96058
653,122,681,450,-2.8798,0.96466
653,128.5,681,450,-2.3894,0.97908
653,135,681,450,-1.9746,0.98469
653,141.5,681,450,-1.6074,0.97924
653,148,681,450,-1.2492,0.97036
653,154.5,681,450,-2.3501,0.013259
653,161,681,450,-0.8922,0.93862
653,167.5,681,450,-1.9022,0.033197
653,174,681,450,-0.62068,0.81847
653,180.5,681,450,0.42357,0.21659
653,187,681,450,-0.47156,0.96097
653,193.5,681,450,-0.16405,0.96133
653,200,681,450,0.070546,0.9406
704,5,681,450,-0.23653,0.96094
704,11.5,681,450,-0.23653,0.96094
704,18,681,450,-0.21594,0.96102
704,24.5,681,450,-0.19324,0.96121
704,31,681,450,-0.15785,0.96167
704,37.5,681,450,-0.11596,0.96227
704,44,681,450,-0.061333,0.96316
704,50.5,681,450,0.012124,0.96482
704,57,681,450,0.12051,0.96786
704,63.5,681,450,0.22738,0.97118
704,70,681,450,0.37814,0.97654
704,76.5,681,450,0.58664,0.98395
704,83,681,450,0.83191,0.99022
704,89.5,681,450,1.1543,0.99408
704,96,681,450,1.5321,0.98905
704,102.5,681,450,2.0379,0.978
704,109,681,450,2.567,0.96772
704,115.5,681,450,3.0871,0.9898
704,122,681,450,-2.6571,0.98147
704,128.5,681,450,-2.1617,0.97729
704,135,681,450,-1.7428,0.96678
704,141.5,681,450,-1.3123,0.94407
704,148,681,450,-1.3053,0.93381
704,154.5,681,450,-0.91763,0.95904
704,161,681,450,-0.59964,0.96593
704,167.5,681,450,-0.37966,0.9792
704,174,681,450,-0.0097097,0.98062
704,180.5,681,450,-0.63764,0.43708
704,187,681,450,0.035146,0.82306
704,193.5,681,450,0.34031,0.83823
704,200,681,450,0.6166,0.7914
755,5,681,450,-0.23848,0.96183
755,11.5,681,450,-0.23848,0.96183
755,18,681,450,-0.21666,0.96217
755,24.5,681,450,-0.1925,0.96264
755,31,681,450,-0.15485,0.96366
755,37.5,681,450,-0.11015,0.96489
755,44,681,450,-0.051481,0.96663
755,50.5,681,450,0.027436,0.96933
755,57,681,450,0.14421,0.97344
755,63.5,681,450,0.25953,0.97722
755,70,681,450,0.42281,0.98238
755,76.5,681,450,0.64935,0.98665
755,83,681,450,0.91427,0.98844
755,89.5,681,450,1.2607,0.98358
755,96,681,450,1.6628,0.97649
755,102.5,681,450,2.2007,0.97091
755,109,681,450,2.7749,0.96719
755,115.5,681,450,-3.1081,0.9814
755,122,681,450,-2.4832,0.9863
755,128.5,681,450,-1.9571,0.96511
755,135,681,450,-1.4688,0.91606
755,141.5,681,450,-1.2929,0.99895
755,148,681,450,-0.90715,0.98803
755,154.5,681,450,-0.57716,0.98918
755,161,681,450,-0.20686,0.97923
755,167.5,681,450,0.058954,0.97526
755,174,681,450,0.57125,0.9228
755,180.5,681,450,0.010354,0.5521
755,187,681,450,0.50605,0.71817
755,193.5,681,450,0.87241,0.67786
755,200,681,450,-0.82015,0.053515
806,5,681,450,-0.24046,0.95968
806,11.5,681,450,-0.24046,0.95968
806,18,681,450,-0.21727,0.96042
806,24.5,681,450,-0.19144,0.96145
806,31,681,450,-0.15126,0.96284
806,37.5,681,450,-0.10344,0.96457
806,44,681,450,-0.040364,0.9668
806,50.5,681,450,0.04429,0.96973
806,57,681,450,0.16964,0.97307
806,63.5,681,450,0.29323,0.97574
806,70,681,450,0.46849,0.97819
806,76.5,681,450,0.71028,0.9777
806,83,681,450,0.99178,0.97488
806,89.5,681,450,1.3594,0.96847
806,96,681,450,1.7857,0.96773
806,102.5,681,450,2.3629,0.97124
806,109,681,450,2.9998,0.95292
806,115.5,681,450,-2.9725,0.99201
806,122,681,450,-2.2892,0.97644
806,128.5,681,450,-1.6599,0.93285
806,135,681,450,-1.571,0.96982
806,141.5,681,450,-1.0024,0.98991
806,148,681,450,-0.59284,0.9779
806,154.5,681,450,-0.20013,0.94572
806,161,681,450,0.33313,0.81508
806,167.5,681,450,0.46679,0.91611
806,174,681,450,1.1695,0.6665
806,180.5,681,450,0.65294,0.75816
806,187,681,450,1.2187,0.79065
806,193.5,681,450,2.4445,0.52267
806,200,681,450,0.87019,0.96315
857,5,681,450,-0.24372,0.95641
857,11.5,681,450,-0.24372,0.95641
857,18,681,450,-0.21904,0.95732
857,24.5,681,450,-0.19125,0.95861
857,31,681,450,-0.14845,0.95995
857,37.5,681,450,-0.097423,0.96163
857,44,681,450,-0.029889,0.96354
857,50.5,681,450,0.060395,0.96549
857,57,681,450,0.19372,0.96741
857,63.5,681,450,0.32446,0.96816
857,70,681,450,0.51012,0.96804
857,76.5,681,450,0.76541,0.96633
857,83,681,450,1.0626,0.96576
857,89.5,681,450,1.4527,0.96681
857,96,681,450,1.9089,0.97469
857,102.5,681,450,2.53,0.97797
857,109,681,450,-3.0594,0.95326
857,115.5,681,450,-2.7668,0.95462
857,122,681,450,-2.0018,0.94484
857,128.5,681,450,-3,0.0079003
857,135,681,450,-1.2529,0.97958
857,141.5,681,450,-0.69899,0.9703
857,148,681,450,-0.2275,0.92593
857,154.5,681,450,0.23485,0.86754
857,161,681,450,0.93261,0.68409
857,167.5,681,450,1.0475,0.72065
857,174,681,450,1.9252,0.25725
857,180.5,681,450,2.1604,0.43198
857,187,681,450,0.5774,0.11488
857,193.5,681,450,0.12266,0.18937
857,200,681,450,1.6427,0.82714
908,5,681,450,-0.24827,0.95475
908,11.5,681,450,-0.24827,0.95475
908,18,681,450,-0.22199,0.95548
908,24.5,681,450,-0.19222,0.95652
908,31,681,450,-0.14698,0.95746
908,37.5,681,450,-0.092896,0.9586
908,44,681,450,-0.021219,0.95974
908,50.5,681,450,0.074077,0.96063
908,57,681,450,0.21443,0.9614
908,63.5,681,450,0.35182,0.96145
908,70,681,450,0.5474,0.96236
908,76.5,681,450,0.81619,0.96384
908,83,681,450,1.1324,0.96951
908,89.5,681,450,1.549,0.97892
908,96,681,450,2.0394,0.98844
908,102.5,681,450,2.7012,0.98002
908,109,681,450,-2.85,0.95616
908,115.5,681,450,-2.4748,0.87478
908,122,681,450,-1.4909,0.73318
908,128.5,681,450,-1.8788,0.76388
908,135,681,450,-0.92687,0.94741
908,141.5,681,450,-0.31279,0.91285
908,148,681,450,0.25627,0.85367
908,154.5,681,450,0.84443,0.77205
908,161,681,450,1.7996,0.80303
908,167.5,681,450,1.9797,0.20156
908,174,681,450,-0.68498,0.002224
908,180.5,681,450,0.8554,0.32186
908,187,681,450,1.9781,0.60406
908,193.5,681,450,1.5432,0.56484
908,200,681,450,2.309,0.71514
959,5,681,450,-0.26015,0.95611
959,11.5,681,450,-0.26015,0.95611
959,18,681,450,-0.23239,0.95669
959,24.5,681,450,-0.20102,0.95698
959,31,681,450,-0.15354,0.95747
959,37.5,681,450,-0.096682,0.95809
959,44,681,450,-0.021231,0.9587
959,50.5,681,450,0.078707,0.95932
959,57,681,450,0.22575,0.9605
959,63.5,681,450,0.37031,0.96208
959,70,681,450,0.57654,0.96551
959,76.5,681,450,0.8617,0.97277
959,83,681,450,1.1996,0.98284
959,89.5,681,450,1.6463,0.99257
959,96,681,450,2.169,0.99052
959,102.5,681,450,2.8635,0.978
959,109,681,450,-2.6444,0.96803
959,115.5,681,450,-2.1257,0.79413
959,122,681,450,-0.7371,0.25928
959,128.5,681,450,-1.4247,0.80583
959,135,681,450,-0.50374,0.85679
959,141.5,681,450,0.22049,0.78807
959,148,681,450,0.94009,0.64561
959,154.5,681,450,1.6562,0.47373
959,161,681,450,2.8039,0.57891
959,167.5,681,450,-0.083022,0.0075574
959,174,681,450,0.72711,0.34008
959,180.5,681,450,1.9378,0.6722
959,187,681,450,2.9383,0.46534
959,193.5,681,450,2.5633,0.85003
959,200,681,450,-3.1364,0.88848
1010,5,681,450,-0.26357,0.95948
1010,11.5,681,450,-0.26357,0.95948
1010,18,681,450,-0.23467,0.9594
1010,24.5,681,450,-0.20193,0.95962
1010,31,681,450,-0.15232,0.95998
1010,37.5,681,450,-0.092856,0.96053
1010,44,681,450,-0.013726,0.96131
1010,50.5,681,450,0.091011,0.96274
1010,57,681,450,0.24556,0.96574
1010,63.5,681,450,0.39795,0.96929
1010,70,681,450,0.61672,0.9755
1010,76.5,681,450,0.92053,0.9847
1010,83,681,450,1.2812,0.99135
1010,89.5,681,450,1.7548,0.99051
1010,96,681,450,2.3021,0.97859
1010,102.5,681,450,3.0274,0.96965
1010,109,681,450,-2.4415,0.98561
1010,115.5,681,450,-1.7368,0.75402
1010,122,681,450,0.0050287,0.030786
1010,128.5,681,450,-0.93179,0.71233
1010,135,681,450,0.046589,0.68979
1010,141.5,681,450,0.8793,0.54794
1010,148,681,450,1.6589,0.36985
1010,154.5,681,450,2.4185,0.22739
1010,161,681,450,-2.5701,0.17437
1010,167.5,681,450,1.5639,0.43913
1010,174,681,450,1.7702,0.4205
1010,180.5,681,450,2.7057,0.66906
1010,187,681,450,2.9167,0.92296
1010,193.5,681,450,-2.6887,0.80794
1010,200,681,450,-2.0953,0.85776
1061,5,681,450,-0.26575,0.96171
1061,11.5,681,450,-0.26575,0.96171
1061,18,681,450,-0.23573,0.96199
1061,24.5,681,450,-0.20151,0.96229
1061,31,681,450,-0.14976,0.96293
1061,37.5,681,450,-0.087582,0.96391
1061,44,681,450,-0.0045346,0.96536
1061,50.5,681,450,0.10555,0.96791
1061,57,681,450,0.2685,0.97231
1061,63.5,681,450,0.42957,0.9765
1061,70,681,450,0.66148,0.98221
1061,76.5,681,450,0.98347,0.98662
1061,83,681,450,1.3632,0.98505
1061,89.5,681,450,1.8577,0.97563
1061,96,681,450,2.4269,0.96888
1061,102.5,681,450,-3.0939,0.97173
1061,109,681,450,-2.2429,0.97177
1061,115.5,681,450,-1.3589,0.78997
1061,122,681,450,0.66646,0.00070298
1061,128.5,681,450,-0.38177,0.59415
1061,135,681,450,0.63149,0.54968
1061,141.5,681,450,1.4814,0.42377
1061,148,681,450,2.3159,0.29118
1061,154.5,681,450,-2.9551,0.066223
1061,161,681,450,1.8646,0.1663
1061,167.5,681,450,3.0278,0.95247
1061,174,681,450,2.6171,0.30583
1061,180.5,681,450,-2.8527,0.62085
1061,187,681,450,-2.5066,0.66258
1061,193.5,681,450,-2.0317,0.69836
1061,200,681,450,-1.0354,0.80523
1112,5,681,450,-0.26768,0.96072
1112,11.5,681,450,-0.26768,0.96072
1112,18,681,450,-0.23625,0.9621
1112,24.5,681,450,-0.20042,0.96275
1112,31,681,450,-0.14634,0.96385
1112,37.5,681,450,-0.081197,0.96532
1112,44,681,450,0.0061425,0.96737
1112,50.5,681,450,0.12197,0.97029
1112,57,681,450,0.29366,0.97418
1112,63.5,681,450,0.46313,0.97701
1112,70,681,450,0.70718,0.9787
1112,76.5,681,450,1.0438,0.97697
1112,83,681,450,1.4385,0.97104
1112,89.5,681,450,1.9521,0.96562
1112,96,681,450,2.5492,0.97281
1112,102.5,681,450,-2.9289,0.97985
1112,109,681,450,-2.0564,0.96085
1112,115.5,681,450,-1.0189,0.89072
1112,122,681,450,-1.7105,0.015221
1112,128.5,681,450,0.16207,0.58084
1112,135,681,450,1.1617,0.56882
1112,141.5,681,450,2.0675,0.48778
1112,148,681,450,-3.108,0.20577
1112,154.5,681,450,1.6159,0.16672
1112,161,681,450,2.976,0.85813
1112,167.5,681,450,-2.4294,0.94924
1112,174,681,450,-2.9637,0.36345
1112,180.5,681,450,-1.4076,0.029211
1112,187,681,450,-2.0027,0.78569
1112,193.5,681,450,-1.4447,0.77756
1112,200,681,450,2.7384,0.10165
1163,5,681,450,-0.27123,0.96116
1163,11.5,681,450,-0.27123,0.96116
1163,18,681,450,-0.23834,0.9619
1163,24.5,681,450,-0.20074,0.96281
1163,31,681,450,-0.14411,0.96417
1163,37.5,681,450,-0.075791,0.96579
1163,44,681,450,0.015985,0.96771
1163,50.5,681,450,0.1375,0.96978
1163,57,681,450,0.31723,0.97159
1163,63.5,681,450,0.49414,0.97232
1163,70,681,450,0.74808,0.97108
1163,76.5,681,450,1.0972,0.96808
1163,83,681,450,1.5075,0.96746
1163,89.5,681,450,2.0456,0.97377
1163,96,681,450,2.6778,0.98595
1163,102.5,681,450,-2.7613,0.9812
1163,109,681,450,-1.8691,0.96649
1163,115.5,681,450,-0.74536,0.97302
1163,122,681,450,-0.90438,0.2073
1163,128.5,681,450,0.66195,0.69774
1163,135,681,450,1.6581,0.73206
1163,141.5,681,450,2.7529,0.54987
1163,148,681,450,1.4725,0.066779
1163,154.5,681,450,2.7538,0.64595
1163,161,681,450,-2.5799,0.74892
1163,167.5,681,450,-2.0466,0.88658
1163,174,681,450,-2.2664,0.67054
1163,180.5,681,450,-2.0974,0.99141
1163,187,681,450,-1.4027,0.94732
1163,193.5,681,450,-0.060117,0.25773
1163,200,681,450,-1.1454,0.79014
1214,5,681,450,-0.27505,0.95817
1214,11.5,681,450,-0.27505,0.95817
1214,18,681,450,-0.24063,0.95905
1214,24.5,681,450,-0.2012,0.95993
1214,31,681,450,-0.142,0.96117
1214,37.5,681,450,-0.070614,0.96251
1214,44,681,450,0.025394,0.96385
1214,50.5,681,450,0.15205,0.96479
1214,57,681,450,0.3388,0.96516
1214,63.5,681,450,0.52232,0.96497
1214,70,681,450,0.78545,0.96498
1214,76.5,681,450,1.1482,0.96666
1214,83,681,450,1.5776,0.97524
1214,89.5,681,450,2.1459,0.98796
1214,96,681,450,2.8129,0.99226
1214,102.5,681,450,-2.594,0.97768
1214,109,681,450,-1.6644,0.97311
1214,115.5,681,450,-0.53935,0.99304
1214,122,681,450,-0.1274,0.66433
1214,128.5,681,450,1.0998,0.87322
1214,135,681,450,2.1292,0.88424
1214,141.5,681,450,-2.3217,0.048134
1214,148,681,450,2.6334,0.64762
1214,154.5,681,450,-2.9559,0.8086
1214,161,681,450,-2.0191,0.57595
1214,167.5,681,450,-1.8133,0.90464
1214,174,681,450,-1.5882,0.96612
1214,180.5,681,450,-1.3402,0.94008
1214,187,681,450,-0.28813,0.80988
1214,193.5,681,450,-1.2497,0.83555
1214,200,681,450,-0.56867,0.79373
1265,5,681,450,-0.27977,0.95746
1265,11.5,681,450,-0.27977,0.95746
1265,18,681,450,-0.24387,0.95816
1265,24.5,681,450,-0.20265,0.95882
1265,31,681,450,-0.14104,0.95959
1265,37.5,681,450,-0.066738,0.96049
1265,44,681,450,0.033159,0.96126
1265,50.5,681,450,0.16449,0.96173
1265,57,681,450,0.35792,0.96249
1265,63.5,681,450,0.54814,0.96397
1265,70,681,450,0.82194,0.96747
1265,76.5,681,450,1.2016,0.97587
1265,83,681,450,1.6546,0.98821
1265,89.5,681,450,2.2536,0.99453
1265,96,681,450,2.9463,0.98284
1265,102.5,681,450,-2.4286,0.97291
1265,109,681,450,-1.4493,0.96478
1265,115.5,681,450,-0.39252,0.9823
1265,122,681,450,0.39944,0.91597
1265,128.5,681,450,1.4524,0.97502
1265,135,681,450,2.6032,0.89075
1265,141.5,681,450,2.3761,0.67316
1265,148,681,450,-3.1047,0.87547
1265,154.5,681,450,-2.5441,0.9402
1265,161,681,450,-0.80978,0.09205
1265,167.5,681,450,-2.4583,0.055976
1265,174,681,450,-1.068,0.96798
1265,180.5,681,450,-0.37623,0.89458
1265,187,681,450,-0.74774,0.58176
1265,193.5,681,450,-0.61453,0.93294
1265,200,681,450,-0.12904,0.91012
1316,5,681,450,-0.29225,0.9596
1316,11.5,681,450,-0.29225,0.9596
1316,18,681,450,-0.25493,0.95999
1316,24.5,681,450,-0.21211,0.96037
1316,31,681,450,-0.14832,0.96073
1316,37.5,681,450,-0.071276,0.96142
1316,44,681,450,0.032343,0.96215
1316,50.5,681,450,0.1684,0.96326
1316,57,681,450,0.36915,0.96589
1316,63.5,681,450,0.56714,0.9697
1316,70,681,450,0.8538,0.97652
1316,76.5,681,450,1.2529,0.98656
1316,83,681,450,1.7289,0.99224
1316,89.5,681,450,2.3515,0.9846
1316,96,681,450,3.066,0.97172
1316,102.5,681,450,-2.2747,0.97246
1316,109,681,450,-1.2498,0.95011
1316,115.5,681,450,-0.26523,0.96817
1316,122,681,450,0.6996,0.97949
1316,128.5,681,450,1.6988,0.99049
1316,135,681,450,1.709,0.42444
1316,141.5,681,450,2.9241,0.92833
1316,148,681,450,-2.7257,0.97477
1316,154.5,681,450,-2.1746,0.97866
1316,161,681,450,-2.4699,0.34827
1316,167.5,681,450,-1.5087,0.97371
1316,174,681,450,-1.0339,0.9936
1316,180.5,681,450,-0.73815,0.79561
1316,187,681,450,0.12095,0.63896
1316,193.5,681,450,-0.083274,0.94966
1316,200,681,450,0.39412,0.94456
1367,5,681,450,-0.29517,0.96283
1367,11.5,681,450,-0.29517,0.96283
1367,18,681,450,-0.25659,0.96307
1367,24.5,681,450,-0.21224,0.9633
1367,31,681,450,-0.14643,0.96373
1367,37.5,681,450,-0.066669,0.96453
1367,44,681,450,0.040808,0.96577
1367,50.5,681,450,0.18206,0.96822
1367,57,681,450,0.39129,0.97268
1367,63.5,681,450,0.59802,0.9772
1367,70,681,450,0.89834,0.98359
1367,76.5,681,450,1.3156,0.98752
1367,83,681,450,1.8095,0.9826
1367,89.5,681,450,2.4503,0.97074
1367,96,681,450,-3.0941,0.97253
1367,102.5,681,450,-2.1086,0.97716
1367,109,681,450,-1.0424,0.95282
1367,115.5,681,450,-0.00363,0.95032
1367,122,681,450,0.90407,0.98341
1367,128.5,681,450,1.8912,0.97903
1367,135,681,450,2.557,0.95428
1367,141.5,681,450,-3.0211,0.97965
1367,148,681,450,-2.3978,0.96119
1367,154.5,681,450,-1.8244,0.90896
1367,161,681,450,-1.831,0.73756
1367,167.5,681,450,-1.3586,0.97922
1367,174,681,450,-0.6181,0.9858
1367,180.5,681,450,-0.084195,0.98833
1367,187,681,450,1.9264,0.0028018
1367,193.5,681,450,0.45716,0.77019
1367,200,681,450,1.2418,0.46337
1418,5,681,450,-0.29695,0.96443
1418,11.5,681,450,-0.29695,0.96443
1418,18,681,450,-0.25718,0.96463
1418,24.5,681,450,-0.21127,0.9651
1418,31,681,450,-0.14324,0.96608
1418,37.5,681,450,-0.060641,0.9672
1418,44,681,450,0.051027,0.96903
1418,50.5,681,450,0.19802,0.97197
1418,57,681,450,0.41611,0.97633
1418,63.5,681,450,0.63161,0.97936
1418,70,681,450,0.94407,0.98117
1418,76.5,681,450,1.3756,0.97754
1418,83,681,450,1.883,0.9702
1418,89.5,681,450,2.5435,0.96978
1418,96,681,450,-2.9672,0.98463
1418,102.5,681,450,-1.9395,0.98207
1418,109,681,450,-0.84518,0.97273
1418,115.5,681,450,-1.2354,0.024177
1418,122,681,450,1.0764,0.97648
1418,128.5,681,450,1.0116,0.22246
1418,135,681,450,2.8279,0.9828
1418,141.5,681,450,-2.7399,0.95971
1418,148,681,450,-2.0848,0.9077
1418,154.5,681,450,-1.335,0.78068
1418,161,681,450,-1.3069,0.9029
1418,167.5,681,450,-0.98272,0.96057
1418,174,681,450,-0.18306,0.97342
1418,180.5,681,450,0.45492,0.95604
1418,187,681,450,-0.012317,0.30249
1418,193.5,681,450,1.0007,0.64217
1418,200,681,450,0.54667,0.91978
1469,5,681,450,-0.2989,0.96289
1469,11.5,681,450,-0.2989,0.96289
1469,18,681,450,-0.25776,0.96327
1469,24.5,681,450,-0.21025,0.96406
1469,31,681,450,-0.13964,0.9657
1469,37.5,681,450,-0.054043,0.96713
1469,44,681,450,0.062012,0.96907
1469,50.5,681,450,0.21477,0.97145
1469,57,681,450,0.4411,0.9737
1469,63.5,681,450,0.66406,0.97412
1469,70,681,450,0.9864,0.97202
1469,76.5,681,450,1.4295,0.96735
1469,83,681,450,1.952,0.96849
1469,89.5,681,450,2.6403,0.98139
1469,96,681,450,-2.8332,0.99153
1469,102.5,681,450,-1.7719,0.97666
1469,109,681,450,-0.63247,0.98297
1469,115.5,681,450,-0.4068,0.67958
1469,122,681,450,1.2816,0.96883
1469,128.5,681,450,2.1502,1.003
1469,135,681,450,3.0701,0.97618
1469,141.5,681,450,-2.4433,0.92742
1469,148,681,450,-1.5666,0.81918
1469,154.5,681,450,-2.003,0.5799
1469,161,681,450,-1.0662,0.91743
1469,167.5,681,450,-0.5541,0.88281
1469,174,681,450,-0.53666,0.80903
1469,180.5,681,450,0.97833,0.84945
1469,187,681,450,0.89644,0.73606
1469,193.5,681,450,-3.14,0.071569
1469,200,681,450,1.4264,0.93208
