500,25,682,260,-0.12551,0.96314
500,30,682,260,-0.063787,0.96628
500,35,682,260,0.0017304,0.96969
500,40,682,260,0.096536,0.97322
500,45,682,260,0.18092,0.975
500,50,682,260,0.30012,0.97694
500,55,682,260,0.43119,0.97771
500,60,682,260,0.60694,0.97571
500,65,682,260,0.77114,0.97215
500,70,682,260,0.97342,0.96749
500,75,682,260,1.1761,0.96265
500,80,682,260,1.4247,0.95501
500,85,682,260,1.7207,0.94803
500,90,682,260,2.0157,0.93778
500,95,682,260,2.2888,0.9305
500,100,682,260,2.6091,0.9176
500,105,682,260,2.9384,0.91139
500,110,682,260,-3.0088,0.91589
500,115,682,260,-2.6796,0.93048
500,120,682,260,-2.3049,0.9567
500,125,682,260,-1.9163,0.96969
500,130,682,260,-1.4168,0.93842
500,135,682,260,-0.94181,0.8506
500,140,682,260,-0.76832,0.80778
500,145,682,260,-0.57053,0.7563
500,150,682,260,-0.45372,0.73084
510,25,682,260,-0.13431,0.96161
510,30,682,260,-0.071493,0.96465
510,35,682,260,-0.0044499,0.96781
510,40,682,260,0.092118,0.9709
510,45,682,260,0.1779,0.97228
510,50,682,260,0.29926,0.97365
510,55,682,260,0.4329,0.97373
510,60,682,260,0.6114,0.97105
510,65,682,260,0.77805,0.96722
510,70,682,260,0.98409,0.96278
510,75,682,260,1.1904,0.95834
510,80,682,260,1.4432,0.9511
510,85,682,260,1.7455,0.94567
510,90,682,260,2.0456,0.93667
510,95,682,260,2.3232,0.93195
510,100,682,260,2.6505,0.92197
510,105,682,260,2.9859,0.91931
510,110,682,260,-2.9517,0.92964
510,115,682,260,-2.6116,0.94582
510,120,682,260,-2.222,0.9671
510,125,682,260,-1.8223,0.96411
510,130,682,260,-1.3193,0.90673
510,135,682,260,-0.85224,0.80954
510,140,682,260,-0.68346,0.77061
510,145,682,260,-0.49169,0.72937
510,150,682,260,-0.37715,0.71185
520,25,682,260,-0.12813,0.96152
520,30,682,260,-0.064017,0.9644
520,35,682,260,0.0044244,0.96733
520,40,682,260,0.10289,0.97
520,45,682,260,0.19032,0.97098
520,50,682,260,0.31389,0.97187
520,55,682,260,0.44992,0.97147
520,60,682,260,0.63153,0.9683
520,65,682,260,0.8011,0.96439
520,70,682,260,1.0108,0.96056
520,75,682,260,1.2209,0.95653
520,80,682,260,1.4782,0.95031
520,85,682,260,1.7868,0.94618
520,90,682,260,2.093,0.94054
520,95,682,260,2.3774,0.93697
520,100,682,260,2.7106,0.93104
520,105,682,260,3.0554,0.93315
520,110,682,260,-2.8712,0.9473
520,115,682,260,-2.5192,0.96111
520,120,682,260,-2.1153,0.97031
520,125,682,260,-1.7069,0.94731
520,130,682,260,-1.2055,0.86987
520,135,682,260,-0.74797,0.7765
520,140,682,260,-0.58275,0.74647
520,145,682,260,-0.39388,0.71991
520,150,682,260,-0.27871,0.71213
530,25,682,260,-0.136,0.95995
530,30,682,260,-0.070828,0.96261
530,35,682,260,-0.00092909,0.96519
530,40,682,260,0.099207,0.96737
530,45,682,260,0.18796,0.96795
530,50,682,260,0.31356,0.96831
530,55,682,260,0.45203,0.96746
530,60,682,260,0.63629,0.96401
530,65,682,260,0.80841,0.96038
530,70,682,260,1.0219,0.95732
530,75,682,260,1.2357,0.95411
530,80,682,260,1.4976,0.94896
530,85,682,260,1.8114,0.947
530,90,682,260,2.1248,0.94229
530,95,682,260,2.4147,0.94052
530,100,682,260,2.7551,0.93948
530,105,682,260,3.1077,0.94405
530,110,682,260,-2.8083,0.95753
530,115,682,260,-2.4451,0.96729
530,120,682,260,-2.0313,0.96116
530,125,682,260,-1.6189,0.92088
530,130,682,260,-1.1217,0.83477
530,135,682,260,-0.67215,0.75377
530,140,682,260,-0.50823,0.7336
530,145,682,260,-0.31927,0.72253
530,150,682,260,-0.20185,0.72432
540,25,682,260,-0.13062,0.95981
540,30,682,260,-0.064208,0.96224
540,35,682,260,0.0070312,0.96452
540,40,682,260,0.10897,0.96627
540,45,682,260,0.19928,0.9665
540,50,682,260,0.32699,0.96647
540,55,682,260,0.46775,0.96538
540,60,682,260,0.65503,0.96183
540,65,682,260,0.83008,0.95856
540,70,682,260,1.0473,0.95663
540,75,682,260,1.2652,0.95427
540,80,682,260,1.5318,0.95034
540,85,682,260,1.853,0.94997
540,90,682,260,2.1723,0.94801
540,95,682,260,2.4686,0.94893
540,100,682,260,2.8174,0.95058
540,105,682,260,-3.1033,0.95638
540,110,682,260,-2.7233,0.96769
540,115,682,260,-2.3503,0.96949
540,120,682,260,-1.9279,0.94468
540,125,682,260,-1.5151,0.88984
540,130,682,260,-1.0247,0.80654
540,135,682,260,-0.57882,0.74656
540,140,682,260,-0.41375,0.73854
540,145,682,260,-0.21924,0.7453
540,150,682,260,-0.096384,0.75729
550,25,682,260,-0.11973,0.95969
550,30,682,260,-0.052092,0.96186
550,35,682,260,0.020462,0.96383
550,40,682,260,0.12417,0.96518
550,45,682,260,0.21601,0.96511
550,50,682,260,0.34579,0.96479
550,55,682,260,0.48884,0.96363
550,60,682,260,0.67913,0.96019
550,65,682,260,0.85715,0.95748
550,70,682,260,1.0784,0.95685
550,75,682,260,1.3003,0.95547
550,80,682,260,1.5721,0.953
550,85,682,260,1.9001,0.95433
550,90,682,260,2.2271,0.95544
550,95,682,260,2.5303,0.95615
550,100,682,260,2.8874,0.95983
550,105,682,260,-3.0228,0.96651
550,110,682,260,-2.6323,0.97278
550,115,682,260,-2.2505,0.96336
550,120,682,260,-1.8238,0.92223
550,125,682,260,-1.4126,0.86026
550,130,682,260,-0.92687,0.7873
550,135,682,260,-0.48029,0.75317
550,140,682,260,-0.31022,0.75832
550,145,682,260,-0.10589,0.78287
550,150,682,260,0.025834,0.80443
560,25,682,260,-0.12832,0.95818
560,30,682,260,-0.059702,0.96006
560,35,682,260,0.014198,0.96165
560,40,682,260,0.11943,0.96258
560,45,682,260,0.21248,0.96225
560,50,682,260,0.34415,0.96165
560,55,682,260,0.48954,0.96049
560,60,682,260,0.68246,0.95743
560,65,682,260,0.86308,0.95558
560,70,682,260,1.0886,0.95636
560,75,682,260,1.3146,0.95619
560,80,682,260,1.5914,0.95521
560,85,682,260,1.9259,0.95828
560,90,682,260,2.2601,0.95962
560,95,682,260,2.5693,0.96174
560,100,682,260,2.9359,0.96689
560,105,682,260,-2.9661,0.97203
560,110,682,260,-2.5657,0.9699
560,115,682,260,-2.179,0.94872
560,120,682,260,-1.7503,0.89592
560,125,682,260,-1.3417,0.83331
560,130,682,260,-0.85967,0.77631
560,135,682,260,-0.40651,0.7688
560,140,682,260,-0.22973,0.78561
560,145,682,260,-0.012561,0.82495
560,150,682,260,0.12874,0.85281
570,25,682,260,-0.12339,0.95823
570,30,682,260,-0.053606,0.95983
570,35,682,260,0.021539,0.96113
570,40,682,260,0.12845,0.96174
570,45,682,260,0.22297,0.96124
570,50,682,260,0.35664,0.96051
570,55,682,260,0.50432,0.95956
570,60,682,260,0.70044,0.95707
570,65,682,260,0.88405,0.9561
570,70,682,260,1.1138,0.95839
570,75,682,260,1.3442,0.95933
570,80,682,260,1.6264,0.95974
570,85,682,260,1.9684,0.96431
570,90,682,260,2.3099,0.96714
570,95,682,260,2.6271,0.97021
570,100,682,260,3.0022,0.97477
570,105,682,260,-2.8896,0.97407
570,110,682,260,-2.4808,0.96268
570,115,682,260,-2.0892,0.93316
570,120,682,260,-1.662,0.87266
570,125,682,260,-1.256,0.81393
570,130,682,260,-0.7723,0.77901
570,135,682,260,-0.30495,0.80107
570,140,682,260,-0.11702,0.82904
570,145,682,260,0.1182,0.87857
570,150,682,260,0.27156,0.90721
580,25,682,260,-0.13112,0.95683
580,30,682,260,-0.060406,0.95813
580,35,682,260,0.016018,0.9591
580,40,682,260,0.12439,0.95945
580,45,682,260,0.2201,0.95887
580,50,682,260,0.35563,0.95814
580,55,682,260,0.50567,0.95755
580,60,682,260,0.70454,0.95582
580,65,682,260,0.891,0.956
580,70,682,260,1.1254,0.95979
580,75,682,260,1.3601,0.96186
580,80,682,260,1.6477,0.96367
580,85,682,260,1.9968,0.96821
580,90,682,260,2.3465,0.97186
580,95,682,260,2.6699,0.97279
580,100,682,260,3.0535,0.9762
580,105,682,260,-2.8312,0.97113
580,110,682,260,-2.4169,0.95087
580,115,682,260,-2.0225,0.91261
580,120,682,260,-1.597,0.85111
580,125,682,260,-1.1924,0.80254
580,130,682,260,-0.70278,0.78957
580,135,682,260,-0.2168,0.83696
580,140,682,260,-0.016745,0.87202
580,145,682,260,0.23628,0.92144
580,150,682,260,0.40031,0.94328
590,25,682,260,-0.12609,0.95707
590,30,682,260,-0.054271,0.9581
590,35,682,260,0.023343,0.95884
590,40,682,260,0.13333,0.95902
590,45,682,260,0.23048,0.95842
590,50,682,260,0.36802,0.95778
590,55,682,260,0.52041,0.95771
590,60,682,260,0.72249,0.95683
590,65,682,260,0.91231,0.95814
590,70,682,260,1.1513,0.96335
590,75,682,260,1.3907,0.9664
590,80,682,260,1.6842,0.96926
590,85,682,260,2.0408,0.9746
590,90,682,260,2.3986,0.97832
590,95,682,260,2.7284,0.97801
590,100,682,260,3.1208,0.97719
590,105,682,260,-2.7554,0.96735
590,110,682,260,-2.3363,0.93524
590,115,682,260,-1.9396,0.89428
590,120,682,260,-1.5164,0.8348
590,125,682,260,-1.1114,0.80133
590,130,682,260,-0.60972,0.81372
590,135,682,260,-0.096003,0.8831
590,140,682,260,0.11862,0.91806
590,145,682,260,0.38995,0.95358
590,150,682,260,0.5625,0.95915
600,25,682,260,-0.12152,0.95744
600,30,682,260,-0.048613,0.95826
600,35,682,260,0.030173,0.95882
600,40,682,260,0.14177,0.95894
600,45,682,260,0.24036,0.95842
600,50,682,260,0.37991,0.95801
600,55,682,260,0.5347,0.95858
600,60,682,260,0.74013,0.95857
600,65,682,260,0.93344,0.96102
600,70,682,260,1.1773,0.96753
600,75,682,260,1.4215,0.97141
600,80,682,260,1.7209,0.97506
600,85,682,260,2.0853,0.98037
600,90,682,260,2.4506,0.98183
600,95,682,260,2.7878,0.98092
600,100,682,260,-3.095,0.97629
600,105,682,260,-2.6809,0.95794
600,110,682,260,-2.2584,0.91895
600,115,682,260,-1.8613,0.87768
600,120,682,260,-1.4389,0.82739
600,125,682,260,-1.0298,0.81001
600,130,682,260,-0.51025,0.84766
600,135,682,260,0.035057,0.92529
600,140,682,260,0.2635,0.95065
600,145,682,260,0.548,0.95868
600,150,682,260,0.72408,0.94379
