500,25,604,260,-0.15792,0.95705
500,30,604,260,-0.085519,0.959
500,35,604,260,-0.0076299,0.96069
500,40,604,260,0.10748,0.96172
500,45,604,260,0.20972,0.96132
500,50,604,260,0.35573,0.9608
500,55,604,260,0.51679,0.96004
500,60,604,260,0.73834,0.95729
500,65,604,260,0.94827,0.95634
500,70,604,260,1.2139,0.95957
500,75,604,260,1.4797,0.96022
500,80,604,260,1.8011,0.95956
500,85,604,260,2.1873,0.96221
500,90,604,260,2.5712,0.966
500,95,604,260,2.9149,0.96609
500,100,604,260,-2.9833,0.97195
500,105,604,260,-2.5965,0.9695
500,110,604,260,-2.2,0.94568
500,115,604,260,-1.8395,0.90936
500,120,604,260,-1.4549,0.84458
500,125,604,260,-1.1047,0.79876
500,130,604,260,-0.67963,0.77896
500,135,604,260,-0.25317,0.8049
500,140,604,260,-0.085928,0.83002
500,145,604,260,0.12855,0.87385
500,150,604,260,0.26298,0.90146
510,25,604,260,-0.16926,0.95555
510,30,604,260,-0.09577,0.95715
510,35,604,260,-0.016332,0.95843
510,40,604,260,0.10056,0.9591
510,45,604,260,0.20426,0.95859
510,50,604,260,0.35263,0.95802
510,55,604,260,0.51672,0.95765
510,60,604,260,0.74194,0.95592
510,65,604,260,0.9557,0.95646
510,70,604,260,1.2277,0.96146
510,75,604,260,1.4993,0.96334
510,80,604,260,1.8279,0.96386
510,85,604,260,2.2231,0.96709
510,90,604,260,2.6163,0.969
510,95,604,260,2.9681,0.97089
510,100,604,260,-2.9213,0.97018
510,105,604,260,-2.5253,0.96061
510,110,604,260,-2.1248,0.92509
510,115,604,260,-1.7633,0.88432
510,120,604,260,-1.3821,0.82267
510,125,604,260,-1.0331,0.78695
510,130,604,260,-0.60113,0.79234
510,135,604,260,-0.15568,0.84445
510,140,604,260,0.02433,0.87452
510,145,604,260,0.25711,0.92201
510,150,604,260,0.40089,0.93803
520,25,604,260,-0.16311,0.9562
520,30,604,260,-0.088299,0.9575
520,35,604,260,-0.0074158,0.9585
520,40,604,260,0.11152,0.95895
520,45,604,260,0.21704,0.95842
520,50,604,260,0.36798,0.95795
520,55,604,260,0.5351,0.9582
520,60,604,260,0.76464,0.95751
520,65,604,260,0.983,0.9595
520,70,604,260,1.2614,0.96617
520,75,604,260,1.5394,0.96908
520,80,604,260,1.8754,0.97076
520,85,604,260,2.2808,0.97431
520,90,604,260,2.6838,0.97662
520,95,604,260,3.0447,0.97497
520,100,604,260,-2.8348,0.96722
520,105,604,260,-2.4325,0.94687
520,110,604,260,-2.0293,0.90329
520,115,604,260,-1.6664,0.86318
520,120,604,260,-1.2884,0.81338
520,125,604,260,-0.93678,0.79523
520,130,604,260,-0.48813,0.82548
520,135,604,260,-0.013001,0.89512
520,140,604,260,0.18246,0.92672
520,145,604,260,0.43456,0.95435
520,150,604,260,0.58574,0.95817
530,25,604,260,-0.17304,0.95498
530,30,604,260,-0.097203,0.95597
530,35,604,260,-0.014847,0.95668
530,40,604,260,0.10584,0.95701
530,45,604,260,0.21283,0.95661
530,50,604,260,0.36614,0.95644
530,55,604,260,0.53644,0.95747
530,60,604,260,0.76995,0.95814
530,65,604,260,0.99256,0.96182
530,70,604,260,1.2778,0.96947
530,75,604,260,1.562,0.97297
530,80,604,260,1.9055,0.97517
530,85,604,260,2.3196,0.97683
530,90,604,260,2.7322,0.97737
530,95,604,260,3.1004,0.9716
530,100,604,260,-2.7708,0.95944
530,105,604,260,-2.3636,0.93019
530,110,604,260,-1.9617,0.88266
530,115,604,260,-1.5973,0.84545
530,120,604,260,-1.2198,0.8079
530,125,604,260,-0.86263,0.80936
530,130,604,260,-0.39662,0.85992
530,135,604,260,0.11053,0.93434
530,140,604,260,0.31789,0.95322
530,145,604,260,0.58063,0.95342
530,150,604,260,0.73475,0.93854
540,25,604,260,-0.16777,0.9559
540,30,604,260,-0.090674,0.95665
540,35,604,260,-0.0069264,0.95719
540,40,604,260,0.11577,0.95752
540,45,604,260,0.2246,0.9573
540,50,604,260,0.38053,0.95751
540,55,604,260,0.55406,0.95942
540,60,604,260,0.79218,0.96137
540,65,604,260,1.0198,0.96637
540,70,604,260,1.3118,0.97495
540,75,604,260,1.6026,0.97886
540,80,604,260,1.954,0.98087
540,85,604,260,2.378,0.98133
540,90,604,260,2.7999,0.97583
540,95,604,260,-3.1074,0.96756
540,100,604,260,-2.6883,0.9485
540,105,604,260,-2.277,0.91418
540,110,604,260,-1.8741,0.86689
540,115,604,260,-1.5105,0.83816
540,120,604,260,-1.1285,0.82093
540,125,604,260,-0.75674,0.83795
540,130,604,260,-0.26315,0.90416
540,135,604,260,0.27527,0.95767
540,140,604,260,0.49013,0.95487
540,145,604,260,0.75474,0.9225
540,150,604,260,0.91012,0.88769
550,25,604,260,-0.15419,0.95703
550,30,604,260,-0.075864,0.95758
550,35,604,260,0.009262,0.95802
550,40,604,260,0.13397,0.95846
550,45,604,260,0.24466,0.95852
550,50,604,260,0.40325,0.95922
550,55,604,260,0.5801,0.96206
550,60,604,260,0.82301,0.96527
550,65,604,260,1.0558,0.9714
550,70,604,260,1.3548,0.98041
550,75,604,260,1.6522,0.98423
550,80,604,260,2.0116,0.98576
550,85,604,260,2.4449,0.98371
550,90,604,260,2.8755,0.97522
550,95,604,260,-3.0244,0.96219
550,100,604,260,-2.601,0.93494
550,105,604,260,-2.1848,0.90149
550,110,604,260,-1.7816,0.85839
550,115,604,260,-1.4137,0.84166
550,120,604,260,-1.022,0.84185
550,125,604,260,-0.63514,0.87675
550,130,604,260,-0.11323,0.94064
550,135,604,260,0.4494,0.95379
550,140,604,260,0.6675,0.92532
550,145,604,260,0.92603,0.86816
550,150,604,260,1.0725,0.83478
560,25,604,260,-0.16502,0.95618
560,30,604,260,-0.085749,0.95659
560,35,604,260,0.00078801,0.95697
560,40,604,260,0.12727,0.95767
560,45,604,260,0.23952,0.95815
560,50,604,260,0.40068,0.95951
560,55,604,260,0.58105,0.96336
560,60,604,260,0.8285,0.96788
560,65,604,260,1.066,0.97478
560,70,604,260,1.3721,0.98337
560,75,604,260,1.6758,0.98638
560,80,604,260,2.0426,0.98657
560,85,604,260,2.4843,0.9799
560,90,604,260,2.9224,0.96914
560,95,604,260,-2.9733,0.95074
560,100,604,260,-2.544,0.92014
560,105,604,260,-2.1266,0.8888
560,110,604,260,-1.7217,0.85357
560,115,604,260,-1.3488,0.84639
560,120,604,260,-0.9457,0.86553
560,125,604,260,-0.54273,0.91197
560,130,604,260,0.0045581,0.95869
560,135,604,260,0.57877,0.92318
560,140,604,260,0.79226,0.88101
560,145,604,260,1.0404,0.81615
560,150,604,260,1.1837,0.78149
570,25,604,260,-0.15986,0.95753
570,30,604,260,-0.079385,0.95785
570,35,604,260,0.008523,0.95827
570,40,604,260,0.13707,0.95928
570,45,604,260,0.25127,0.96018
570,50,604,260,0.41525,0.96216
570,55,604,260,0.5992,0.96692
570,60,604,260,0.85174,0.97271
570,65,604,260,1.0947,0.97983
570,70,604,260,1.4077,0.98763
570,75,604,260,1.7179,0.98965
570,80,604,260,2.0923,0.98773
570,85,604,260,2.5425,0.97767
570,90,604,260,2.9875,0.9608
570,95,604,260,-2.9018,0.94222
570,100,604,260,-2.4696,0.90898
570,105,604,260,-2.0492,0.88035
570,110,604,260,-1.6378,0.86111
570,115,604,260,-1.2562,0.86434
570,120,604,260,-0.83663,0.90044
570,125,604,260,-0.4116,0.94275
570,130,604,260,0.15657,0.95898
570,135,604,260,0.72847,0.8781
570,140,604,260,0.93514,0.82938
570,145,604,260,1.1699,0.76801
570,150,604,260,1.3092,0.74318
580,25,604,260,-0.16912,0.95696
580,30,604,260,-0.087714,0.95729
580,35,604,260,0.0016105,0.95786
580,40,604,260,0.13201,0.95933
580,45,604,260,0.24789,0.96075
580,50,604,260,0.41458,0.96349
580,55,604,260,0.6023,0.96907
580,60,604,260,0.85972,0.97567
580,65,604,260,1.1076,0.9827
580,70,604,260,1.4274,0.98889
580,75,604,260,1.7437,0.98922
580,80,604,260,2.1247,0.98507
580,85,604,260,2.5816,0.9724
580,90,604,260,3.0328,0.95284
580,95,604,260,-2.8525,0.93305
580,100,604,260,-2.4167,0.89945
580,105,604,260,-1.9915,0.87811
580,110,604,260,-1.5756,0.86723
580,115,604,260,-1.1828,0.88663
580,120,604,260,-0.74662,0.92596
580,125,604,260,-0.30168,0.96227
580,130,604,260,0.27566,0.93469
580,135,604,260,0.83722,0.82905
580,140,604,260,1.0356,0.78411
580,145,604,260,1.2621,0.73637
580,150,604,260,1.397,0.72395
590,25,604,260,-0.16343,0.9584
590,30,604,260,-0.080817,0.95878
590,35,604,260,0.0099099,0.95953
590,40,604,260,0.14247,0.96146
590,45,604,260,0.26041,0.96336
590,50,604,260,0.43008,0.96672
590,55,604,260,0.62159,0.97297
590,60,604,260,0.8843,0.98003
590,65,604,260,1.1376,0.98663
590,70,604,260,1.4641,0.99092
590,75,604,260,1.7864,0.98951
590,80,604,260,2.1745,0.98283
590,85,604,260,2.6389,0.96725
590,90,604,260,3.0969,0.94629
590,95,604,260,-2.784,0.92507
590,100,604,260,-2.3438,0.89709
590,105,604,260,-1.9139,0.88056
590,110,604,260,-1.4886,0.88752
590,115,604,260,-1.0812,0.9132
590,120,604,260,-0.62362,0.95229
590,125,604,260,-0.16278,0.96258
590,130,604,260,0.41584,0.8992
590,135,604,260,0.96083,0.78898
590,140,604,260,1.1539,0.75308
590,145,604,260,1.376,0.72685
590,150,604,260,1.5107,0.72776
600,25,604,260,-0.15822,0.95992
600,30,604,260,-0.074415,0.9604
600,35,604,260,0.017727,0.96138
600,40,604,260,0.15248,0.96379
600,45,604,260,0.27254,0.96614
600,50,604,260,0.44526,0.97004
600,55,604,260,0.64062,0.97673
600,60,604,260,0.90875,0.98398
600,65,604,260,1.1674,0.98972
600,70,604,260,1.5002,0.99174
600,75,604,260,1.8284,0.98843
600,80,604,260,2.2231,0.97917
600,85,604,260,2.6944,0.96132
600,90,604,260,-3.1252,0.93871
600,95,604,260,-2.7177,0.92154
600,100,604,260,-2.2739,0.8977
600,105,604,260,-1.8345,0.89209
600,110,604,260,-1.3962,0.90979
600,115,604,260,-0.97369,0.93649
600,120,604,260,-0.49566,0.96584
600,125,604,260,-0.026433,0.9481
600,130,604,260,0.54432,0.85706
600,135,604,260,1.075,0.76274
600,140,604,260,1.2657,0.74163
600,145,604,260,1.4881,0.73877
600,150,604,260,1.6295,0.74414
