500,25,699,260,-0.12055,0.96437
500,30,699,260,-0.060806,0.96755
500,35,699,260,0.0024272,0.97112
500,40,699,260,0.093601,0.97504
500,45,699,260,0.1748,0.97729
500,50,699,260,0.28936,0.97986
500,55,699,260,0.41532,0.98149
500,60,699,260,0.58361,0.98057
500,65,699,260,0.74073,0.9778
500,70,699,260,0.93375,0.97347
500,75,699,260,1.1272,0.96874
500,80,699,260,1.365,0.96116
500,85,699,260,1.6476,0.95214
500,90,699,260,1.9298,0.94181
500,95,699,260,2.1915,0.93317
500,100,699,260,2.5038,0.91491
500,105,699,260,2.8234,0.90391
500,110,699,260,-3.1337,0.89751
500,115,699,260,-2.8155,0.90508
500,120,699,260,-2.4563,0.92779
500,125,699,260,-2.0803,0.95557
500,130,699,260,-1.5854,0.9637
500,135,699,260,-1.0986,0.907
500,140,699,260,-0.9152,0.8663
500,145,699,260,-0.70387,0.80734
500,150,699,260,-0.57983,0.77392
510,25,699,260,-0.12895,0.96302
510,30,699,260,-0.068135,0.96616
510,35,699,260,-0.003402,0.96957
510,40,699,260,0.089519,0.97314
510,45,699,260,0.17212,0.97502
510,50,699,260,0.28882,0.97706
510,55,699,260,0.41736,0.97794
510,60,699,260,0.58839,0.97619
510,65,699,260,0.74792,0.97289
510,70,699,260,0.94452,0.96838
510,75,699,260,1.1413,0.96365
510,80,699,260,1.3832,0.95624
510,85,699,260,1.671,0.94915
510,90,699,260,1.9579,0.93916
510,95,699,260,2.2244,0.93069
510,100,699,260,2.5412,0.91607
510,105,699,260,2.8675,0.90766
510,110,699,260,-3.0827,0.90846
510,115,699,260,-2.755,0.92071
510,120,699,260,-2.3813,0.94643
510,125,699,260,-1.9906,0.9674
510,130,699,260,-1.4838,0.94741
510,135,699,260,-0.99848,0.86514
510,140,699,260,-0.81967,0.82124
510,145,699,260,-0.6165,0.76545
510,150,699,260,-0.49614,0.73714
520,25,699,260,-0.12277,0.96301
520,30,699,260,-0.060691,0.96606
520,35,699,260,0.0054223,0.96929
520,40,699,260,0.10022,0.9725
520,45,699,260,0.18446,0.974
520,50,699,260,0.30335,0.97554
520,55,699,260,0.43425,0.97585
520,60,699,260,0.60833,0.97343
520,65,699,260,0.77067,0.96977
520,70,699,260,0.97068,0.96543
520,75,699,260,1.1711,0.96091
520,80,699,260,1.4172,0.95361
520,85,699,260,1.7107,0.948
520,90,699,260,2.0036,0.93965
520,95,699,260,2.2753,0.93404
520,100,699,260,2.5976,0.9215
520,105,699,260,2.9317,0.91798
520,110,699,260,-3.0093,0.92541
520,115,699,260,-2.6704,0.94048
520,120,699,260,-2.2811,0.96373
520,125,699,260,-1.8764,0.96904
520,130,699,260,-1.3632,0.92001
520,135,699,260,-0.88493,0.82353
520,140,699,260,-0.7112,0.78202
520,145,699,260,-0.51472,0.73644
520,150,699,260,-0.39681,0.71566
530,25,699,260,-0.13025,0.96153
530,30,699,260,-0.067111,0.96443
530,35,699,260,0.00045565,0.96737
530,40,699,260,0.096932,0.97012
530,45,699,260,0.1825,0.97121
530,50,699,260,0.30342,0.97221
530,55,699,260,0.43674,0.97192
530,60,699,260,0.6134,0.96897
530,65,699,260,0.77811,0.96542
530,70,699,260,0.98165,0.96129
530,75,699,260,1.1855,0.95718
530,80,699,260,1.4357,0.95087
530,85,699,260,1.7343,0.94571
530,90,699,260,2.0325,0.93994
530,95,699,260,2.3102,0.93531
530,100,699,260,2.6381,0.92648
530,105,699,260,2.979,0.92763
530,110,699,260,-2.9518,0.93887
530,115,699,260,-2.6025,0.95344
530,120,699,260,-2.1999,0.96996
530,125,699,260,-1.7855,0.9566
530,130,699,260,-1.2714,0.88602
530,135,699,260,-0.80205,0.78706
530,140,699,260,-0.63218,0.75232
530,145,699,260,-0.44008,0.71916
530,150,699,260,-0.3229,0.70694
540,25,699,260,-0.12482,0.96139
540,30,699,260,-0.060446,0.96411
540,35,699,260,0.0084539,0.96679
540,40,699,260,0.10672,0.96911
540,45,699,260,0.19384,0.96982
540,50,699,260,0.31684,0.97035
540,55,699,260,0.45241,0.96966
540,60,699,260,0.63199,0.96634
540,65,699,260,0.79945,0.96283
540,70,699,260,1.0065,0.95939
540,75,699,260,1.214,0.95594
540,80,699,260,1.4686,0.95017
540,85,699,260,1.7734,0.94772
540,90,699,260,2.0776,0.9438
540,95,699,260,2.3602,0.94047
540,100,699,260,2.6961,0.93544
540,105,699,260,3.0452,0.93983
540,110,699,260,-2.8749,0.95381
540,115,699,260,-2.5134,0.96573
540,120,699,260,-2.0976,0.96817
540,125,699,260,-1.677,0.93579
540,130,699,260,-1.1663,0.85126
540,135,699,260,-0.70562,0.7617
540,140,699,260,-0.5383,0.73689
540,145,699,260,-0.34651,0.71953
540,150,699,260,-0.22762,0.71777
550,25,699,260,-0.11426,0.9612
550,30,699,260,-0.048669,0.9637
550,35,699,260,0.021542,0.9661
550,40,699,260,0.12156,0.968
550,45,699,260,0.2102,0.96838
550,50,699,260,0.33523,0.96852
550,55,699,260,0.473,0.96755
550,60,699,260,0.65546,0.96405
550,65,699,260,0.82569,0.96078
550,70,699,260,1.0363,0.9583
550,75,699,260,1.2475,0.95559
550,80,699,260,1.5067,0.95099
550,85,699,260,1.8177,0.95036
550,90,699,260,2.1287,0.94778
550,95,699,260,2.4177,0.94747
550,100,699,260,2.7601,0.94678
550,105,699,260,3.1192,0.95223
550,110,699,260,-2.7894,0.96542
550,115,699,260,-2.4172,0.97052
550,120,699,260,-1.9914,0.9571
550,125,699,260,-1.5685,0.90812
550,130,699,260,-1.0635,0.81994
550,135,699,260,-0.60879,0.74898
550,140,699,260,-0.44104,0.73582
550,145,699,260,-0.24577,0.73579
550,150,699,260,-0.12221,0.74426
560,25,699,260,-0.1224,0.95969
560,30,699,260,-0.055816,0.96192
560,35,699,260,0.015749,0.96395
560,40,699,260,0.1173,0.96539
560,45,699,260,0.20715,0.96543
560,50,699,260,0.33405,0.96516
560,55,699,260,0.4741,0.96396
560,60,699,260,0.65903,0.96051
560,65,699,260,0.83162,0.95778
560,70,699,260,1.046,0.95644
560,75,699,260,1.2609,0.95469
560,80,699,260,1.5246,0.95171
560,85,699,260,1.8416,0.9524
560,90,699,260,2.1585,0.95245
560,95,699,260,2.454,0.95189
560,100,699,260,2.8037,0.95429
560,105,699,260,-3.112,0.96105
560,110,699,260,-2.7265,0.97035
560,115,699,260,-2.3449,0.96804
560,120,699,260,-1.9135,0.93715
560,125,699,260,-1.491,0.87832
560,130,699,260,-0.99231,0.79551
560,135,699,260,-0.53979,0.74626
560,140,699,260,-0.36937,0.74473
560,145,699,260,-0.16743,0.76124
560,150,699,260,-0.037389,0.77929
570,25,699,260,-0.11741,0.95962
570,30,699,260,-0.049662,0.96158
570,35,699,260,0.023148,0.9633
570,40,699,260,0.12636,0.96435
570,45,699,260,0.21766,0.96412
570,50,699,260,0.34651,0.96359
570,55,699,260,0.48873,0.96237
570,60,699,260,0.67659,0.95938
570,65,699,260,0.85195,0.95703
570,70,699,260,1.0701,0.95698
570,75,699,260,1.289,0.95628
570,80,699,260,1.5575,0.95438
570,85,699,260,1.8811,0.95719
570,90,699,260,2.2053,0.9593
570,95,699,260,2.5065,0.96033
570,100,699,260,2.8663,0.96362
570,105,699,260,-3.04,0.96958
570,110,699,260,-2.6446,0.97305
570,115,699,260,-2.2554,0.95912
570,120,699,260,-1.8207,0.91483
570,125,699,260,-1.4005,0.85039
570,130,699,260,-0.90544,0.78118
570,135,699,260,-0.44883,0.75953
570,140,699,260,-0.27217,0.77107
570,145,699,260,-0.057725,0.8044
570,150,699,260,0.08202,0.83076
580,25,699,260,-0.12472,0.95812
580,30,699,260,-0.056021,0.9598
580,35,699,260,0.018072,0.96117
580,40,699,260,0.12274,0.96187
580,45,699,260,0.21519,0.96145
580,50,699,260,0.34583,0.96074
580,55,699,260,0.49028,0.95963
580,60,699,260,0.68068,0.95708
580,65,699,260,0.85856,0.95565
580,70,699,260,1.0808,0.95699
580,75,699,260,1.3036,0.95742
580,80,699,260,1.5769,0.95713
580,85,699,260,1.9073,0.96083
580,90,699,260,2.2383,0.96309
580,95,699,260,2.5462,0.9661
580,100,699,260,2.9133,0.96897
580,105,699,260,-2.9843,0.97185
580,110,699,260,-2.5799,0.96973
580,115,699,260,-2.186,0.94608
580,120,699,260,-1.7504,0.88908
580,125,699,260,-1.3326,0.82694
580,130,699,260,-0.83921,0.77589
580,135,699,260,-0.37372,0.78064
580,140,699,260,-0.18866,0.80353
580,145,699,260,0.040209,0.84946
580,150,699,260,0.19065,0.8797
590,25,699,260,-0.11968,0.95815
590,30,699,260,-0.049873,0.95955
590,35,699,260,0.025406,0.96064
590,40,699,260,0.13167,0.96106
590,45,699,260,0.22551,0.9605
590,50,699,260,0.35807,0.95972
590,55,699,260,0.50471,0.95889
590,60,699,260,0.69803,0.95692
590,65,699,260,0.87892,0.95642
590,70,699,260,1.1053,0.95921
590,75,699,260,1.3322,0.9607
590,80,699,260,1.6109,0.96172
590,85,699,260,1.9481,0.96658
590,90,699,260,2.287,0.96967
590,95,699,260,2.6015,0.97109
590,100,699,260,2.9772,0.97612
590,105,699,260,-2.9109,0.97496
590,110,699,260,-2.4989,0.96032
590,115,699,260,-2.1004,0.92904
590,120,699,260,-1.6665,0.86671
590,125,699,260,-1.2514,0.81092
590,130,699,260,-0.75427,0.78331
590,135,699,260,-0.27134,0.81697
590,140,699,260,-0.074126,0.84952
590,145,699,260,0.17374,0.90101
590,150,699,260,0.3362,0.92817
600,25,699,260,-0.11507,0.95829
600,30,699,260,-0.044186,0.95944
600,35,699,260,0.032249,0.9603
600,40,699,260,0.14007,0.96053
600,45,699,260,0.23529,0.95991
600,50,699,260,0.36975,0.95917
600,55,699,260,0.51859,0.95876
600,60,699,260,0.71498,0.95749
600,65,699,260,0.89899,0.95803
600,70,699,260,1.1297,0.96224
600,75,699,260,1.3609,0.96477
600,80,699,260,1.645,0.96693
600,85,699,260,1.9893,0.97269
600,90,699,260,2.3354,0.9759
600,95,699,260,2.6573,0.97687
600,100,699,260,3.042,0.98024
600,105,699,260,-2.8389,0.97357
600,110,699,260,-2.4202,0.94873
600,115,699,260,-2.0196,0.91111
600,120,699,260,-1.5863,0.84848
600,125,699,260,-1.1722,0.80362
600,130,699,260,-0.6665,0.80087
600,135,699,260,-0.15977,0.86036
600,140,699,260,0.051561,0.8971
600,145,699,260,0.31864,0.94207
600,150,699,260,0.49132,0.95685
