500,5,647,450,-0.23316,0.95447
500,11.5,647,450,-0.23316,0.95447
500,18,647,450,-0.21713,0.95544
500,24.5,647,450,-0.1999,0.95651
500,31,647,450,-0.17126,0.95772
500,37.5,647,450,-0.1376,0.95918
500,44,647,450,-0.094442,0.96095
500,50.5,647,450,-0.033993,0.96225
500,57,647,450,0.057196,0.96252
500,63.5,647,450,0.14855,0.9607
500,70,647,450,0.27642,0.95718
500,76.5,647,450,0.45782,0.94869
500,83,647,450,0.67558,0.93684
500,89.5,647,450,0.97209,0.9216
500,96,647,450,1.3431,0.90536
500,102.5,647,450,1.9264,0.88784
500,109,647,450,2.8061,0.40702
500,115.5,647,450,2.7029,0.37949
500,122,647,450,-3.1302,0.46339
500,128.5,647,450,-2.6484,0.5498
500,135,647,450,-2.2889,0.59853
500,141.5,647,450,-2.0032,0.62736
500,148,647,450,-1.7663,0.63465
500,154.5,647,450,-1.5735,0.68015
500,161,647,450,-1.2891,0.6462
500,167.5,647,450,-1.0898,0.48132
500,174,647,450,-1.1707,0.31319
500,180.5,647,450,-1.2997,0.42159
500,187,647,450,-1.1747,0.59533
500,193.5,647,450,-0.99337,0.68338
500,200,647,450,-0.82037,0.71967
551,5,647,450,-0.23835,0.95351
551,11.5,647,450,-0.23835,0.95351
551,18,647,450,-0.22069,0.95421
551,24.5,647,450,-0.20145,0.9549
551,31,647,450,-0.17016,0.95548
551,37.5,647,450,-0.13315,0.95628
551,44,647,450,-0.085367,0.95715
551,50.5,647,450,-0.019146,0.95723
551,57,647,450,0.080517,0.956
551,63.5,647,450,0.18023,0.95291
551,70,647,450,0.32054,0.94874
551,76.5,647,450,0.52,0.94051
551,83,647,450,0.76078,0.93096
551,89.5,647,450,1.0884,0.91902
551,96,647,450,1.4942,0.90583
551,102.5,647,450,2.099,0.89165
551,109,647,450,2.8321,0.34693
551,115.5,647,450,3.0139,0.60547
551,122,647,450,-2.7878,0.70375
551,128.5,647,450,-2.3206,0.79032
551,135,647,450,-1.9321,0.837
551,141.5,647,450,-1.5968,0.8263
551,148,647,450,-1.3268,0.77177
551,154.5,647,450,-1.0176,0.68314
551,161,647,450,-0.9131,0.28546
551,167.5,647,450,-1.0808,0.36494
551,174,647,450,-1.1514,0.38159
551,180.5,647,450,-0.92234,0.74939
551,187,647,450,-0.71192,0.79312
551,193.5,647,450,-0.52193,0.79653
551,200,647,450,-0.33592,0.78822
602,5,647,450,-0.25044,0.95605
602,11.5,647,450,-0.25044,0.95605
602,18,647,450,-0.23131,0.95626
602,24.5,647,450,-0.21036,0.95638
602,31,647,450,-0.17676,0.95643
602,37.5,647,450,-0.13677,0.95659
602,44,647,450,-0.084829,0.95676
602,50.5,647,450,-0.013346,0.95633
602,57,647,450,0.094292,0.95513
602,63.5,647,450,0.2022,0.95241
602,70,647,450,0.35529,0.94951
602,76.5,647,450,0.5733,0.94457
602,83,647,450,0.8388,0.93884
602,89.5,647,450,1.1981,0.92868
602,96,647,450,1.6337,0.91023
602,102.5,647,450,2.2387,0.88983
602,109,647,450,2.72,0.62831
602,115.5,647,450,-2.9433,0.84633
602,122,647,450,-2.4431,0.88539
602,128.5,647,450,-1.9736,0.87315
602,135,647,450,-1.607,0.76716
602,141.5,647,450,-1.3839,0.71043
602,148,647,450,-1.1171,0.74343
602,154.5,647,450,-0.74505,0.57574
602,161,647,450,-0.95103,0.48711
602,167.5,647,450,-0.79936,0.39979
602,174,647,450,-0.87133,0.74741
602,180.5,647,450,-0.50913,0.92793
602,187,647,450,-0.3041,0.94073
602,193.5,647,450,-0.10382,0.94001
602,200,647,450,0.090895,0.90461
653,5,647,450,-0.25392,0.95982
653,11.5,647,450,-0.25392,0.95982
653,18,647,450,-0.23352,0.95982
653,24.5,647,450,-0.21108,0.95965
653,31,647,450,-0.17529,0.95975
653,37.5,647,450,-0.13252,0.95988
653,44,647,450,-0.076573,0.96019
653,50.5,647,450,0.00023918,0.96046
653,57,647,450,0.11629,0.96067
653,63.5,647,450,0.23304,0.95952
653,70,647,450,0.39994,0.95895
653,76.5,647,450,0.63874,0.95661
653,83,647,450,0.93039,0.951
653,89.5,647,450,1.3219,0.93849
653,96,647,450,1.7846,0.91514
653,102.5,647,450,2.3955,0.8968
653,109,647,450,2.9959,0.89519
653,115.5,647,450,-2.6622,0.89385
653,122,647,450,-2.1709,0.85959
653,128.5,647,450,-1.7739,0.71126
653,135,647,450,-1.5193,0.75091
653,141.5,647,450,-1.2143,0.80939
653,148,647,450,-0.91711,0.79736
653,154.5,647,450,-0.68692,0.64426
653,161,647,450,-0.37462,0.64504
653,167.5,647,450,-0.49433,0.37984
653,174,647,450,-0.36305,0.76691
653,180.5,647,450,-0.023508,0.87567
653,187,647,450,0.20392,0.85024
653,193.5,647,450,0.39157,0.71194
653,200,647,450,0.50573,0.83756
704,5,647,450,-0.25609,0.96138
704,11.5,647,450,-0.25609,0.96138
704,18,647,450,-0.23446,0.9616
704,24.5,647,450,-0.21049,0.96177
704,31,647,450,-0.17234,0.96242
704,37.5,647,450,-0.12662,0.96312
704,44,647,450,-0.066367,0.96425
704,50.5,647,450,0.016348,0.9657
704,57,647,450,0.14176,0.9674
704,63.5,647,450,0.26817,0.9671
704,70,647,450,0.44992,0.9669
704,76.5,647,450,0.71016,0.96281
704,83,647,450,1.0265,0.95259
704,89.5,647,450,1.4486,0.93493
704,96,647,450,1.9409,0.91194
704,102.5,647,450,2.5936,0.8908
704,109,647,450,-3.1065,0.87983
704,115.5,647,450,-2.4677,0.8345
704,122,647,450,-2.0076,0.75251
704,128.5,647,450,-1.6962,0.82792
704,135,647,450,-1.268,0.8901
704,141.5,647,450,-0.90143,0.84743
704,148,647,450,-0.58162,0.73062
704,154.5,647,450,-0.37538,0.87277
704,161,647,450,0.15943,0.41162
704,167.5,647,450,-0.21468,0.34648
704,174,647,450,0.10155,0.59709
704,180.5,647,450,0.47385,0.53972
704,187,647,450,0.5545,0.33461
704,193.5,647,450,0.51021,0.66771
704,200,647,450,0.84105,0.88967
755,5,647,450,-0.25864,0.95939
755,11.5,647,450,-0.25864,0.95939
755,18,647,450,-0.2356,0.96
755,24.5,647,450,-0.20983,0.96078
755,31,647,450,-0.16901,0.96198
755,37.5,647,450,-0.11999,0.96331
755,44,647,450,-0.054989,0.96511
755,50.5,647,450,0.034117,0.96698
755,57,647,450,0.16926,0.96843
755,63.5,647,450,0.30544,0.96725
755,70,647,450,0.50127,0.96489
755,76.5,647,450,0.78099,0.9568
755,83,647,450,1.1202,0.94224
755,89.5,647,450,1.5704,0.92268
755,96,647,450,2.0974,0.90448
755,102.5,647,450,2.8336,0.84618
755,109,647,450,-2.9743,0.84788
755,115.5,647,450,-2.3113,0.76829
755,122,647,450,-1.9397,0.80563
755,128.5,647,450,-1.3797,0.86897
755,135,647,450,-0.92926,0.7693
755,141.5,647,450,-0.53933,0.60943
755,148,647,450,-0.28761,0.41598
755,154.5,647,450,-0.061805,0.79524
755,161,647,450,0.38459,0.20378
755,167.5,647,450,0.15299,0.40725
755,174,647,450,0.64597,0.4428
755,180.5,647,450,0.86095,0.19451
755,187,647,450,0.40652,0.45218
755,193.5,647,450,0.96888,0.89063
755,200,647,450,1.3527,0.95051
806,5,647,450,-0.26261,0.9557
806,11.5,647,450,-0.26261,0.9557
806,18,647,450,-0.23796,0.9566
806,24.5,647,450,-0.21012,0.95764
806,31,647,450,-0.16647,0.9589
806,37.5,647,450,-0.11396,0.9603
806,44,647,450,-0.044059,0.96197
806,50.5,647,450,0.0513,0.96319
806,57,647,450,0.19557,0.96287
806,63.5,647,450,0.34065,0.95979
806,70,647,450,0.54904,0.95504
806,76.5,647,450,0.84591,0.94512
806,83,647,450,1.2061,0.93204
806,89.5,647,450,1.6864,0.91801
806,96,647,450,2.2528,0.89922
806,102.5,647,450,3.0824,0.79336
806,109,647,450,-2.8063,0.82356
806,115.5,647,450,-2.1044,0.65368
806,122,647,450,-1.6635,0.79364
806,128.5,647,450,-1.0844,0.67799
806,135,647,450,-0.62114,0.54898
806,141.5,647,450,-0.23127,0.38958
806,148,647,450,0.0045434,0.25594
806,154.5,647,450,0.4155,0.48782
806,161,647,450,0.42948,0.14889
806,167.5,647,450,1.033,0.308
806,174,647,450,0.99655,0.16223
806,180.5,647,450,0.70524,0.12369
806,187,647,450,1.0754,0.58985
806,193.5,647,450,1.6253,0.72521
806,200,647,450,2.0239,0.66814
857,5,647,450,-0.26799,0.95377
857,11.5,647,450,-0.26799,0.95377
857,18,647,450,-0.2417,0.95469
857,24.5,647,450,-0.21183,0.95531
857,31,647,450,-0.16546,0.95608
857,37.5,647,450,-0.10959,0.95699
857,44,647,450,-0.035068,0.9579
857,50.5,647,450,0.066017,0.95788
857,57,647,450,0.21836,0.95612
857,63.5,647,450,0.37131,0.95267
857,70,647,450,0.59183,0.9484
857,76.5,647,450,0.90636,0.94193
857,83,647,450,1.2902,0.93554
857,89.5,647,450,1.8042,0.92575
857,96,647,450,2.4107,0.9046
857,102.5,647,450,-2.9601,0.78533
857,109,647,450,-2.5509,0.78166
857,115.5,647,450,-2.089,0.45547
857,122,647,450,-1.4376,0.66293
857,128.5,647,450,-0.79699,0.52664
857,135,647,450,-0.25007,0.41408
857,141.5,647,450,0.3067,0.28955
857,148,647,450,1.0307,0.1327
857,154.5,647,450,0.20462,0.047775
857,161,647,450,0.3865,0.089857
857,167.5,647,450,0.93786,0.21191
857,174,647,450,1.5786,0.23683
857,180.5,647,450,1.2241,0.19148
857,187,647,450,1.8312,0.45697
857,193.5,647,450,2.3356,0.45666
857,200,647,450,2.6008,0.22464
908,5,647,450,-0.2733,0.95545
908,11.5,647,450,-0.2733,0.95545
908,18,647,450,-0.24551,0.95594
908,24.5,647,450,-0.2139,0.95594
908,31,647,450,-0.16509,0.95614
908,37.5,647,450,-0.10617,0.95648
908,44,647,450,-0.027434,0.95678
908,50.5,647,450,0.078908,0.95643
908,57,647,450,0.23914,0.95521
908,63.5,647,450,0.40036,0.9533
908,70,647,450,0.63397,0.9521
908,76.5,647,450,0.96852,0.94985
908,83,647,450,1.3797,0.9465
908,89.5,647,450,1.9288,0.93632
908,96,647,450,2.5741,0.90926
908,102.5,647,450,-2.7274,0.82292
908,109,647,450,-2.1793,0.66353
908,115.5,647,450,-1.9216,0.50284
908,122,647,450,-1.1601,0.58882
908,128.5,647,450,-0.35725,0.45948
908,135,647,450,0.48256,0.32333
908,141.5,647,450,1.5739,0.1321
908,148,647,450,-2.749,0.037372
908,154.5,647,450,0.066808,0.20241
908,161,647,450,0.7109,0.23437
908,167.5,647,450,1.6542,0.32849
908,174,647,450,2.3228,0.25258
908,180.5,647,450,2.1786,0.38019
908,187,647,450,2.7975,0.51329
908,193.5,647,450,-2.8359,0.39073
908,200,647,450,3.0593,0.10042
959,5,647,450,-0.28565,0.95902
959,11.5,647,450,-0.28565,0.95902
959,18,647,450,-0.25641,0.95907
959,24.5,647,450,-0.22336,0.95901
959,31,647,450,-0.17235,0.95906
959,37.5,647,450,-0.11058,0.95926
959,44,647,450,-0.027778,0.95968
959,50.5,647,450,0.083965,0.96014
959,57,647,450,0.25296,0.96096
959,63.5,647,450,0.42326,0.96099
959,70,647,450,0.67173,0.96212
959,76.5,647,450,1.0285,0.96149
959,83,647,450,1.4672,0.9531
959,89.5,647,450,2.0497,0.93572
959,96,647,450,2.7268,0.9094
959,102.5,647,450,-2.5178,0.86835
959,109,647,450,-1.7454,0.51344
959,115.5,647,450,-1.6079,0.4993
959,122,647,450,-0.72459,0.53836
959,128.5,647,450,0.40574,0.37444
959,135,647,450,1.6371,0.14614
959,141.5,647,450,-3.0817,0.018228
959,148,647,450,-0.51704,0.016076
959,154.5,647,450,1.2811,0.2094
959,161,647,450,1.6379,0.19655
959,167.5,647,450,2.4265,0.38794
959,174,647,450,2.9385,0.3688
959,180.5,647,450,-2.8532,0.59904
959,187,647,450,-2.2962,0.57177
959,193.5,647,450,-1.2414,0.14245
959,200,647,450,2.7296,0.069223
1010,5,647,450,-0.2879,0.96114
1010,11.5,647,450,-0.2879,0.96114
1010,18,647,450,-0.25761,0.96146
1010,24.5,647,450,-0.22283,0.96173
1010,31,647,450,-0.16955,0.96217
1010,37.5,647,450,-0.10483,0.96278
1010,44,647,450,-0.017703,0.9639
1010,50.5,647,450,0.10003,0.96548
1010,57,647,450,0.27866,0.96756
1010,63.5,647,450,0.45902,0.96807
1010,70,647,450,0.723,0.96803
1010,76.5,647,450,1.1013,0.96173
1010,83,647,450,1.5628,0.94566
1010,89.5,647,450,2.1724,0.92252
1010,96,647,450,2.8855,0.90194
1010,102.5,647,450,-2.3393,0.87023
1010,109,647,450,-1.3237,0.43339
1010,115.5,647,450,-1.1365,0.47696
1010,122,647,450,-0.069035,0.44108
1010,128.5,647,450,1.2846,0.22821
1010,135,647,450,2.4975,0.036837
1010,141.5,647,450,1.0057,0.019115
1010,148,647,450,1.8977,0.12173
1010,154.5,647,450,2.7461,0.40056
1010,161,647,450,2.7051,0.10464
1010,167.5,647,450,-3.0153,0.41541
1010,174,647,450,-2.6753,0.46742
1010,180.5,647,450,-2.0785,0.57914
1010,187,647,450,-1.4519,0.4868
1010,193.5,647,450,-1.1895,0.001604
1010,200,647,450,-2.3444,0.34309
1061,5,647,450,-0.29012,0.9602
1061,11.5,647,450,-0.29012,0.9602
1061,18,647,450,-0.25828,0.96089
1061,24.5,647,450,-0.2218,0.96153
1061,31,647,450,-0.16593,0.96258
1061,37.5,647,450,-0.098004,0.96376
1061,44,647,450,-0.0061531,0.96543
1061,50.5,647,450,0.11799,0.96726
1061,57,647,450,0.30647,0.96854
1061,63.5,647,450,0.49645,0.96719
1061,70,647,450,0.77439,0.96314
1061,76.5,647,450,1.17,0.95114
1061,83,647,450,1.6509,0.93384
1061,89.5,647,450,2.289,0.91811
1061,96,647,450,3.0387,0.9019
1061,102.5,647,450,-2.1866,0.86242
1061,109,647,450,-0.94082,0.45562
1061,115.5,647,450,-0.58079,0.43824
1061,122,647,450,0.57529,0.33385
1061,128.5,647,450,1.8384,0.14229
1061,135,647,450,1.6056,0.043714
1061,141.5,647,450,2.142,0.26941
1061,148,647,450,2.9564,0.36946
1061,154.5,647,450,-2.7202,0.57201
1061,161,647,450,-2.8982,0.13938
1061,167.5,647,450,-2.3988,0.31481
1061,174,647,450,-2.1711,0.62839
1061,180.5,647,450,-1.5455,0.61553
1061,187,647,450,-0.93928,0.18067
1061,193.5,647,450,-1.7805,0.42245
1061,200,647,450,-1.1628,0.67628
1112,5,647,450,-0.29396,0.95705
1112,11.5,647,450,-0.29396,0.95705
1112,18,647,450,-0.26021,0.95772
1112,24.5,647,450,-0.22185,0.95864
1112,31,647,450,-0.16317,0.95992
1112,37.5,647,450,-0.091826,0.96126
1112,44,647,450,0.004856,0.96282
1112,50.5,647,450,0.13522,0.96378
1112,57,647,450,0.33262,0.96289
1112,63.5,647,450,0.53106,0.95909
1112,70,647,450,0.82047,0.95294
1112,76.5,647,450,1.2321,0.94157
1112,83,647,450,1.7343,0.93249
1112,89.5,647,450,2.4062,0.92552
1112,96,647,450,-3.0894,0.90819
1112,102.5,647,450,-2.0306,0.87831
1112,109,647,450,-0.60025,0.49856
1112,115.5,647,450,-0.10499,0.44328
1112,122,647,450,1.0409,0.33808
1112,128.5,647,450,1.8404,0.12922
1112,135,647,450,2.1179,0.30907
1112,141.5,647,450,2.8517,0.46117
1112,148,647,450,-2.8557,0.41476
1112,154.5,647,450,-2.3981,0.64766
1112,161,647,450,-2.4063,0.43999
1112,167.5,647,450,-2.0866,0.5009
1112,174,647,450,-1.5562,0.75424
1112,180.5,647,450,-1.1419,0.37967
1112,187,647,450,-1.2184,0.57831
1112,193.5,647,450,-0.78805,0.74237
1112,200,647,450,-0.24693,0.68462
1163,5,647,450,-0.29968,0.95704
1163,11.5,647,450,-0.29968,0.95704
1163,18,647,450,-0.26475,0.95787
1163,24.5,647,450,-0.22442,0.95876
1163,31,647,450,-0.16294,0.95962
1163,37.5,647,450,-0.088213,0.96055
1163,44,647,450,0.013037,0.96139
1163,50.5,647,450,0.14901,0.96119
1163,57,647,450,0.35432,0.95904
1163,63.5,647,450,0.56063,0.95508
1163,70,647,450,0.86147,0.95124
1163,76.5,647,450,1.2916,0.94646
1163,83,647,450,1.821,0.94403
1163,89.5,647,450,2.5296,0.93572
1163,96,647,450,-2.9316,0.91303
1163,102.5,647,450,-1.8336,0.885
1163,109,647,450,-0.37176,0.46601
1163,115.5,647,450,0.25771,0.56258
1163,122,647,450,1.4283,0.42593
1163,128.5,647,450,1.9379,0.30933
1163,135,647,450,2.5919,0.49141
1163,141.5,647,450,-3.1106,0.55793
1163,148,647,450,-2.6486,0.53506
1163,154.5,647,450,-2.1935,0.80365
1163,161,647,450,-1.7661,0.84438
1163,167.5,647,450,-1.3876,0.75488
1163,174,647,450,-0.97676,0.38248
1163,180.5,647,450,-1.1363,0.41867
1163,187,647,450,-0.72313,0.77074
1163,193.5,647,450,-0.29611,0.79019
1163,200,647,450,0.19973,0.39992
1214,5,647,450,-0.30534,0.95738
1214,11.5,647,450,-0.30534,0.95738
1214,18,647,450,-0.26881,0.95798
1214,24.5,647,450,-0.22662,0.9586
1214,31,647,450,-0.16265,0.95887
1214,37.5,647,450,-0.084774,0.95932
1214,44,647,450,0.020711,0.95968
1214,50.5,647,450,0.16193,0.9593
1214,57,647,450,0.3751,0.95817
1214,63.5,647,450,0.58989,0.95629
1214,70,647,450,0.90436,0.95665
1214,76.5,647,450,1.3559,0.95761
1214,83,647,450,1.9149,0.95311
1214,89.5,647,450,2.6572,0.93535
1214,96,647,450,-2.7706,0.909
1214,102.5,647,450,-1.5903,0.84943
1214,109,647,450,-0.40631,0.41009
1214,115.5,647,450,0.60771,0.76908
1214,122,647,450,1.7552,0.40685
1214,128.5,647,450,2.1952,0.49331
1214,135,647,450,2.8598,0.65455
1214,141.5,647,450,-2.8498,0.76029
1214,148,647,450,-2.3236,0.74061
1214,154.5,647,450,-1.8656,0.85142
1214,161,647,450,-1.3972,0.78279
1214,167.5,647,450,-0.82713,0.5597
1214,174,647,450,-0.92513,0.46965
1214,180.5,647,450,-0.83316,0.77907
1214,187,647,450,-0.32773,0.91296
1214,193.5,647,450,0.095926,0.90827
1214,200,647,450,0.44717,0.85172
1265,5,647,450,-0.30979,0.96056
1265,11.5,647,450,-0.30979,0.96056
1265,18,647,450,-0.27183,0.96088
1265,24.5,647,450,-0.22793,0.96116
1265,31,647,450,-0.16172,0.96119
1265,37.5,647,450,-0.080931,0.96143
1265,44,647,450,0.028703,0.96192
1265,50.5,647,450,0.17539,0.96245
1265,57,647,450,0.39739,0.96352
1265,63.5,647,450,0.62166,0.96376
1265,70,647,450,0.95182,0.96594
1265,76.5,647,450,1.4268,0.96437
1265,83,647,450,2.011,0.95062
1265,89.5,647,450,2.7815,0.92594
1265,96,647,450,-2.6128,0.90269
1265,102.5,647,450,-1.3436,0.77057
1265,109,647,450,-0.41031,0.76934
1265,115.5,647,450,0.9323,0.85705
1265,122,647,450,1.7399,0.37878
1265,128.5,647,450,2.4253,0.70934
1265,135,647,450,-3.127,0.85296
1265,141.5,647,450,-2.484,0.81577
1265,148,647,450,-2.0736,0.64213
1265,154.5,647,450,-1.7311,0.61933
1265,161,647,450,-1.1473,0.91189
1265,167.5,647,450,-0.86035,0.54803
1265,174,647,450,-0.3333,0.58459
1265,180.5,647,450,-0.30297,0.84852
1265,187,647,450,0.17401,0.90308
1265,193.5,647,450,0.52219,0.84588
1265,200,647,450,0.917,0.84089
1316,5,647,450,-0.32194,0.9637
1316,11.5,647,450,-0.32194,0.9637
1316,18,647,450,-0.2827,0.96382
1316,24.5,647,450,-0.23716,0.96408
1316,31,647,450,-0.16868,0.96445
1316,37.5,647,450,-0.084958,0.96492
1316,44,647,450,0.029053,0.966
1316,50.5,647,450,0.18181,0.9676
1316,57,647,450,0.41365,0.96981
1316,63.5,647,450,0.64831,0.9705
1316,70,647,450,0.99406,0.96925
1316,76.5,647,450,1.4891,0.95925
1316,83,647,450,2.0928,0.93877
1316,89.5,647,450,2.8896,0.91997
1316,96,647,450,-2.4691,0.90114
1316,102.5,647,450,-1.1325,0.73929
1316,109,647,450,-0.16824,0.90362
1316,115.5,647,450,1.1458,0.7956
1316,122,647,450,1.7942,0.67509
1316,128.5,647,450,2.7214,0.87822
1316,135,647,450,-2.8011,0.79906
1316,141.5,647,450,-2.2909,0.5783
1316,148,647,450,-1.9276,0.78371
1316,154.5,647,450,-1.4058,0.58539
1316,161,647,450,-0.8635,0.93584
1316,167.5,647,450,-0.30929,0.87609
1316,174,647,450,0.31396,0.33857
1316,180.5,647,450,0.22388,0.62528
1316,187,647,450,0.67197,0.42653
1316,193.5,647,450,0.75078,0.82048
1316,200,647,450,1.2817,0.88045
1367,5,647,450,-0.32379,0.96384
1367,11.5,647,450,-0.32379,0.96384
1367,18,647,450,-0.28322,0.96409
1367,24.5,647,450,-0.23604,0.96457
1367,31,647,450,-0.16499,0.96557
1367,37.5,647,450,-0.078113,0.96656
1367,44,647,450,0.040601,0.96806
1367,50.5,647,450,0.19979,0.96992
1367,57,647,450,0.44146,0.97044
1367,63.5,647,450,0.68577,0.96852
1367,70,647,450,1.0446,0.9627
1367,76.5,647,450,1.5551,0.94778
1367,83,647,450,2.1781,0.9336
1367,89.5,647,450,3.0066,0.92493
1367,96,647,450,-2.3127,0.90691
1367,102.5,647,450,-0.90198,0.78362
1367,109,647,450,-0.015276,0.86472
1367,115.5,647,450,1.2323,0.70743
1367,122,647,450,2.094,0.89028
1367,128.5,647,450,3.022,0.78414
1367,135,647,450,-2.5954,0.57384
1367,141.5,647,450,-2.2531,0.68277
1367,148,647,450,-1.4976,0.77612
1367,154.5,647,450,-1.1123,0.33578
1367,161,647,450,-0.47269,0.61191
1367,167.5,647,450,0.17496,0.70619
1367,174,647,450,0.50965,0.14019
1367,180.5,647,450,0.76583,0.38932
1367,187,647,450,0.42716,0.25876
1367,193.5,647,450,1.2162,0.93893
1367,200,647,450,1.7476,0.95356
1418,5,647,450,-0.32652,0.96099
1418,11.5,647,450,-0.32652,0.96099
1418,18,647,450,-0.28456,0.96165
1418,24.5,647,450,-0.23554,0.96235
1418,31,647,450,-0.16169,0.96351
1418,37.5,647,450,-0.071461,0.96477
1418,44,647,450,0.052026,0.96612
1418,50.5,647,450,0.21738,0.96684
1418,57,647,450,0.46778,0.96505
1418,63.5,647,450,0.72011,0.96074
1418,70,647,450,1.0898,0.95332
1418,76.5,647,450,1.6159,0.94359
1418,83,647,450,2.2635,0.9401
1418,89.5,647,450,3.1302,0.93637
1418,96,647,450,-2.1518,0.91115
1418,102.5,647,450,-0.67496,0.83088
1418,109,647,450,0.12554,0.83125
1418,115.5,647,450,1.3502,0.89912
1418,122,647,450,2.3555,0.83217
1418,128.5,647,450,-3.0418,0.6078
1418,135,647,450,-2.5716,0.484
1418,141.5,647,450,-1.7879,0.71738
1418,148,647,450,-1.1289,0.4438
1418,154.5,647,450,-0.82342,0.21288
1418,161,647,450,-0.36406,0.35539
1418,167.5,647,450,0.66363,0.48068
1418,174,647,450,0.64573,0.23822
1418,180.5,647,450,1.18,0.14541
1418,187,647,450,0.97335,0.50665
1418,193.5,647,450,1.8638,0.75615
1418,200,647,450,2.1531,0.49371
1469,5,647,450,-0.33118,0.95797
1469,11.5,647,450,-0.33118,0.95797
1469,18,647,450,-0.2877,0.95878
1469,24.5,647,450,-0.23672,0.95966
1469,31,647,450,-0.16009,0.96026
1469,37.5,647,450,-0.066484,0.96129
1469,44,647,450,0.061542,0.96205
1469,50.5,647,450,0.23243,0.9617
1469,57,647,450,0.49047,0.95892
1469,63.5,647,450,0.75024,0.95522
1469,70,647,450,1.1314,0.95168
1469,76.5,647,450,1.6774,0.95089
1469,83,647,450,2.355,0.95133
1469,89.5,647,450,-3.0254,0.9361
1469,96,647,450,-1.9907,0.90766
1469,102.5,647,450,-0.48743,0.85498
1469,109,647,450,0.316,0.80191
1469,115.5,647,450,1.576,0.80512
1469,122,647,450,2.5603,0.72507
1469,128.5,647,450,-2.8085,0.43842
1469,135,647,450,-2.2581,0.57985
1469,141.5,647,450,-1.3957,0.45695
1469,148,647,450,-0.81265,0.26355
1469,154.5,647,450,-0.3921,0.18029
1469,161,647,450,0.33576,0.18525
1469,167.5,647,450,1.3534,0.16811
1469,174,647,450,0.9869,0.088291
1469,180.5,647,450,1.8183,0.16425
1469,187,647,450,1.7681,0.41251
1469,193.5,647,450,2.5743,0.35498
1469,200,647,450,2.6208,0.4519
