500,5,646,450,-0.23375,0.95439
500,11.5,646,450,-0.23375,0.95439
500,18,646,450,-0.21768,0.95536
500,24.5,646,450,-0.20042,0.95643
500,31,646,450,-0.17171,0.95762
500,37.5,646,450,-0.13796,0.95904
500,44,646,450,-0.094672,0.96077
500,50.5,646,450,-0.034042,0.96196
500,57,646,450,0.057481,0.96204
500,63.5,646,450,0.14919,0.95998
500,70,646,450,0.27762,0.95623
500,76.5,646,450,0.46008,0.94752
500,83,646,450,0.6796,0.93513
500,89.5,646,450,0.97878,0.91876
500,96,646,450,1.3536,0.90169
500,102.5,646,450,1.9474,0.88356
500,109,646,450,2.8099,0.36619
500,115.5,646,450,2.7301,0.38058
500,122,646,450,-3.1067,0.46113
500,128.5,646,450,-2.6286,0.54588
500,135,646,450,-2.2728,0.59623
500,141.5,646,450,-1.988,0.62713
500,148,646,450,-1.7539,0.63702
500,154.5,646,450,-1.551,0.68004
500,161,646,450,-1.2726,0.63504
500,167.5,646,450,-1.0859,0.46768
500,174,646,450,-1.1788,0.32261
500,180.5,646,450,-1.2832,0.43747
500,187,646,450,-1.1538,0.60261
500,193.5,646,450,-0.97408,0.68292
500,200,646,450,-0.80258,0.71575
551,5,646,450,-0.23898,0.9535
551,11.5,646,450,-0.23898,0.9535
551,18,646,450,-0.22128,0.95419
551,24.5,646,450,-0.20201,0.95487
551,31,646,450,-0.17065,0.95542
551,37.5,646,450,-0.13355,0.95618
551,44,646,450,-0.085627,0.957
551,50.5,646,450,-0.019214,0.95698
551,57,646,450,0.080804,0.95557
551,63.5,646,450,0.18088,0.95233
551,70,646,450,0.32188,0.94804
551,76.5,646,450,0.52251,0.93949
551,83,646,450,0.76519,0.92951
551,89.5,646,450,1.0957,0.91637
551,96,646,450,1.5053,0.9023
551,102.5,646,450,2.1189,0.88894
551,109,646,450,2.7914,0.3304
551,115.5,646,450,3.0363,0.60844
551,122,646,450,-2.7652,0.70493
551,128.5,646,450,-2.2998,0.79202
551,135,646,450,-1.9127,0.83609
551,141.5,646,450,-1.5789,0.81807
551,148,646,450,-1.3112,0.7671
551,154.5,646,450,-1.0014,0.66728
551,161,646,450,-0.94335,0.28327
551,167.5,646,450,-1.0668,0.36942
551,174,646,450,-1.155,0.40192
551,180.5,646,450,-0.90175,0.75279
551,187,646,450,-0.69653,0.79372
551,193.5,646,450,-0.50698,0.79643
551,200,646,450,-0.32008,0.78611
602,5,646,450,-0.2511,0.95611
602,11.5,646,450,-0.2511,0.95611
602,18,646,450,-0.23194,0.95631
602,24.5,646,450,-0.21096,0.95641
602,31,646,450,-0.17728,0.95645
602,37.5,646,450,-0.13721,0.95657
602,44,646,450,-0.085117,0.9567
602,50.5,646,450,-0.013427,0.95619
602,57,646,450,0.094611,0.95483
602,63.5,646,450,0.20293,0.952
602,70,646,450,0.35674,0.9489
602,76.5,646,450,0.57611,0.94382
602,83,646,450,0.84379,0.9375
602,89.5,646,450,1.2061,0.92616
602,96,646,450,1.6449,0.90711
602,102.5,646,450,2.2561,0.88782
602,109,646,450,2.7343,0.65376
602,115.5,646,450,-2.924,0.84435
602,122,646,450,-2.4224,0.88549
602,128.5,646,450,-1.9541,0.86389
602,135,646,450,-1.5949,0.75819
602,141.5,646,450,-1.3695,0.71517
602,148,646,450,-1.0985,0.73729
602,154.5,646,450,-0.72873,0.55275
602,161,646,450,-0.93001,0.49508
602,167.5,646,450,-0.81311,0.40009
602,174,646,450,-0.84465,0.76324
602,180.5,646,450,-0.49186,0.93053
602,187,646,450,-0.28842,0.94212
602,193.5,646,450,-0.088068,0.94095
602,200,646,450,0.10456,0.90277
653,5,646,450,-0.25455,0.95988
653,11.5,646,450,-0.25455,0.95988
653,18,646,450,-0.23412,0.95988
653,24.5,646,450,-0.21165,0.95971
653,31,646,450,-0.17578,0.95981
653,37.5,646,450,-0.13291,0.9599
653,44,646,450,-0.076803,0.9602
653,50.5,646,450,0.00024385,0.9604
653,57,646,450,0.11673,0.96048
653,63.5,646,450,0.23396,0.95922
653,70,646,450,0.40169,0.95847
653,76.5,646,450,0.64202,0.95592
653,83,646,450,0.93603,0.9496
653,89.5,646,450,1.3305,0.93584
653,96,646,450,1.7965,0.91214
653,102.5,646,450,2.4117,0.89413
653,109,646,450,3.0146,0.89333
653,115.5,646,450,-2.6422,0.89175
653,122,646,450,-2.1521,0.85351
653,128.5,646,450,-1.766,0.70983
653,135,646,450,-1.5034,0.75804
653,141.5,646,450,-1.1986,0.80971
653,148,646,450,-0.90353,0.79476
653,154.5,646,450,-0.68776,0.65617
653,161,646,450,-0.35889,0.62372
653,167.5,646,450,-0.50258,0.40276
653,174,646,450,-0.33956,0.77386
653,180.5,646,450,-0.0047852,0.86982
653,187,646,450,0.22126,0.84044
653,193.5,646,450,0.39036,0.70147
653,200,646,450,0.53712,0.87666
704,5,646,450,-0.25671,0.96136
704,11.5,646,450,-0.25671,0.96136
704,18,646,450,-0.23504,0.96159
704,24.5,646,450,-0.21103,0.96178
704,31,646,450,-0.17279,0.96242
704,37.5,646,450,-0.12696,0.96311
704,44,646,450,-0.066526,0.96423
704,50.5,646,450,0.016457,0.96561
704,57,646,450,0.14237,0.96715
704,63.5,646,450,0.26932,0.96671
704,70,646,450,0.45197,0.96628
704,76.5,646,450,0.71384,0.96182
704,83,646,450,1.0327,0.95108
704,89.5,646,450,1.4578,0.93216
704,96,646,450,1.9535,0.90877
704,102.5,646,450,2.6119,0.88764
704,109,646,450,-3.0876,0.87843
704,115.5,646,450,-2.451,0.82967
704,122,646,450,-1.9974,0.74689
704,128.5,646,450,-1.6742,0.83825
704,135,646,450,-1.2492,0.88765
704,141.5,646,450,-0.8843,0.83916
704,148,646,450,-0.57161,0.71802
704,154.5,646,450,-0.33252,0.8865
704,161,646,450,0.15422,0.38216
704,167.5,646,450,-0.20241,0.36841
704,174,646,450,0.1245,0.59475
704,180.5,646,450,0.48686,0.52225
704,187,646,450,0.52135,0.32924
704,193.5,646,450,0.52768,0.68526
704,200,646,450,0.86141,0.8938
755,5,646,450,-0.2593,0.95929
755,11.5,646,450,-0.2593,0.95929
755,18,646,450,-0.23622,0.9599
755,24.5,646,450,-0.2104,0.9607
755,31,646,450,-0.16947,0.96189
755,37.5,646,450,-0.12033,0.96319
755,44,646,450,-0.055122,0.96497
755,50.5,646,450,0.034278,0.96675
755,57,646,450,0.16996,0.968
755,63.5,646,450,0.30671,0.96661
755,70,646,450,0.50356,0.96413
755,76.5,646,450,0.78514,0.95549
755,83,646,450,1.1267,0.93971
755,89.5,646,450,1.5801,0.9196
755,96,646,450,2.1117,0.90126
755,102.5,646,450,2.8597,0.83573
755,109,646,450,-2.9499,0.83844
755,115.5,646,450,-2.2974,0.76506
755,122,646,450,-1.9167,0.82847
755,128.5,646,450,-1.3571,0.85679
755,135,646,450,-0.91219,0.75644
755,141.5,646,450,-0.53042,0.59405
755,148,646,450,-0.29696,0.41035
755,154.5,646,450,0.0025373,0.77959
755,161,646,450,0.34282,0.19723
755,167.5,646,450,0.18705,0.42232
755,174,646,450,0.66897,0.4279
755,180.5,646,450,0.83098,0.18582
755,187,646,450,0.44834,0.49129
755,193.5,646,450,0.99724,0.89289
755,200,646,450,1.3756,0.9485
806,5,646,450,-0.26335,0.95559
806,11.5,646,450,-0.26335,0.95559
806,18,646,450,-0.23865,0.95649
806,24.5,646,450,-0.21075,0.95752
806,31,646,450,-0.16699,0.95876
806,37.5,646,450,-0.11434,0.96013
806,44,646,450,-0.044227,0.96175
806,50.5,646,450,0.051449,0.96286
806,57,646,450,0.19627,0.96233
806,63.5,646,450,0.34192,0.95904
806,70,646,450,0.55142,0.95429
806,76.5,646,450,0.85025,0.9438
806,83,646,450,1.2128,0.92996
806,89.5,646,450,1.6968,0.91509
806,96,646,450,2.2678,0.8976
806,102.5,646,450,3.1189,0.76981
806,109,646,450,-2.7781,0.81517
806,115.5,646,450,-2.1036,0.64406
806,122,646,450,-1.6391,0.781
806,128.5,646,450,-1.0702,0.66183
806,135,646,450,-0.61028,0.53308
806,141.5,646,450,-0.22956,0.38283
806,148,646,450,-0.0044405,0.25818
806,154.5,646,450,0.46897,0.43408
806,161,646,450,0.40497,0.16449
806,167.5,646,450,1.0623,0.27446
806,174,646,450,1.0028,0.16751
806,180.5,646,450,0.68564,0.14231
806,187,646,450,1.1169,0.59336
806,193.5,646,450,1.6537,0.71304
806,200,646,450,2.0475,0.64751
857,5,646,450,-0.26878,0.95373
857,11.5,646,450,-0.26878,0.95373
857,18,646,450,-0.24244,0.95465
857,24.5,646,450,-0.21252,0.95525
857,31,646,450,-0.16604,0.95598
857,37.5,646,450,-0.11003,0.95685
857,44,646,450,-0.035288,0.95771
857,50.5,646,450,0.066107,0.95758
857,57,646,450,0.21901,0.9557
857,63.5,646,450,0.3726,0.95221
857,70,646,450,0.59431,0.94782
857,76.5,646,450,0.91091,0.94049
857,83,646,450,1.2976,0.93351
857,89.5,646,450,1.8153,0.92366
857,96,646,450,2.4275,0.90311
857,102.5,646,450,-2.9175,0.75291
857,109,646,450,-2.518,0.76683
857,115.5,646,450,-2.0683,0.49397
857,122,646,450,-1.4206,0.65485
857,128.5,646,450,-0.78191,0.51509
857,135,646,450,-0.23548,0.40586
857,141.5,646,450,0.3273,0.27935
857,148,646,450,1.078,0.11566
857,154.5,646,450,0.18602,0.052293
857,161,646,450,0.40283,0.10368
857,167.5,646,450,0.98689,0.21782
857,174,646,450,1.6156,0.22399
857,180.5,646,450,1.2635,0.21061
857,187,646,450,1.8686,0.45206
857,193.5,646,450,2.3649,0.44234
857,200,646,450,2.5644,0.21036
908,5,646,450,-0.27409,0.95552
908,11.5,646,450,-0.27409,0.95552
908,18,646,450,-0.24625,0.95601
908,24.5,646,450,-0.21459,0.95599
908,31,646,450,-0.16568,0.95616
908,37.5,646,450,-0.10661,0.95645
908,44,646,450,-0.027659,0.95672
908,50.5,646,450,0.079008,0.95629
908,57,646,450,0.23984,0.95501
908,63.5,646,450,0.40182,0.95301
908,70,646,450,0.63668,0.95158
908,76.5,646,450,0.97314,0.94896
908,83,646,450,1.3873,0.9452
908,89.5,646,450,1.9414,0.93542
908,96,646,450,2.5912,0.90611
908,102.5,646,450,-2.6806,0.79424
908,109,646,450,-2.1423,0.64887
908,115.5,646,450,-1.8794,0.51312
908,122,646,450,-1.1358,0.57961
908,128.5,646,450,-0.32618,0.44674
908,135,646,450,0.52994,0.30373
908,141.5,646,450,1.6501,0.10973
908,148,646,450,-2.5106,0.032964
908,154.5,646,450,0.17908,0.18199
908,161,646,450,0.79206,0.25118
908,167.5,646,450,1.7039,0.32314
908,174,646,450,2.3494,0.23548
908,180.5,646,450,2.241,0.39369
908,187,646,450,2.8489,0.50778
908,193.5,646,450,-2.7721,0.35928
908,200,646,450,3.0595,0.10124
959,5,646,450,-0.28643,0.95911
959,11.5,646,450,-0.28643,0.95911
959,18,646,450,-0.25716,0.95915
959,24.5,646,450,-0.22406,0.95911
959,31,646,450,-0.17294,0.95914
959,37.5,646,450,-0.11102,0.95932
959,44,646,450,-0.027978,0.95973
959,50.5,646,450,0.084123,0.96013
959,57,646,450,0.2538,0.96082
959,63.5,646,450,0.42496,0.96085
959,70,646,450,0.67472,0.96175
959,76.5,646,450,1.034,0.96082
959,83,646,450,1.4757,0.95155
959,89.5,646,450,2.0633,0.93223
959,96,646,450,2.7465,0.90669
959,102.5,646,450,-2.4634,0.84152
959,109,646,450,-1.6969,0.47558
959,115.5,646,450,-1.5638,0.4988
959,122,646,450,-0.6856,0.52779
959,128.5,646,450,0.46275,0.35166
959,135,646,450,1.722,0.12229
959,141.5,646,450,-2.875,0.01239
959,148,646,450,-0.34243,0.018931
959,154.5,646,450,1.3894,0.18829
959,161,646,450,1.7186,0.20176
959,167.5,646,450,2.4758,0.38577
959,174,646,450,2.9584,0.37034
959,180.5,646,450,-2.7995,0.58952
959,187,646,450,-2.2366,0.55418
959,193.5,646,450,-1.1863,0.10871
959,200,646,450,2.7789,0.08638
1010,5,646,450,-0.28867,0.96115
1010,11.5,646,450,-0.28867,0.96115
1010,18,646,450,-0.25832,0.96148
1010,24.5,646,450,-0.22348,0.96176
1010,31,646,450,-0.17008,0.96221
1010,37.5,646,450,-0.1052,0.9628
1010,44,646,450,-0.017811,0.96392
1010,50.5,646,450,0.10032,0.96543
1010,57,646,450,0.2797,0.96735
1010,63.5,646,450,0.46098,0.96778
1010,70,646,450,0.72632,0.96725
1010,76.5,646,450,1.1069,0.96018
1010,83,646,450,1.5717,0.94325
1010,89.5,646,450,2.186,0.92069
1010,96,646,450,2.904,0.898
1010,102.5,646,450,-2.2844,0.8627
1010,109,646,450,-1.2725,0.3822
1010,115.5,646,450,-1.0909,0.47163
1010,122,646,450,-0.012575,0.41848
1010,128.5,646,450,1.3542,0.20346
1010,135,646,450,2.5404,0.02548
1010,141.5,646,450,1.0569,0.026399
1010,148,646,450,1.9572,0.12966
1010,154.5,646,450,2.83,0.37506
1010,161,646,450,2.7328,0.1217
1010,167.5,646,450,-2.9615,0.40908
1010,174,646,450,-2.6347,0.47813
1010,180.5,646,450,-2.0355,0.57218
1010,187,646,450,-1.3897,0.46026
1010,193.5,646,450,-2.0691,0.0016548
1010,200,646,450,-2.2823,0.35232
1061,5,646,450,-0.29091,0.96009
1061,11.5,646,450,-0.29091,0.96009
1061,18,646,450,-0.25902,0.96079
1061,24.5,646,450,-0.22246,0.96144
1061,31,646,450,-0.16646,0.9625
1061,37.5,646,450,-0.098349,0.96366
1061,44,646,450,-0.0062159,0.96531
1061,50.5,646,450,0.11835,0.96703
1061,57,646,450,0.3076,0.96805
1061,63.5,646,450,0.49852,0.96665
1061,70,646,450,0.77781,0.96189
1061,76.5,646,450,1.1759,0.94934
1061,83,646,450,1.6603,0.93194
1061,89.5,646,450,2.3033,0.91518
1061,96,646,450,3.0583,0.89862
1061,102.5,646,450,-2.1426,0.86524
1061,109,646,450,-0.88228,0.39077
1061,115.5,646,450,-0.52658,0.43122
1061,122,646,450,0.6393,0.31283
1061,128.5,646,450,1.8794,0.1201
1061,135,646,450,1.5759,0.054163
1061,141.5,646,450,2.2101,0.27867
1061,148,646,450,3.0003,0.35408
1061,154.5,646,450,-2.6641,0.54136
1061,161,646,450,-2.8796,0.1647
1061,167.5,646,450,-2.3938,0.30447
1061,174,646,450,-2.1213,0.6356
1061,180.5,646,450,-1.5032,0.60099
1061,187,646,450,-0.97761,0.1453
1061,193.5,646,450,-1.709,0.45235
1061,200,646,450,-1.1052,0.67309
1112,5,646,450,-0.29484,0.95693
1112,11.5,646,450,-0.29484,0.95693
1112,18,646,450,-0.26103,0.95757
1112,24.5,646,450,-0.22259,0.95848
1112,31,646,450,-0.16376,0.95975
1112,37.5,646,450,-0.092218,0.96106
1112,44,646,450,0.0047558,0.96257
1112,50.5,646,450,0.13555,0.9634
1112,57,646,450,0.33371,0.96224
1112,63.5,646,450,0.53302,0.95842
1112,70,646,450,0.82393,0.95188
1112,76.5,646,450,1.2379,0.93997
1112,83,646,450,1.7441,0.93113
1112,89.5,646,450,2.4209,0.92368
1112,96,646,450,-3.0683,0.90527
1112,102.5,646,450,-1.9955,0.87683
1112,109,646,450,-0.55002,0.41434
1112,115.5,646,450,-0.052598,0.4363
1112,122,646,450,1.0983,0.31711
1112,128.5,646,450,1.8039,0.12783
1112,135,646,450,2.1733,0.32092
1112,141.5,646,450,2.8915,0.45706
1112,148,646,450,-2.8377,0.39563
1112,154.5,646,450,-2.3576,0.62048
1112,161,646,450,-2.3539,0.47041
1112,167.5,646,450,-2.0556,0.55111
1112,174,646,450,-1.5104,0.74175
1112,180.5,646,450,-1.1628,0.3681
1112,187,646,450,-1.1749,0.59771
1112,193.5,646,450,-0.74737,0.74044
1112,200,646,450,-0.19464,0.6567
1163,5,646,450,-0.30063,0.95698
1163,11.5,646,450,-0.30063,0.95698
1163,18,646,450,-0.26564,0.95781
1163,24.5,646,450,-0.22523,0.95868
1163,31,646,450,-0.16359,0.9595
1163,37.5,646,450,-0.088674,0.96039
1163,44,646,450,0.01287,0.96118
1163,50.5,646,450,0.14927,0.96087
1163,57,646,450,0.35535,0.95853
1163,63.5,646,450,0.56256,0.95456
1163,70,646,450,0.86511,0.95063
1163,76.5,646,450,1.2978,0.9452
1163,83,646,450,1.8314,0.94263
1163,89.5,646,450,2.5454,0.93391
1163,96,646,450,-2.909,0.90938
1163,102.5,646,450,-1.8024,0.88232
1163,109,646,450,-0.36014,0.37383
1163,115.5,646,450,0.30865,0.55977
1163,122,646,450,1.4765,0.39725
1163,128.5,646,450,1.9691,0.32273
1163,135,646,450,2.6289,0.49147
1163,141.5,646,450,-3.0837,0.55714
1163,148,646,450,-2.6378,0.53056
1163,154.5,646,450,-2.167,0.79168
1163,161,646,450,-1.7249,0.83546
1163,167.5,646,450,-1.3407,0.75146
1163,174,646,450,-0.99367,0.36122
1163,180.5,646,450,-1.1368,0.46029
1163,187,646,450,-0.69058,0.77508
1163,193.5,646,450,-0.26326,0.78976
1163,200,646,450,0.16911,0.37953
1214,5,646,450,-0.30631,0.95746
1214,11.5,646,450,-0.30631,0.95746
1214,18,646,450,-0.26972,0.95805
1214,24.5,646,450,-0.22745,0.95865
1214,31,646,450,-0.16333,0.95889
1214,37.5,646,450,-0.085264,0.95929
1214,44,646,450,0.02052,0.95962
1214,50.5,646,450,0.16219,0.95917
1214,57,646,450,0.37618,0.95793
1214,63.5,646,450,0.59194,0.95598
1214,70,646,450,0.9082,0.95615
1214,76.5,646,450,1.3631,0.9569
1214,83,646,450,1.9259,0.95141
1214,89.5,646,450,2.6739,0.93373
1214,96,646,450,-2.7479,0.90677
1214,102.5,646,450,-1.5448,0.80041
1214,109,646,450,-0.47891,0.3981
1214,115.5,646,450,0.66309,0.76486
1214,122,646,450,1.7694,0.37676
1214,128.5,646,450,2.2287,0.49979
1214,135,646,450,2.8893,0.6588
1214,141.5,646,450,-2.8196,0.76793
1214,148,646,450,-2.3014,0.73617
1214,154.5,646,450,-1.8422,0.82916
1214,161,646,450,-1.3745,0.7951
1214,167.5,646,450,-0.80484,0.51093
1214,174,646,450,-0.88792,0.47664
1214,180.5,646,450,-0.78333,0.80466
1214,187,646,450,-0.29547,0.91771
1214,193.5,646,450,0.12727,0.90672
1214,200,646,450,0.48694,0.8533
1265,5,646,450,-0.31071,0.96071
1265,11.5,646,450,-0.31071,0.96071
1265,18,646,450,-0.27269,0.96101
1265,24.5,646,450,-0.2287,0.96129
1265,31,646,450,-0.16236,0.96131
1265,37.5,646,450,-0.081374,0.96152
1265,44,646,450,0.028577,0.962
1265,50.5,646,450,0.17575,0.9625
1265,57,646,450,0.39866,0.96346
1265,63.5,646,450,0.62399,0.96369
1265,70,646,450,0.95601,0.96575
1265,76.5,646,450,1.4344,0.96342
1265,83,646,450,2.0229,0.94829
1265,89.5,646,450,2.7984,0.9222
1265,96,646,450,-2.5899,0.89883
1265,102.5,646,450,-1.2865,0.70138
1265,109,646,450,-0.37053,0.79944
1265,115.5,646,450,0.98661,0.84179
1265,122,646,450,1.7415,0.39083
1265,128.5,646,450,2.4594,0.71798
1265,135,646,450,-3.0921,0.85665
1265,141.5,646,450,-2.4548,0.80289
1265,148,646,450,-2.0618,0.66191
1265,154.5,646,450,-1.7128,0.64781
1265,161,646,450,-1.1118,0.90694
1265,167.5,646,450,-0.83797,0.60233
1265,174,646,450,-0.29481,0.54846
1265,180.5,646,450,-0.25884,0.85269
1265,187,646,450,0.2111,0.89151
1265,193.5,646,450,0.55171,0.85107
1265,200,646,450,0.94718,0.84324
1316,5,646,450,-0.32285,0.96378
1316,11.5,646,450,-0.32285,0.96378
1316,18,646,450,-0.28355,0.9639
1316,24.5,646,450,-0.23793,0.96416
1316,31,646,450,-0.1693,0.96455
1316,37.5,646,450,-0.085364,0.96501
1316,44,646,450,0.02899,0.96608
1316,50.5,646,450,0.18228,0.96762
1316,57,646,450,0.4151,0.96966
1316,63.5,646,450,0.65101,0.97009
1316,70,646,450,0.99853,0.96855
1316,76.5,646,450,1.4967,0.95739
1316,83,646,450,2.1045,0.93713
1316,89.5,646,450,2.9069,0.9162
1316,96,646,450,-2.4437,0.90032
1316,102.5,646,450,-1.0424,0.67904
1316,109,646,450,-0.12825,0.89824
1316,115.5,646,450,1.1914,0.76562
1316,122,646,450,1.8315,0.69525
1316,128.5,646,450,2.7589,0.87748
1316,135,646,450,-2.7725,0.78373
1316,141.5,646,450,-2.2866,0.58148
1316,148,646,450,-1.8805,0.81183
1316,154.5,646,450,-1.4076,0.56281
1316,161,646,450,-0.82618,0.92491
1316,167.5,646,450,-0.26219,0.85516
1316,174,646,450,0.29976,0.2879
1316,180.5,646,450,0.26455,0.61371
1316,187,646,450,0.66752,0.38745
1316,193.5,646,450,0.79019,0.84312
1316,200,646,450,1.3115,0.88319
1367,5,646,450,-0.32471,0.96377
1367,11.5,646,450,-0.32471,0.96377
1367,18,646,450,-0.28409,0.96402
1367,24.5,646,450,-0.23681,0.96452
1367,31,646,450,-0.16558,0.96552
1367,37.5,646,450,-0.078474,0.9665
1367,44,646,450,0.040602,0.96798
1367,50.5,646,450,0.20035,0.96971
1367,57,646,450,0.44298,0.97001
1367,63.5,646,450,0.68846,0.96774
1367,70,646,450,1.0491,0.9613
1367,76.5,646,450,1.5627,0.94645
1367,83,646,450,2.19,0.93149
1367,89.5,646,450,3.0253,0.92431
1367,96,646,450,-2.286,0.90722
1367,102.5,646,450,-0.79378,0.72039
1367,109,646,450,0.025669,0.86145
1367,115.5,646,450,1.2492,0.69564
1367,122,646,450,2.1338,0.8901
1367,128.5,646,450,3.0521,0.76976
1367,135,646,450,-2.5868,0.56581
1367,141.5,646,450,-2.2086,0.72843
1367,148,646,450,-1.4578,0.75324
1367,154.5,646,450,-1.1474,0.35084
1367,161,646,450,-0.47194,0.58097
1367,167.5,646,450,0.22371,0.66927
1367,174,646,450,0.40796,0.14234
1367,180.5,646,450,0.80168,0.36738
1367,187,646,450,0.43606,0.32918
1367,193.5,646,450,1.2598,0.94048
1367,200,646,450,1.7863,0.95015
1418,5,646,450,-0.32753,0.96082
1418,11.5,646,450,-0.32753,0.96082
1418,18,646,450,-0.28549,0.9615
1418,24.5,646,450,-0.23638,0.9622
1418,31,646,450,-0.16234,0.96334
1418,37.5,646,450,-0.071862,0.96457
1418,44,646,450,0.051995,0.96586
1418,50.5,646,450,0.2179,0.96644
1418,57,646,450,0.46924,0.96442
1418,63.5,646,450,0.72271,0.9599
1418,70,646,450,1.0942,0.9524
1418,76.5,646,450,1.6235,0.94235
1418,83,646,450,2.2761,0.9392
1418,89.5,646,450,-3.1332,0.9334
1418,96,646,450,-2.124,0.91063
1418,102.5,646,450,-0.55982,0.78043
1418,109,646,450,0.16876,0.83288
1418,115.5,646,450,1.3998,0.90056
1418,122,646,450,2.3898,0.82178
1418,128.5,646,450,-3.0221,0.59536
1418,135,646,450,-2.5588,0.52755
1418,141.5,646,450,-1.7412,0.6982
1418,148,646,450,-1.1211,0.42762
1418,154.5,646,450,-0.85507,0.2339
1418,161,646,450,-0.34725,0.40339
1418,167.5,646,450,0.71236,0.43921
1418,174,646,450,0.7149,0.27293
1418,180.5,646,450,1.1852,0.1465
1418,187,646,450,1.0527,0.53599
1418,193.5,646,450,1.914,0.73109
1418,200,646,450,2.158,0.53981
1469,5,646,450,-0.33228,0.95786
1469,11.5,646,450,-0.33228,0.95786
1469,18,646,450,-0.28872,0.95868
1469,24.5,646,450,-0.23763,0.95956
1469,31,646,450,-0.16083,0.9601
1469,37.5,646,450,-0.066973,0.96109
1469,44,646,450,0.061423,0.96179
1469,50.5,646,450,0.23285,0.96132
1469,57,646,450,0.49185,0.95842
1469,63.5,646,450,0.75285,0.95454
1469,70,646,450,1.136,0.95111
1469,76.5,646,450,1.6856,0.95021
1469,83,646,450,2.3686,0.94991
1469,89.5,646,450,-3.0046,0.93367
1469,96,646,450,-1.9632,0.90548
1469,102.5,646,450,-0.37879,0.79643
1469,109,646,450,0.36555,0.80183
1469,115.5,646,450,1.6182,0.79853
1469,122,646,450,2.5932,0.71256
1469,128.5,646,450,-2.802,0.42375
1469,135,646,450,-2.2035,0.58017
1469,141.5,646,450,-1.3635,0.44048
1469,148,646,450,-0.81186,0.26103
1469,154.5,646,450,-0.39739,0.20958
1469,161,646,450,0.39668,0.18975
1469,167.5,646,450,1.3921,0.13782
1469,174,646,450,0.95953,0.10536
1469,180.5,646,450,1.8539,0.14094
1469,187,646,450,1.8368,0.41384
1469,193.5,646,450,2.6143,0.31951
1469,200,646,450,2.6541,0.42845
