500,5,697,450,-0.20794,0.9586
500,11.5,697,450,-0.20794,0.9586
500,18,697,450,-0.19331,0.95951
500,24.5,697,450,-0.17788,0.96061
500,31,697,450,-0.1525,0.96212
500,37.5,697,450,-0.12308,0.96391
500,44,697,450,-0.085863,0.96619
500,50.5,697,450,-0.034885,0.96922
500,57,697,450,0.03964,0.97285
500,63.5,697,450,0.11209,0.97548
500,70,697,450,0.21179,0.97847
500,76.5,697,450,0.34671,0.98128
500,83,697,450,0.49925,0.98189
500,89.5,697,450,0.69637,0.98005
500,96,697,450,0.92609,0.97736
500,102.5,697,450,1.2489,0.97213
500,109,697,450,1.6192,0.96832
500,115.5,697,450,2.1336,0.9726
500,122,697,450,2.8532,0.88568
500,128.5,697,450,-1.7698,0.0059001
500,135,697,450,2.5475,0.38345
500,141.5,697,450,3.0773,0.55205
500,148,697,450,-2.8304,0.62805
500,154.5,697,450,-2.5272,0.68623
500,161,697,450,-2.2468,0.73221
500,167.5,697,450,-2.0035,0.74466
500,174,697,450,-2.3114,0.93328
500,180.5,697,450,-1.7019,0.87516
500,187,697,450,-1.4928,0.88542
500,193.5,697,450,-1.23,0.87462
500,200,697,450,-0.60432,0.73641
551,5,697,450,-0.21106,0.95585
551,11.5,697,450,-0.21106,0.95585
551,18,697,450,-0.19486,0.95681
551,24.5,697,450,-0.17764,0.95792
551,31,697,450,-0.1497,0.95915
551,37.5,697,450,-0.11714,0.9607
551,44,697,450,-0.075616,0.96255
551,50.5,697,450,-0.019288,0.96471
551,57,697,450,0.062819,0.96684
551,63.5,697,450,0.14264,0.96797
551,70,697,450,0.2525,0.96939
551,76.5,697,450,0.40105,0.96918
551,83,697,450,0.56927,0.96834
551,89.5,697,450,0.78692,0.96608
551,96,697,450,1.0411,0.9667
551,102.5,697,450,1.3968,0.96751
551,109,697,450,1.8018,0.97358
551,115.5,697,450,2.3429,0.98919
551,122,697,450,3.1196,0.93716
551,128.5,697,450,2.4378,0.3618
551,135,697,450,-3.0681,0.72151
551,141.5,697,450,-2.6526,0.79889
551,148,697,450,-2.3183,0.8482
551,154.5,697,450,-2.032,0.89002
551,161,697,450,-1.7542,0.92279
551,167.5,697,450,-1.4961,0.9402
551,174,697,450,-1.4226,0.96955
551,180.5,697,450,-1.0848,0.97157
551,187,697,450,-0.72155,0.92421
551,193.5,697,450,0.54295,0.073246
551,200,697,450,-1.3712,0.54038
602,5,697,450,-0.22076,0.9551
602,11.5,697,450,-0.22076,0.9551
602,18,697,450,-0.20307,0.95583
602,24.5,697,450,-0.18408,0.9567
602,31,697,450,-0.15384,0.95732
602,37.5,697,450,-0.11838,0.95821
602,44,697,450,-0.072905,0.95918
602,50.5,697,450,-0.011771,0.96025
602,57,697,450,0.077175,0.96118
602,63.5,697,450,0.16354,0.96137
602,70,697,450,0.28302,0.96194
602,76.5,697,450,0.44425,0.96241
602,83,697,450,0.62816,0.96421
602,89.5,697,450,0.86688,0.9657
602,96,697,450,1.1472,0.97173
602,102.5,697,450,1.5375,0.97612
602,109,697,450,1.9717,0.97813
602,115.5,697,450,2.5086,0.97429
602,122,697,450,-2.921,0.89795
602,128.5,697,450,-3.07,0.87048
602,135,697,450,-2.5885,0.92264
602,141.5,697,450,-2.2181,0.95172
602,148,697,450,-1.8995,0.97044
602,154.5,697,450,-1.6183,0.98166
602,161,697,450,-1.3337,0.99011
602,167.5,697,450,-1.0336,0.9934
602,174,697,450,-0.77803,0.98331
602,180.5,697,450,0.38732,0.31179
602,187,697,450,-1.1555,0.42112
602,193.5,697,450,-1.119,0.86885
602,200,697,450,-0.71296,0.81911
653,5,697,450,-0.22495,0.95705
653,11.5,697,450,-0.22495,0.95705
653,18,697,450,-0.20598,0.95738
653,24.5,697,450,-0.18536,0.95793
653,31,697,450,-0.15306,0.95813
653,37.5,697,450,-0.11502,0.95849
653,44,697,450,-0.065986,0.9589
653,50.5,697,450,-0.00043184,0.95963
653,57,697,450,0.094949,0.96066
653,63.5,697,450,0.1878,0.96142
653,70,697,450,0.31698,0.9635
653,76.5,697,450,0.49202,0.96724
653,83,697,450,0.69349,0.97315
653,89.5,697,450,0.95619,0.97939
653,96,697,450,1.265,0.9869
653,102.5,697,450,1.6887,0.98722
653,109,697,450,2.1474,0.97816
653,115.5,697,450,2.6728,0.96812
653,122,697,450,2.981,0.92729
653,128.5,697,450,-2.6854,0.96925
653,135,697,450,-2.2642,0.97902
653,141.5,697,450,-1.8993,0.98163
653,148,697,450,-1.5817,0.97541
653,154.5,697,450,-1.2925,0.97178
653,161,697,450,-0.91507,0.94462
653,167.5,697,450,-0.90832,0.9495
653,174,697,450,1.2177,0.00010083
653,180.5,697,450,-0.65553,0.7732
653,187,697,450,0.018626,0.43477
653,193.5,697,450,-0.47598,0.969
653,200,697,450,-0.2066,0.93459
704,5,697,450,-0.22814,0.96027
704,11.5,697,450,-0.22814,0.96027
704,18,697,450,-0.20799,0.96034
704,24.5,697,450,-0.18591,0.96066
704,31,697,450,-0.15165,0.96097
704,37.5,697,450,-0.11116,0.96136
704,44,697,450,-0.05865,0.96196
704,50.5,697,450,0.011425,0.96338
704,57,697,450,0.11376,0.96586
704,63.5,697,450,0.21357,0.96805
704,70,697,450,0.35356,0.97248
704,76.5,697,450,0.54428,0.9793
704,83,697,450,0.76511,0.98637
704,89.5,697,450,1.0535,0.99247
704,96,697,450,1.3899,0.99336
704,102.5,697,450,1.8445,0.98544
704,109,697,450,2.3262,0.97334
704,115.5,697,450,2.8661,0.97094
704,122,697,450,-2.9543,0.97131
704,128.5,697,450,-2.4517,0.97963
704,135,697,450,-2.0293,0.97528
704,141.5,697,450,-1.6624,0.96451
704,148,697,450,-1.3292,0.95226
704,154.5,697,450,-0.65467,0.73718
704,161,697,450,-0.89347,0.9564
704,167.5,697,450,-0.59025,0.95914
704,174,697,450,-0.44416,0.95895
704,180.5,697,450,-0.016993,0.95104
704,187,697,450,-0.72161,0.46381
704,193.5,697,450,0.041497,0.88026
704,200,697,450,0.31165,0.87926
755,5,697,450,-0.23021,0.96214
755,11.5,697,450,-0.23021,0.96214
755,18,697,450,-0.2089,0.96239
755,24.5,697,450,-0.18541,0.96279
755,31,697,450,-0.14903,0.96359
755,37.5,697,450,-0.10593,0.96451
755,44,697,450,-0.049672,0.96589
755,50.5,697,450,0.025428,0.96843
755,57,697,450,0.13548,0.97233
755,63.5,697,450,0.243,0.9755
755,70,697,450,0.39466,0.98088
755,76.5,697,450,0.6023,0.98678
755,83,697,450,0.84194,0.99008
755,89.5,697,450,1.1534,0.98939
755,96,697,450,1.5141,0.98409
755,102.5,697,450,1.9966,0.97296
755,109,697,450,2.5098,0.9691
755,115.5,697,450,3.1302,0.96394
755,122,697,450,-2.8162,0.98354
755,128.5,697,450,-2.261,0.97734
755,135,697,450,-1.8194,0.96539
755,141.5,697,450,-1.4161,0.94223
755,148,697,450,-1.353,0.96907
755,154.5,697,450,-0.88843,0.98337
755,161,697,450,-0.55909,0.98737
755,167.5,697,450,-0.25083,0.99515
755,174,697,450,0.028191,0.98621
755,180.5,697,450,0.67133,0.9231
755,187,697,450,0.005587,0.58195
755,193.5,697,450,0.49675,0.74638
755,200,697,450,0.80901,0.71003
806,5,697,450,-0.23176,0.96118
806,11.5,697,450,-0.23176,0.96118
806,18,697,450,-0.20916,0.9618
806,24.5,697,450,-0.18416,0.96263
806,31,697,450,-0.14539,0.9639
806,37.5,697,450,-0.099378,0.9654
806,44,697,450,-0.038987,0.96746
806,50.5,697,450,0.04163,0.97038
806,57,697,450,0.1598,0.97452
806,63.5,697,450,0.27523,0.97714
806,70,697,450,0.43843,0.98061
806,76.5,697,450,0.66118,0.98238
806,83,697,450,0.91703,0.98096
806,89.5,697,450,1.2485,0.97403
806,96,697,450,1.6299,0.96913
806,102.5,697,450,2.1429,0.96643
806,109,697,450,2.6973,0.96392
806,115.5,697,450,-2.8261,0.8833
806,122,697,450,-2.6633,0.99368
806,128.5,697,450,-2.0461,0.97164
806,135,697,450,-1.5144,0.93262
806,141.5,697,450,-1.6358,0.89207
806,148,697,450,-0.97095,0.99319
806,154.5,697,450,-0.58687,0.99155
806,161,697,450,-0.2013,0.96618
806,167.5,697,450,0.24402,0.87205
806,174,697,450,0.41816,0.94577
806,180.5,697,450,1.5355,0.44966
806,187,697,450,0.56235,0.71238
806,193.5,697,450,1.0408,0.77935
806,200,697,450,1.6491,0.63904
857,5,697,450,-0.23412,0.9582
857,11.5,697,450,-0.23412,0.9582
857,18,697,450,-0.2101,0.959
857,24.5,697,450,-0.18329,0.9603
857,31,697,450,-0.142,0.96166
857,37.5,697,450,-0.092892,0.96332
857,44,697,450,-0.028189,0.96537
857,50.5,697,450,0.057847,0.96785
857,57,697,450,0.18378,0.9701
857,63.5,697,450,0.30655,0.97147
857,70,697,450,0.48002,0.9719
857,76.5,697,450,0.71534,0.97029
857,83,697,450,0.98582,0.96796
857,89.5,697,450,1.3355,0.96492
857,96,697,450,1.7412,0.96713
857,102.5,697,450,2.2898,0.97239
857,109,697,450,2.8868,0.97336
857,115.5,697,450,-2.5143,0.82277
857,122,697,450,-2.4475,0.96799
857,128.5,697,450,-1.7193,0.92311
857,135,697,450,-0.44166,8.2168e-05
857,141.5,697,450,-1.1876,0.98229
857,148,697,450,-0.67313,0.98571
857,154.5,697,450,-0.23905,0.95615
857,161,697,450,0.21068,0.9082
857,167.5,697,450,0.90584,0.6298
857,174,697,450,0.89675,0.86382
857,180.5,697,450,-0.27318,0.10138
857,187,697,450,1.564,0.84618
857,193.5,697,450,2.8446,0.17639
857,200,697,450,0.25894,0.35934
908,5,697,450,-0.23787,0.95552
908,11.5,697,450,-0.23787,0.95552
908,18,697,450,-0.21227,0.95633
908,24.5,697,450,-0.18354,0.95772
908,31,697,450,-0.13984,0.95874
908,37.5,697,450,-0.087692,0.96001
908,44,697,450,-0.01887,0.96141
908,50.5,697,450,0.072168,0.96278
908,57,697,450,0.20501,0.96346
908,63.5,697,450,0.33433,0.96355
908,70,697,450,0.51689,0.9632
908,76.5,697,450,0.76427,0.96283
908,83,697,450,1.0498,0.96479
908,89.5,697,450,1.4213,0.97032
908,96,697,450,1.8567,0.98052
908,102.5,697,450,2.4438,0.98568
908,109,697,450,3.0819,0.96835
908,115.5,697,450,-2.2209,0.82817
908,122,697,450,-2.1446,0.89927
908,128.5,697,450,-1.1341,0.65435
908,135,697,450,-1.7472,0.75078
908,141.5,697,450,-0.85817,0.96589
908,148,697,450,-0.29861,0.94322
908,154.5,697,450,0.21141,0.89624
908,161,697,450,0.76883,0.83107
908,167.5,697,450,1.8504,0.82526
908,174,697,450,1.6427,0.51856
908,180.5,697,450,2.279,0.28327
908,187,697,450,0.27868,0.030849
908,193.5,697,450,1.8606,0.58902
908,200,697,450,1.6202,0.64477
959,5,697,450,-0.2491,0.95547
959,11.5,697,450,-0.2491,0.95547
959,18,697,450,-0.22206,0.95624
959,24.5,697,450,-0.19157,0.95691
959,31,697,450,-0.14563,0.95749
959,37.5,697,450,-0.0907,0.95819
959,44,697,450,-0.018129,0.95887
959,50.5,697,450,0.077425,0.95961
959,57,697,450,0.21666,0.96032
959,63.5,697,450,0.35223,0.96088
959,70,697,450,0.54407,0.96228
959,76.5,697,450,0.80531,0.9667
959,83,697,450,1.1089,0.97533
959,89.5,697,450,1.5069,0.98558
959,96,697,450,1.9729,0.99352
959,102.5,697,450,2.5971,0.98734
959,109,697,450,-3.016,0.96999
959,115.5,697,450,-1.9554,0.88594
959,122,697,450,-1.7639,0.78015
959,128.5,697,450,-0.31237,0.14709
959,135,697,450,-1.2726,0.80659
959,141.5,697,450,-0.43793,0.88666
959,148,697,450,0.21375,0.82751
959,154.5,697,450,0.8313,0.72768
959,161,697,450,1.5128,0.59387
959,167.5,697,450,3.1037,0.95952
959,174,697,450,2.592,0.0653
959,180.5,697,450,0.50641,0.11807
959,187,697,450,1.6796,0.68141
959,193.5,697,450,-3.1108,0.29279
959,200,697,450,2.4297,0.78275
1010,5,697,450,-0.25304,0.95827
1010,11.5,697,450,-0.25304,0.95827
1010,18,697,450,-0.22468,0.95826
1010,24.5,697,450,-0.1928,0.95854
1010,31,697,450,-0.14477,0.95893
1010,37.5,697,450,-0.087299,0.95934
1010,44,697,450,-0.011209,0.95986
1010,50.5,697,450,0.088778,0.96098
1010,57,697,450,0.2347,0.96303
1010,63.5,697,450,0.37714,0.96529
1010,70,697,450,0.5799,0.96999
1010,76.5,697,450,0.85725,0.97845
1010,83,697,450,1.1818,0.98763
1010,89.5,697,450,1.6066,0.99355
1010,96,697,450,2.0998,0.98937
1010,102.5,697,450,2.7518,0.9741
1010,109,697,450,-2.8308,0.96583
1010,115.5,697,450,-1.715,0.97597
1010,122,697,450,-1.3472,0.70023
1010,128.5,697,450,0.47947,0.0014495
1010,135,697,450,-0.75797,0.70166
1010,141.5,697,450,0.11249,0.70872
1010,148,697,450,0.84827,0.59643
1010,154.5,697,450,1.5069,0.4713
1010,161,697,450,2.2248,0.35371
1010,167.5,697,450,-2.246,0.95079
1010,174,697,450,0.74411,0.095764
1010,180.5,697,450,1.7583,0.54187
1010,187,697,450,2.5402,0.73258
1010,193.5,697,450,2.646,0.93331
1010,200,697,450,-2.9017,0.90211
1061,5,697,450,-0.25566,0.9612
1061,11.5,697,450,-0.25566,0.9612
1061,18,697,450,-0.22631,0.96121
1061,24.5,697,450,-0.19299,0.96142
1061,31,697,450,-0.1429,0.96194
1061,37.5,697,450,-0.082908,0.96257
1061,44,697,450,-0.0031872,0.96358
1061,50.5,697,450,0.10163,0.96577
1061,57,697,450,0.25514,0.96955
1061,63.5,697,450,0.40537,0.97328
1061,70,697,450,0.62022,0.97942
1061,76.5,697,450,0.91494,0.98655
1061,83,697,450,1.259,0.98998
1061,89.5,697,450,1.706,0.98519
1061,96,697,450,2.2192,0.97388
1061,102.5,697,450,2.8991,0.96698
1061,109,697,450,-2.6469,0.96878
1061,115.5,697,450,-1.5576,0.99764
1061,122,697,450,-0.95128,0.72089
1061,128.5,697,450,-1.9081,0.015914
1061,135,697,450,-0.19251,0.56356
1061,141.5,697,450,0.68807,0.54474
1061,148,697,450,1.4329,0.46216
1061,154.5,697,450,2.112,0.3991
1061,161,697,450,2.9608,0.26474
1061,167.5,697,450,-0.79172,0.74439
1061,174,697,450,2.5704,0.8088
1061,180.5,697,450,2.6606,0.52213
1061,187,697,450,-3.0528,0.66757
1061,193.5,697,450,-2.6086,0.69806
1061,200,697,450,-2.1515,0.71952
1112,5,697,450,-0.25728,0.96175
1112,11.5,697,450,-0.25728,0.96175
1112,18,697,450,-0.22693,0.96276
1112,24.5,697,450,-0.19212,0.96324
1112,31,697,450,-0.13984,0.96409
1112,37.5,697,450,-0.077106,0.96524
1112,44,697,450,0.0065675,0.96697
1112,50.5,697,450,0.11678,0.96996
1112,57,697,450,0.27847,0.9743
1112,63.5,697,450,0.43677,0.9777
1112,70,697,450,0.66385,0.98178
1112,76.5,697,450,0.9739,0.9831
1112,83,697,450,1.3335,0.97923
1112,89.5,697,450,1.7978,0.96977
1112,96,697,450,2.3312,0.96592
1112,102.5,697,450,3.0458,0.97229
1112,109,697,450,-2.4616,0.97307
1112,115.5,697,450,-1.4274,0.95655
1112,122,697,450,-0.58466,0.8401
1112,128.5,697,450,-1.1415,0.08539
1112,135,697,450,0.35772,0.54642
1112,141.5,697,450,1.2146,0.55457
1112,148,697,450,1.984,0.54541
1112,154.5,697,450,2.7921,0.46792
1112,161,697,450,-2.1463,0.019374
1112,167.5,697,450,2.285,0.35831
1112,174,697,450,-2.5204,0.98199
1112,180.5,697,450,-2.9157,0.48699
1112,187,697,450,-1.9815,0.25794
1112,193.5,697,450,-2.1045,0.71198
1112,200,697,450,-1.564,0.72097
1163,5,697,450,-0.26037,0.96306
1163,11.5,697,450,-0.26037,0.96306
1163,18,697,450,-0.22832,0.96369
1163,24.5,697,450,-0.19187,0.96447
1163,31,697,450,-0.13722,0.96566
1163,37.5,697,450,-0.071478,0.96713
1163,44,697,450,0.016441,0.9691
1163,50.5,697,450,0.13222,0.97182
1163,57,697,450,0.30192,0.97473
1163,63.5,697,450,0.46788,0.97618
1163,70,697,450,0.70508,0.97628
1163,76.5,697,450,1.0276,0.9731
1163,83,697,450,1.4,0.96833
1163,89.5,697,450,1.8824,0.9668
1163,96,697,450,2.4433,0.97595
1163,102.5,697,450,-3.0846,0.98375
1163,109,697,450,-2.2757,0.97283
1163,115.5,697,450,-1.3251,0.95221
1163,122,697,450,-0.27418,0.94827
1163,128.5,697,450,-0.36981,0.34323
1163,135,697,450,0.87373,0.67956
1163,141.5,697,450,1.7197,0.7288
1163,148,697,450,2.5793,0.71862
1163,154.5,697,450,-2.4849,0.24115
1163,161,697,450,2.5363,0.4434
1163,167.5,697,450,-3.0755,0.70052
1163,174,697,450,-1.9213,0.86659
1163,180.5,697,450,-2.291,0.61655
1163,187,697,450,-2.2958,0.97849
1163,193.5,697,450,-1.5653,0.88054
1163,200,697,450,-0.40488,0.3809
1214,5,697,450,-0.26305,0.96006
1214,11.5,697,450,-0.26305,0.96006
1214,18,697,450,-0.22957,0.96091
1214,24.5,697,450,-0.19134,0.96184
1214,31,697,450,-0.13424,0.9631
1214,37.5,697,450,-0.065465,0.96446
1214,44,697,450,0.026633,0.96607
1214,50.5,697,450,0.14757,0.96781
1214,57,697,450,0.32439,0.96878
1214,63.5,697,450,0.49682,0.96841
1214,70,697,450,0.74297,0.96702
1214,76.5,697,450,1.0766,0.9651
1214,83,697,450,1.4641,0.9679
1214,89.5,697,450,1.9702,0.97623
1214,96,697,450,2.5636,0.9901
1214,102.5,697,450,-2.927,0.98663
1214,109,697,450,-2.0892,0.97015
1214,115.5,697,450,-0.77445,0.96314
1214,122,697,450,-0.044082,0.98884
1214,128.5,697,450,0.31584,0.7296
1214,135,697,450,1.3345,0.87078
1214,141.5,697,450,2.1997,0.90514
1214,148,697,450,-2.9767,0.65065
1214,154.5,697,450,2.3442,0.3557
1214,161,697,450,-2.9744,0.7621
1214,167.5,697,450,-2.5566,0.91964
1214,174,697,450,-1.5358,0.77423
1214,180.5,697,450,-1.6379,0.87942
1214,187,697,450,-1.5528,0.95737
1214,193.5,697,450,-0.77312,0.95905
1214,200,697,450,-1.2049,0.71407
1265,5,697,450,-0.26703,0.95784
1265,11.5,697,450,-0.26703,0.95784
1265,18,697,450,-0.23206,0.95862
1265,24.5,697,450,-0.19206,0.95946
1265,31,697,450,-0.13254,0.96045
1265,37.5,697,450,-0.060867,0.96144
1265,44,697,450,0.035141,0.96237
1265,50.5,697,450,0.16072,0.96321
1265,57,697,450,0.34391,0.96344
1265,63.5,697,450,0.52246,0.96333
1265,70,697,450,0.77728,0.96406
1265,76.5,697,450,1.1244,0.96804
1265,83,697,450,1.5311,0.97778
1265,89.5,697,450,2.0654,0.99105
1265,96,697,450,2.6891,0.99219
1265,102.5,697,450,-2.7722,0.97668
1265,109,697,450,-1.9025,0.96799
1265,115.5,697,450,-1.4067,0.91367
1265,122,697,450,0.10731,0.98486
1265,128.5,697,450,0.79344,0.93071
1265,135,697,450,1.7013,0.9743
1265,141.5,697,450,2.6165,0.95777
1265,148,697,450,2.0617,0.27563
1265,154.5,697,450,-3.1208,0.82781
1265,161,697,450,-2.5127,0.91499
1265,167.5,697,450,-2.1479,0.9635
1265,174,697,450,-1.8283,0.98575
1265,180.5,697,450,-0.98651,0.9876
1265,187,697,450,-0.89338,0.92969
1265,193.5,697,450,-0.98042,0.43385
1265,200,697,450,-0.64912,0.84057
1316,5,697,450,-0.27906,0.95819
1316,11.5,697,450,-0.27906,0.95819
1316,18,697,450,-0.24265,0.95876
1316,24.5,697,450,-0.20101,0.95927
1316,31,697,450,-0.13924,0.95984
1316,37.5,697,450,-0.064869,0.96051
1316,44,697,450,0.034765,0.96105
1316,50.5,697,450,0.16474,0.96191
1316,57,697,450,0.35435,0.96332
1316,63.5,697,450,0.53946,0.96505
1316,70,697,450,0.80502,0.96978
1316,76.5,697,450,1.1687,0.97889
1316,83,697,450,1.597,0.99005
1316,89.5,697,450,2.158,0.99245
1316,96,697,450,2.8046,0.98186
1316,102.5,697,450,-2.6312,0.96809
1316,109,697,450,-1.7229,0.96785
1316,115.5,697,450,-1.2252,0.899
1316,122,697,450,0.2099,0.96509
1316,128.5,697,450,1.0898,0.97955
1316,135,697,450,1.9572,0.98957
1316,141.5,697,450,-2.7632,0.49422
1316,148,697,450,2.9958,0.90266
1316,154.5,697,450,-2.6936,0.96003
1316,161,697,450,-2.1333,0.97868
1316,167.5,697,450,-1.7926,0.92108
1316,174,697,450,-1.3433,0.94813
1316,180.5,697,450,-2.3006,0.0011705
1316,187,697,450,-1.0089,0.55917
1316,193.5,697,450,0.15799,0.32358
1316,200,697,450,-0.16721,0.95679
1367,5,697,450,-0.28275,0.96096
1367,11.5,697,450,-0.28275,0.96096
1367,18,697,450,-0.24507,0.96129
1367,24.5,697,450,-0.20189,0.96156
1367,31,697,450,-0.13809,0.96183
1367,37.5,697,450,-0.061124,0.96245
1367,44,697,450,0.042107,0.96321
1367,50.5,697,450,0.17674,0.96484
1367,57,697,450,0.37367,0.96822
1367,63.5,697,450,0.5664,0.97223
1367,70,697,450,0.84434,0.97918
1367,76.5,697,450,1.2262,0.98757
1367,83,697,450,1.6743,0.99038
1367,89.5,697,450,2.2554,0.98125
1367,96,697,450,2.9203,0.96905
1367,102.5,697,450,-2.4834,0.97343
1367,109,697,450,-1.5376,0.97004
1367,115.5,697,450,-0.99551,0.86388
1367,122,697,450,0.29604,0.97349
1367,128.5,697,450,1.3024,0.97848
1367,135,697,450,2.1531,0.97928
1367,141.5,697,450,2.7055,0.94341
1367,148,697,450,-2.9142,0.97602
1367,154.5,697,450,-2.3566,0.96922
1367,161,697,450,-1.7868,0.93583
1367,167.5,697,450,-1.4346,0.8535
1367,174,697,450,-1.0331,0.9425
1367,180.5,697,450,-0.37467,0.96718
1367,187,697,450,-0.23829,0.93373
1367,193.5,697,450,-0.61901,0.48228
1367,200,697,450,0.38733,0.87714
1418,5,697,450,-0.28512,0.96383
1418,11.5,697,450,-0.28512,0.96383
1418,18,697,450,-0.2462,0.96396
1418,24.5,697,450,-0.20158,0.96433
1418,31,697,450,-0.13578,0.96483
1418,37.5,697,450,-0.056125,0.96569
1418,44,697,450,0.050927,0.96708
1418,50.5,697,450,0.19078,0.96986
1418,57,697,450,0.39588,0.97432
1418,63.5,697,450,0.59704,0.97849
1418,70,697,450,0.88747,0.98355
1418,76.5,697,450,1.2851,0.98493
1418,83,697,450,1.7479,0.97897
1418,89.5,697,450,2.3445,0.96785
1418,96,697,450,3.032,0.97131
1418,102.5,697,450,-2.3318,0.98405
1418,109,697,450,-1.3493,0.9697
1418,115.5,697,450,-0.69991,0.76658
1418,122,697,450,0.39553,0.98811
1418,128.5,697,450,1.489,0.9719
1418,135,697,450,2.6407,0.8349
1418,141.5,697,450,3.0066,0.98104
1418,148,697,450,-2.6317,0.96598
1418,154.5,697,450,-2.0549,0.93067
1418,161,697,450,-1.4161,0.87937
1418,167.5,697,450,-0.88341,0.82281
1418,174,697,450,-0.95012,0.99487
1418,180.5,697,450,-0.27898,0.99434
1418,187,697,450,0.33086,0.9918
1418,193.5,697,450,0.19296,0.5521
1418,200,697,450,0.91203,0.67028
1469,5,697,450,-0.28665,0.96427
1469,11.5,697,450,-0.28665,0.96427
1469,18,697,450,-0.24646,0.96459
1469,24.5,697,450,-0.20034,0.96512
1469,31,697,450,-0.13236,0.96643
1469,37.5,697,450,-0.049893,0.9676
1469,44,697,450,0.061284,0.96946
1469,50.5,697,450,0.20668,0.97245
1469,57,697,450,0.42009,0.97604
1469,63.5,697,450,0.62917,0.97826
1469,70,697,450,0.93031,0.97859
1469,76.5,697,450,1.3401,0.97413
1469,83,697,450,1.8148,0.96783
1469,89.5,697,450,2.43,0.96872
1469,96,697,450,-3.1348,0.98493
1469,102.5,697,450,-2.1747,0.98602
1469,109,697,450,-1.1602,0.9727
1469,115.5,697,450,-0.37712,0.72236
1469,122,697,450,0.54757,0.98825
1469,128.5,697,450,1.7324,0.95897
1469,135,697,450,2.4321,1.0008
1469,141.5,697,450,-3.0391,0.97304
1469,148,697,450,-2.3502,0.94215
1469,154.5,697,450,-1.6777,0.90735
1469,161,697,450,-0.34534,0.34864
1469,167.5,697,450,-1.0237,0.83745
1469,174,697,450,-0.54755,0.96559
1469,180.5,697,450,0.14833,0.95819
1469,187,697,450,0.84694,0.93467
1469,193.5,697,450,0.78004,0.65547
1469,200,697,450,1.6791,0.64821
