500,25,630,260,-0.14523,0.95869
500,30,630,260,-0.07668,0.96122
500,35,630,260,-0.0032978,0.9636
500,40,630,260,0.10425,0.96545
500,45,630,260,0.19979,0.96563
500,50,630,260,0.3356,0.96563
500,55,630,260,0.48503,0.96461
500,60,630,260,0.68841,0.96091
500,65,630,260,0.87969,0.95759
500,70,630,260,1.1187,0.95638
500,75,630,260,1.3583,0.9543
500,80,630,260,1.6498,0.95074
500,85,630,260,2.0003,0.94971
500,90,630,260,2.3473,0.94965
500,95,630,260,2.6638,0.95077
500,100,630,260,3.0227,0.9549
500,105,630,260,-2.8949,0.96269
500,110,630,260,-2.5125,0.96946
500,115,630,260,-2.1515,0.96091
500,120,630,260,-1.7493,0.9221
500,125,630,260,-1.3715,0.86394
500,130,630,260,-0.92292,0.79385
500,135,630,260,-0.50273,0.75111
500,140,630,260,-0.34678,0.74895
500,145,630,260,-0.15956,0.76327
500,150,630,260,-0.043428,0.77679
510,25,630,260,-0.15567,0.95696
510,30,630,260,-0.086022,0.95918
510,35,630,260,-0.01109,0.96114
510,40,630,260,0.098231,0.9625
510,45,630,260,0.19518,0.96238
510,50,630,260,0.33321,0.96202
510,55,630,260,0.48538,0.96092
510,60,630,260,0.69189,0.95756
510,65,630,260,0.88625,0.95521
510,70,630,260,1.1304,0.95566
510,75,630,260,1.3748,0.95478
510,80,630,260,1.6722,0.95311
510,85,630,260,2.0306,0.95451
510,90,630,260,2.386,0.95658
510,95,630,260,2.7089,0.95717
510,100,630,260,3.0773,0.96183
510,105,630,260,-2.8291,0.96691
510,110,630,260,-2.4382,0.96612
510,115,630,260,-2.0703,0.94371
510,120,630,260,-1.6669,0.89215
510,125,630,260,-1.2929,0.83184
510,130,630,260,-0.84867,0.77707
510,135,630,260,-0.42542,0.76012
510,140,630,260,-0.2643,0.77043
510,145,630,260,-0.066539,0.80033
510,150,630,260,0.058303,0.82316
520,25,630,260,-0.1496,0.95713
520,30,630,260,-0.078632,0.95905
520,35,630,260,-0.0022732,0.96069
520,40,630,260,0.10901,0.96167
520,45,630,260,0.20768,0.96131
520,50,630,260,0.34807,0.96076
520,55,630,260,0.50293,0.95984
520,60,630,260,0.71311,0.95698
520,65,630,260,0.91122,0.95566
520,70,630,260,1.1605,0.95785
520,75,630,260,1.4102,0.95831
520,80,630,260,1.7142,0.95789
520,85,630,260,2.0811,0.96109
520,90,630,260,2.4456,0.96348
520,95,630,260,2.777,0.96658
520,100,630,260,-3.1273,0.97041
520,105,630,260,-2.741,0.97165
520,110,630,260,-2.3402,0.95592
520,115,630,260,-1.9681,0.92556
520,120,630,260,-1.5674,0.86399
520,125,630,260,-1.1958,0.80907
520,130,630,260,-0.751,0.77671
520,135,630,260,-0.31512,0.79067
520,140,630,260,-0.14405,0.81282
520,145,630,260,0.070578,0.85666
520,150,630,260,0.20723,0.88311
530,25,630,260,-0.15887,0.95567
530,30,630,260,-0.086854,0.95727
530,35,630,260,-0.0090351,0.95853
530,40,630,260,0.10393,0.95918
530,45,630,260,0.20395,0.95869
530,50,630,260,0.3465,0.95806
530,55,630,260,0.50411,0.95747
530,60,630,260,0.71756,0.95544
530,65,630,260,0.91895,0.95539
530,70,630,260,1.1739,0.95934
530,75,630,260,1.4289,0.96097
530,80,630,260,1.739,0.96214
530,85,630,260,2.1142,0.96477
530,90,630,260,2.4871,0.96891
530,95,630,260,2.8269,0.97039
530,100,630,260,-3.0678,0.97263
530,105,630,260,-2.6734,0.96598
530,110,630,260,-2.2677,0.94142
530,115,630,260,-1.8937,0.90119
530,120,630,260,-1.4952,0.84057
530,125,630,260,-1.1257,0.79492
530,130,630,260,-0.67645,0.78528
530,135,630,260,-0.22333,0.82569
530,140,630,260,-0.040938,0.8563
530,145,630,260,0.19141,0.90449
530,150,630,260,0.33906,0.92822
540,25,630,260,-0.15369,0.95605
540,30,630,260,-0.080427,0.95735
540,35,630,260,-0.0012483,0.95834
540,40,630,260,0.1136,0.95876
540,45,630,260,0.21531,0.95822
540,50,630,260,0.3602,0.95767
540,55,630,260,0.52055,0.95761
540,60,630,260,0.73784,0.95653
540,65,630,260,0.94328,0.95777
540,70,630,260,1.2039,0.96334
540,75,630,260,1.4644,0.9661
540,80,630,260,1.7817,0.96845
540,85,630,260,2.1659,0.97259
540,90,630,260,2.5488,0.97602
540,95,630,260,2.8958,0.9751
540,100,630,260,-2.9888,0.97314
540,105,630,260,-2.5863,0.95867
540,110,630,260,-2.1761,0.92105
540,115,630,260,-1.8008,0.8792
540,120,630,260,-1.4066,0.82343
540,125,630,260,-1.0353,0.79478
540,130,630,260,-0.57368,0.8112
540,135,630,260,-0.093588,0.8748
540,140,630,260,0.10352,0.90745
540,145,630,260,0.35616,0.94588
540,150,630,260,0.51316,0.95696
550,25,630,260,-0.14126,0.95673
550,30,630,260,-0.06677,0.95776
550,35,630,260,0.013739,0.95851
550,40,630,260,0.13045,0.95879
550,45,630,260,0.23384,0.95828
550,50,630,260,0.38108,0.9579
550,55,630,260,0.54426,0.95849
550,60,630,260,0.7655,0.95847
550,65,630,260,0.97515,0.96107
550,70,630,260,1.2416,0.96808
550,75,630,260,1.5079,0.97174
550,80,630,260,1.8323,0.97494
550,85,630,260,2.2256,0.97861
550,90,630,260,2.6178,0.98007
550,95,630,260,2.973,0.97738
550,100,630,260,-2.9039,0.96876
550,105,630,260,-2.493,0.9477
550,110,630,260,-2.0822,0.90373
550,115,630,260,-1.7058,0.86365
550,120,630,260,-1.3124,0.81726
550,125,630,260,-0.93722,0.80743
550,130,630,260,-0.45624,0.84641
550,135,630,260,0.056657,0.92124
550,140,630,260,0.26809,0.9459
550,145,630,260,0.53559,0.95894
550,150,630,260,0.69777,0.949
560,25,630,260,-0.15137,0.95555
560,30,630,260,-0.075939,0.95632
560,35,630,260,0.0059288,0.95686
560,40,630,260,0.12426,0.95712
560,45,630,260,0.229,0.9568
560,50,630,260,0.37844,0.9568
560,55,630,260,0.54457,0.9582
560,60,630,260,0.76948,0.9595
560,65,630,260,0.98305,0.96346
560,70,630,260,1.2557,0.9715
560,75,630,260,1.5277,0.97561
560,80,630,260,1.8588,0.97908
560,85,630,260,2.26,0.98158
560,90,630,260,2.6603,0.97968
560,95,630,260,3.0226,0.97376
560,100,630,260,-2.8465,0.9581
560,105,630,260,-2.4319,0.9334
560,110,630,260,-2.0198,0.88518
560,115,630,260,-1.643,0.85046
560,120,630,260,-1.2489,0.81738
560,125,630,260,-0.86532,0.82424
560,130,630,260,-0.36362,0.88251
560,135,630,260,0.17929,0.94928
560,140,630,260,0.40089,0.95737
560,145,630,260,0.67409,0.93897
560,150,630,260,0.83588,0.91234
570,25,630,260,-0.14645,0.9564
570,30,630,260,-0.06984,0.95698
570,35,630,260,0.013322,0.9574
570,40,630,260,0.13351,0.95774
570,45,630,260,0.23995,0.95765
570,50,630,260,0.39183,0.95808
570,55,630,260,0.56095,0.96036
570,60,630,260,0.78998,0.96282
570,65,630,260,1.0082,0.96797
570,70,630,260,1.2871,0.97673
570,75,630,260,1.565,0.98107
570,80,630,260,1.9035,0.98433
570,85,630,260,2.3134,0.98511
570,90,630,260,2.723,0.97976
570,95,630,260,3.0916,0.96989
570,100,630,260,-2.7713,0.94973
570,105,630,260,-2.353,0.91732
570,110,630,260,-1.9394,0.8737
570,115,630,260,-1.5613,0.84463
570,120,630,260,-1.1605,0.83078
570,125,630,260,-0.76437,0.85573
570,130,630,260,-0.23397,0.9227
570,135,630,260,0.33738,0.95983
570,140,630,260,0.56416,0.94344
570,145,630,260,0.83526,0.8956
570,150,630,260,0.99221,0.85753
580,25,630,260,-0.15529,0.95565
580,30,630,260,-0.077778,0.95608
580,35,630,260,0.006704,0.95644
580,40,630,260,0.12852,0.95696
580,45,630,260,0.23639,0.95722
580,50,630,260,0.39057,0.95822
580,55,630,260,0.56288,0.96142
580,60,630,260,0.79593,0.96522
580,65,630,260,1.0184,0.97131
580,70,630,260,1.3036,0.98015
580,75,630,260,1.5873,0.98413
580,80,630,260,1.9325,0.98626
580,85,630,260,2.3503,0.98369
580,90,630,260,2.7669,0.97498
580,95,630,260,3.1413,0.96243
580,100,630,260,-2.7164,0.93675
580,105,630,260,-2.2953,0.90479
580,110,630,260,-1.8821,0.86473
580,115,630,260,-1.4997,0.84536
580,120,630,260,-1.0909,0.84931
580,125,630,260,-0.68065,0.88689
580,130,630,260,-0.12296,0.94885
580,135,630,260,0.46626,0.94278
580,140,630,260,0.69218,0.90722
580,145,630,260,0.95459,0.84295
580,150,630,260,1.1053,0.80236
590,25,630,260,-0.14997,0.95675
590,30,630,260,-0.071319,0.95708
590,35,630,260,0.014447,0.95747
590,40,630,260,0.13816,0.95827
590,45,630,260,0.2478,0.95892
590,50,630,260,0.40453,0.9605
590,55,630,260,0.58005,0.9646
590,60,630,260,0.81765,0.96945
590,65,630,260,1.0449,0.9762
590,70,630,260,1.3364,0.98477
590,75,630,260,1.626,0.98809
590,80,630,260,1.9784,0.98895
590,85,630,260,2.404,0.98351
590,90,630,260,2.8275,0.97011
590,95,630,260,-3.0749,0.95504
590,100,630,260,-2.6459,0.92528
590,105,630,260,-2.2205,0.89376
590,110,630,260,-1.8048,0.86227
590,115,630,260,-1.4154,0.85768
590,120,630,260,-0.99512,0.87689
590,125,630,260,-0.56343,0.92202
590,130,630,260,0.019889,0.96297
590,135,630,260,0.61622,0.90629
590,140,630,260,0.83655,0.85824
590,145,630,260,1.0869,0.79129
590,150,630,260,1.2309,0.75618
600,25,630,260,-0.14512,0.95805
600,30,630,260,-0.065341,0.95832
600,35,630,260,0.02172,0.95878
600,40,630,260,0.14736,0.95991
600,45,630,260,0.25884,0.96097
600,50,630,260,0.41819,0.96315
600,55,630,260,0.59705,0.9681
600,60,630,260,0.83928,0.9739
600,65,630,260,1.0714,0.98099
600,70,630,260,1.3692,0.98874
600,75,630,260,1.6646,0.99099
600,80,630,260,2.0239,0.98999
600,85,630,260,2.457,0.98157
600,90,630,260,2.8873,0.96401
600,95,630,260,-3.0105,0.9472
600,100,630,260,-2.5761,0.916
600,105,630,260,-2.1472,0.88874
600,110,630,260,-1.7273,0.86864
600,115,630,260,-1.329,0.87478
600,120,630,260,-0.89223,0.90887
600,125,630,260,-0.43934,0.9514
600,130,630,260,0.16291,0.95494
600,135,630,260,0.75392,0.86016
600,140,630,260,0.96655,0.81005
600,145,630,260,1.206,0.75271
600,150,630,260,1.3453,0.72723
