500,5,675,450,-0.2181,0.95679
500,11.5,675,450,-0.2181,0.95679
500,18,675,450,-0.20288,0.95777
500,24.5,675,450,-0.18671,0.95895
500,31,675,450,-0.15998,0.96049
500,37.5,675,450,-0.12891,0.96243
500,44,675,450,-0.08934,0.9648
500,50.5,675,450,-0.034774,0.9676
500,57,675,450,0.046008,0.97099
500,63.5,675,450,0.12542,0.97336
500,70,675,450,0.23552,0.97588
500,76.5,675,450,0.38757,0.97786
500,83,675,450,0.56244,0.97833
500,89.5,675,450,0.79268,0.97525
500,96,675,450,1.0679,0.97225
500,102.5,675,450,1.4657,0.97231
500,109,675,450,1.9525,0.97749
500,115.5,675,450,2.8698,0.84187
500,122,675,450,1.637,0.055952
500,128.5,675,450,2.7295,0.54376
500,135,675,450,-3.0354,0.64887
500,141.5,675,450,-2.6599,0.69204
500,148,675,450,-2.3517,0.72973
500,154.5,675,450,-2.0791,0.76801
500,161,675,450,-1.7564,0.76074
500,167.5,675,450,-1.7454,0.89609
500,174,675,450,-1.4742,0.88542
500,180.5,675,450,-1.1836,0.87245
500,187,675,450,-0.7746,0.74496
500,193.5,675,450,3.0314,0.00027826
500,200,675,450,-1.6659,0.61441
551,5,675,450,-0.22208,0.95449
551,11.5,675,450,-0.22208,0.95449
551,18,675,450,-0.20525,0.95536
551,24.5,675,450,-0.18715,0.95648
551,31,675,450,-0.15782,0.95757
551,37.5,675,450,-0.12351,0.95907
551,44,675,450,-0.079477,0.96075
551,50.5,675,450,-0.019387,0.96243
551,57,675,450,0.069312,0.96417
551,63.5,675,450,0.15653,0.96505
551,70,675,450,0.27773,0.96616
551,76.5,675,450,0.44445,0.96639
551,83,675,450,0.63732,0.96711
551,89.5,675,450,0.89162,0.96623
551,96,675,450,1.1965,0.96965
551,102.5,675,450,1.6326,0.97722
551,109,675,450,2.1467,0.98692
551,115.5,675,450,-3.1211,0.86406
551,122,675,450,2.5529,0.537
551,128.5,675,450,-2.992,0.78017
551,135,675,450,-2.544,0.83936
551,141.5,675,450,-2.1929,0.87857
551,148,675,450,-1.8895,0.91613
551,154.5,675,450,-1.6139,0.94356
551,161,675,450,-1.2747,0.96564
551,167.5,675,450,-1.0795,0.96096
551,174,675,450,-0.63614,0.8499
551,180.5,675,450,-2.2179,2.9849e-05
551,187,675,450,-2.2616,0.30803
551,193.5,675,450,-1.0785,0.71517
551,200,675,450,-0.83129,0.76395
602,5,675,450,-0.23296,0.95506
602,11.5,675,450,-0.23296,0.95506
602,18,675,450,-0.21462,0.95556
602,24.5,675,450,-0.19472,0.95624
602,31,675,450,-0.16307,0.95672
602,37.5,675,450,-0.12584,0.95751
602,44,675,450,-0.077791,0.95831
602,50.5,675,450,-0.012756,0.95907
602,57,675,450,0.083096,0.96005
602,63.5,675,450,0.17743,0.96047
602,70,675,450,0.30903,0.96164
602,76.5,675,450,0.49068,0.96421
602,83,675,450,0.70242,0.96902
602,89.5,675,450,0.98286,0.97333
602,96,675,450,1.3195,0.98033
602,102.5,675,450,1.79,0.98171
602,109,675,450,2.3118,0.97512
602,115.5,675,450,-2.5383,0.56744
602,122,675,450,-3.1046,0.88202
602,128.5,675,450,-2.5778,0.93782
602,135,675,450,-2.1594,0.96315
602,141.5,675,450,-1.8015,0.98198
602,148,675,450,-1.4823,0.98746
602,154.5,675,450,-1.1361,0.99148
602,161,675,450,-1,0.96634
602,167.5,675,450,-0.10308,0.65592
602,174,675,450,-1.2803,0.44435
602,180.5,675,450,-0.3978,0.33776
602,187,675,450,-0.85834,0.93139
602,193.5,675,450,-0.55941,0.89535
602,200,675,450,-0.35913,0.89548
653,5,675,450,-0.23708,0.95809
653,11.5,675,450,-0.23708,0.95809
653,18,675,450,-0.21747,0.95828
653,24.5,675,450,-0.19597,0.95849
653,31,675,450,-0.16224,0.9587
653,37.5,675,450,-0.12237,0.95914
653,44,675,450,-0.070626,0.95964
653,50.5,675,450,-0.00087785,0.96053
653,57,675,450,0.10213,0.96223
653,63.5,675,450,0.20377,0.96387
653,70,675,450,0.34663,0.96732
653,76.5,675,450,0.5449,0.97368
653,83,675,450,0.77809,0.98207
653,89.5,675,450,1.0872,0.9881
653,96,675,450,1.455,0.99036
653,102.5,675,450,1.9543,0.98042
653,109,675,450,2.479,0.96608
653,115.5,675,450,3.0054,0.94593
653,122,675,450,-2.7587,0.97194
653,128.5,675,450,-2.2734,0.98523
653,135,675,450,-1.8602,0.98564
653,141.5,675,450,-1.474,0.97445
653,148,675,450,-0.87993,0.88103
653,154.5,675,450,-1.2022,0.8896
653,161,675,450,-0.72074,0.94437
653,167.5,675,450,-0.88518,0.76322
653,174,675,450,-0.42858,0.8276
653,180.5,675,450,-0.9317,0.78742
653,187,675,450,-0.32407,0.95666
653,193.5,675,450,-0.060798,0.95703
653,200,675,450,0.16929,0.91627
704,5,675,450,-0.2398,0.96113
704,11.5,675,450,-0.2398,0.96113
704,18,675,450,-0.21904,0.96124
704,24.5,675,450,-0.19611,0.96137
704,31,675,450,-0.16028,0.96188
704,37.5,675,450,-0.11778,0.9626
704,44,675,450,-0.062273,0.96363
704,50.5,675,450,0.012523,0.96556
704,57,675,450,0.12341,0.96903
704,63.5,675,450,0.23315,0.97211
704,70,675,450,0.38859,0.9775
704,76.5,675,450,0.60528,0.98508
704,83,675,450,0.86087,0.99167
704,89.5,675,450,1.1979,0.9924
704,96,675,450,1.593,0.98686
704,102.5,675,450,2.1198,0.9753
704,109,675,450,2.6693,0.97211
704,115.5,675,450,-3.0487,0.98361
704,122,675,450,-2.5405,0.98519
704,128.5,675,450,-2.0453,0.97352
704,135,675,450,-1.6143,0.95966
704,141.5,675,450,-2.6284,0.077337
704,148,675,450,-1.1236,0.95392
704,154.5,675,450,-0.8057,0.96457
704,161,675,450,-0.46383,0.96176
704,167.5,675,450,-0.21718,0.98726
704,174,675,450,0.28439,0.93408
704,180.5,675,450,-0.22954,0.70339
704,187,675,450,0.16733,0.8183
704,193.5,675,450,0.46052,0.80451
704,200,675,450,0.8352,0.66596
755,5,675,450,-0.24175,0.96157
755,11.5,675,450,-0.24175,0.96157
755,18,675,450,-0.21973,0.96196
755,24.5,675,450,-0.19532,0.96247
755,31,675,450,-0.15715,0.96355
755,37.5,675,450,-0.11177,0.96492
755,44,675,450,-0.052097,0.96681
755,50.5,675,450,0.02833,0.96972
755,57,675,450,0.14787,0.97409
755,63.5,675,450,0.26626,0.97745
755,70,675,450,0.43489,0.98245
755,76.5,675,450,0.66903,0.98677
755,83,675,450,0.9449,0.98643
755,89.5,675,450,1.3065,0.98141
755,96,675,450,1.7256,0.97532
755,102.5,675,450,2.2886,0.97091
755,109,675,450,2.9013,0.97272
755,115.5,675,450,-2.9101,0.99317
755,122,675,450,-2.3609,0.97699
755,128.5,675,450,-1.8295,0.94887
755,135,675,450,-2.195,0.75165
755,141.5,675,450,-1.1469,0.99217
755,148,675,450,-0.78641,0.99121
755,154.5,675,450,-0.44059,0.98981
755,161,675,450,0.19358,0.86714
755,167.5,675,450,0.24853,0.96002
755,174,675,450,1.1413,0.58036
755,180.5,675,450,0.26864,0.6598
755,187,675,450,0.66819,0.70639
755,193.5,675,450,1.1112,0.56818
755,200,675,450,1.2059,0.67221
806,5,675,450,-0.24399,0.95902
806,11.5,675,450,-0.24399,0.95902
806,18,675,450,-0.22055,0.95981
806,24.5,675,450,-0.19438,0.96088
806,31,675,450,-0.15363,0.96231
806,37.5,675,450,-0.10507,0.96412
806,44,675,450,-0.040887,0.96639
806,50.5,675,450,0.045459,0.96941
806,57,675,450,0.17362,0.9728
806,63.5,675,450,0.30045,0.97479
806,70,675,450,0.48098,0.97682
806,76.5,675,450,0.73078,0.97653
806,83,675,450,1.0237,0.97249
806,89.5,675,450,1.407,0.96831
806,96,675,450,1.853,0.96925
806,102.5,675,450,2.4592,0.97228
806,109,675,450,-3.1305,0.93135
806,115.5,675,450,-2.7597,0.99005
806,122,675,450,-2.1526,0.97101
806,128.5,675,450,-1.2529,0.73105
806,135,675,450,-1.3264,0.99027
806,141.5,675,450,-0.85107,0.98853
806,148,675,450,-0.43573,0.96256
806,154.5,675,450,-0.020325,0.89851
806,161,675,450,-1.1641,0.1032
806,167.5,675,450,0.7241,0.8273
806,174,675,450,2.0773,0.042724
806,180.5,675,450,0.97191,0.80889
806,187,675,450,1.6938,0.68215
806,193.5,675,450,-0.82965,0.17961
806,200,675,450,1.1744,0.97222
857,5,675,450,-0.24762,0.95578
857,11.5,675,450,-0.24762,0.95578
857,18,675,450,-0.22267,0.95672
857,24.5,675,450,-0.1945,0.95795
857,31,675,450,-0.1511,0.95925
857,37.5,675,450,-0.09928,0.96093
857,44,675,450,-0.030607,0.96279
857,50.5,675,450,0.061326,0.96466
857,57,675,450,0.19753,0.96608
857,63.5,675,450,0.33177,0.9669
857,70,675,450,0.52271,0.96695
857,76.5,675,450,0.78608,0.9655
857,83,675,450,1.0957,0.96508
857,89.5,675,450,1.503,0.96968
857,96,675,450,1.9822,0.978
857,102.5,675,450,2.6341,0.97655
857,109,675,450,-2.8904,0.90885
857,115.5,675,450,-2.537,0.95496
857,122,675,450,-1.7902,0.90596
857,128.5,675,450,-1.8353,0.88888
857,135,675,450,-1.0488,0.97899
857,141.5,675,450,-0.51934,0.94313
857,148,675,450,-0.035969,0.88467
857,154.5,675,450,0.46729,0.79725
857,161,675,450,-0.18174,0.27658
857,167.5,675,450,1.4185,0.52327
857,174,675,450,0.80281,0.92271
857,180.5,675,450,3.0557,0.0018632
857,187,675,450,1.3849,0.36986
857,193.5,675,450,1.0606,0.68878
857,200,675,450,1.8553,0.79527
908,5,675,450,-0.25241,0.95463
908,11.5,675,450,-0.25241,0.95463
908,18,675,450,-0.22587,0.95533
908,24.5,675,450,-0.19574,0.95617
908,31,675,450,-0.14988,0.95704
908,37.5,675,450,-0.095006,0.95815
908,44,675,450,-0.022182,0.95922
908,50.5,675,450,0.074771,0.9601
908,57,675,450,0.21806,0.96057
908,63.5,675,450,0.3592,0.96148
908,70,675,450,0.56004,0.96203
908,76.5,675,450,0.83832,0.96511
908,83,675,450,1.1681,0.97286
908,89.5,675,450,1.6045,0.98303
908,96,675,450,2.1188,0.98937
908,102.5,675,450,2.8107,0.97554
908,109,675,450,-2.6626,0.92617
908,115.5,675,450,-2.2273,0.88948
908,122,675,450,-0.87067,0.29413
908,128.5,675,450,-1.4543,0.92245
908,135,675,450,-0.703,0.92834
908,141.5,675,450,-0.090272,0.87459
908,148,675,450,0.51687,0.80143
908,154.5,675,450,1.1728,0.69805
908,161,675,450,-2.0184,0.011473
908,167.5,675,450,2.5177,0.042136
908,174,675,450,0.18118,0.12374
908,180.5,675,450,1.4342,0.55581
908,187,675,450,2.7528,0.2716
908,193.5,675,450,1.9476,0.68103
908,200,675,450,2.5272,0.7113
959,5,675,450,-0.26446,0.9565
959,11.5,675,450,-0.26446,0.9565
959,18,675,450,-0.23643,0.95699
959,24.5,675,450,-0.20476,0.95715
959,31,675,450,-0.15667,0.95757
959,37.5,675,450,-0.099019,0.9582
959,44,675,450,-0.022393,0.95883
959,50.5,675,450,0.079273,0.95965
959,57,675,450,0.22953,0.96128
959,63.5,675,450,0.37793,0.96341
959,70,675,450,0.5905,0.96764
959,76.5,675,450,0.88606,0.97563
959,83,675,450,1.2389,0.98585
959,89.5,675,450,1.7064,0.99378
959,96,675,450,2.2521,0.98778
959,102.5,675,450,2.9773,0.97421
959,109,675,450,-2.4441,0.97188
959,115.5,675,450,-1.8423,0.76819
959,122,675,450,-2.872,0.084802
959,128.5,675,450,-1.0727,0.8671
959,135,675,450,-0.24247,0.82452
959,141.5,675,450,0.5128,0.72228
959,148,675,450,1.2866,0.53362
959,154.5,675,450,2.0758,0.34748
959,161,675,450,-1.1416,0.35941
959,167.5,675,450,0.92638,0.13174
959,174,675,450,1.3287,0.55482
959,180.5,675,450,2.3251,0.65636
959,187,675,450,1.3835,0.23169
959,193.5,675,450,2.9012,0.88469
959,200,675,450,-2.8001,0.92032
1010,5,675,450,-0.26766,0.95991
1010,11.5,675,450,-0.26766,0.95991
1010,18,675,450,-0.23854,0.95985
1010,24.5,675,450,-0.20546,0.96006
1010,31,675,450,-0.15524,0.96041
1010,37.5,675,450,-0.094945,0.96106
1010,44,675,450,-0.014555,0.96197
1010,50.5,675,450,0.092085,0.96374
1010,57,675,450,0.2502,0.96727
1010,63.5,675,450,0.4069,0.97123
1010,70,675,450,0.63251,0.9778
1010,76.5,675,450,0.94762,0.98655
1010,83,675,450,1.3235,0.99182
1010,89.5,675,450,1.8176,0.9877
1010,96,675,450,2.3872,0.97636
1010,102.5,675,450,-3.1362,0.97333
1010,109,675,450,-2.2396,0.97966
1010,115.5,675,450,-1.4156,0.69247
1010,122,675,450,-2.1575,0.28405
1010,128.5,675,450,-0.58592,0.7482
1010,135,675,450,0.35675,0.64452
1010,141.5,675,450,1.2138,0.46078
1010,148,675,450,2.0343,0.26635
1010,154.5,675,450,2.9312,0.10134
1010,161,675,450,0.31916,0.68606
1010,167.5,675,450,2.9559,0.36288
1010,174,675,450,2.2297,0.52602
1010,180.5,675,450,2.9968,0.65829
1010,187,675,450,-2.9132,0.76761
1010,193.5,675,450,-2.4143,0.78351
1010,200,675,450,-1.536,0.90946
1061,5,675,450,-0.26972,0.96172
1061,11.5,675,450,-0.26972,0.96172
1061,18,675,450,-0.23942,0.9621
1061,24.5,675,450,-0.20483,0.96245
1061,31,675,450,-0.15243,0.96316
1061,37.5,675,450,-0.089333,0.96427
1061,44,675,450,-0.004898,0.96592
1061,50.5,675,450,0.1073,0.96875
1061,57,675,450,0.27417,0.97341
1061,63.5,675,450,0.43979,0.97752
1061,70,675,450,0.67881,0.98256
1061,76.5,675,450,1.012,0.98558
1061,83,675,450,1.4067,0.98226
1061,89.5,675,450,1.9212,0.97262
1061,96,675,450,2.5156,0.9689
1061,102.5,675,450,-2.9673,0.97423
1061,109,675,450,-2.0549,0.97125
1061,115.5,675,450,-1.0234,0.7196
1061,122,675,450,-1.5202,0.31634
1061,128.5,675,450,-0.035514,0.62173
1061,135,675,450,0.95435,0.5086
1061,141.5,675,450,1.8409,0.3537
1061,148,675,450,2.8138,0.14875
1061,154.5,675,450,0.98479,0.03465
1061,161,675,450,2.1873,0.71704
1061,167.5,675,450,-2.0724,0.48043
1061,174,675,450,3.0037,0.43072
1061,180.5,675,450,2.5154,0.12066
1061,187,675,450,-2.2836,0.6819
1061,193.5,675,450,-1.7548,0.7286
1061,200,675,450,0.79692,0.17851
1112,5,675,450,-0.27187,0.96019
1112,11.5,675,450,-0.27187,0.96019
1112,18,675,450,-0.24001,0.96159
1112,24.5,675,450,-0.20376,0.96229
1112,31,675,450,-0.14896,0.96349
1112,37.5,675,450,-0.082812,0.96507
1112,44,675,450,0.0060343,0.96721
1112,50.5,675,450,0.12413,0.97023
1112,57,675,450,0.29983,0.97392
1112,63.5,675,450,0.47402,0.97616
1112,70,675,450,0.72481,0.97764
1112,76.5,675,450,1.0727,0.97434
1112,83,675,450,1.4823,0.96884
1112,89.5,675,450,2.0177,0.96677
1112,96,675,450,2.6437,0.97673
1112,102.5,675,450,-2.7961,0.9791
1112,109,675,450,-1.8799,0.95875
1112,115.5,675,450,-0.6645,0.83397
1112,122,675,450,-0.89215,0.36362
1112,128.5,675,450,0.49357,0.60417
1112,135,675,450,1.4914,0.5486
1112,141.5,675,450,2.5286,0.36178
1112,148,675,450,0.89257,0.0043919
1112,154.5,675,450,2.3241,0.58286
1112,161,675,450,-3.1144,0.79581
1112,167.5,675,450,-1.389,0.36533
1112,174,675,450,-2.603,0.49643
1112,180.5,675,450,-2.3243,0.84497
1112,187,675,450,-1.7559,0.81764
1112,193.5,675,450,-0.99579,0.72854
1112,200,675,450,-1.9879,0.74601
1163,5,675,450,-0.2757,0.96033
1163,11.5,675,450,-0.2757,0.96033
1163,18,675,450,-0.24246,0.96111
1163,24.5,675,450,-0.20441,0.96204
1163,31,675,450,-0.14697,0.96343
1163,37.5,675,450,-0.077602,0.96507
1163,44,675,450,0.01573,0.96694
1163,50.5,675,450,0.13951,0.96894
1163,57,675,450,0.32317,0.97041
1163,63.5,675,450,0.50474,0.97042
1163,70,675,450,0.76553,0.96946
1163,76.5,675,450,1.126,0.96683
1163,83,675,450,1.553,0.96875
1163,89.5,675,450,2.1158,0.97787
1163,96,675,450,2.7792,0.98892
1163,102.5,675,450,-2.6252,0.97711
1163,109,675,450,-1.6939,0.9692
1163,115.5,675,450,-0.37042,0.9388
1163,122,675,450,-0.27507,0.54691
1163,128.5,675,450,0.96562,0.7221
1163,135,675,450,2.0229,0.69991
1163,141.5,675,450,-2.7163,0.10011
1163,148,675,450,2.2677,0.5116
1163,154.5,675,450,3.1093,0.7542
1163,161,675,450,-2.6295,0.8657
1163,167.5,675,450,-0.56452,0.015301
1163,174,675,450,-1.9359,0.75621
1163,180.5,675,450,-1.6675,0.97027
1163,187,675,450,-1.0507,0.93004
1163,193.5,675,450,-1.6516,0.48178
1163,200,675,450,-0.87981,0.81081
1214,5,675,450,-0.27995,0.95761
1214,11.5,675,450,-0.27995,0.95761
1214,18,675,450,-0.24517,0.95848
1214,24.5,675,450,-0.20527,0.95933
1214,31,675,450,-0.14524,0.96049
1214,37.5,675,450,-0.072779,0.96182
1214,44,675,450,0.024791,0.96304
1214,50.5,675,450,0.15366,0.96394
1214,57,675,450,0.34436,0.96427
1214,63.5,675,450,0.53244,0.96404
1214,70,675,450,0.80311,0.96449
1214,76.5,675,450,1.1785,0.96863
1214,83,675,450,1.6271,0.9793
1214,89.5,675,450,2.2224,0.99084
1214,96,675,450,2.9181,0.98983
1214,102.5,675,450,-2.4534,0.97444
1214,109,675,450,-1.4684,0.98421
1214,115.5,675,450,-0.15255,0.97386
1214,122,675,450,0.2643,0.78952
1214,128.5,675,450,1.3905,0.8916
1214,135,675,450,2.6149,0.73519
1214,141.5,675,450,1.994,0.42329
1214,148,675,450,2.9673,0.76585
1214,154.5,675,450,-2.726,0.84669
1214,161,675,450,-2.2719,0.94651
1214,167.5,675,450,-1.9298,0.97006
1214,174,675,450,-1.2609,0.97625
1214,180.5,675,450,-0.95067,0.97256
1214,187,675,450,-1.4071,0.31189
1214,193.5,675,450,-0.84565,0.81239
1214,200,675,450,-0.38308,0.82343
1265,5,675,450,-0.28483,0.95763
1265,11.5,675,450,-0.28483,0.95763
1265,18,675,450,-0.24856,0.95828
1265,24.5,675,450,-0.20688,0.95886
1265,31,675,450,-0.14446,0.95949
1265,37.5,675,450,-0.069095,0.96039
1265,44,675,450,0.032371,0.96112
1265,50.5,675,450,0.16597,0.9618
1265,57,675,450,0.36357,0.963
1265,63.5,675,450,0.55889,0.96468
1265,70,675,450,0.84093,0.96959
1265,76.5,675,450,1.2347,0.97949
1265,83,675,450,1.708,0.99029
1265,89.5,675,450,2.3331,0.99286
1265,96,675,450,3.0538,0.97852
1265,102.5,675,450,-2.2836,0.97361
1265,109,675,450,-1.2195,0.94609
1265,115.5,675,450,0.010506,0.97535
1265,122,675,450,0.66789,0.94042
1265,128.5,675,450,1.7392,0.97825
1265,135,675,450,1.0328,0.0088944
1265,141.5,675,450,2.741,0.82207
1265,148,675,450,-2.8848,0.91528
1265,154.5,675,450,-2.3386,0.96578
1265,161,675,450,-1.8976,0.96593
1265,167.5,675,450,-1.4174,0.96154
1265,174,675,450,-1.6165,0.62851
1265,180.5,675,450,-1.2984,0.39487
1265,187,675,450,-0.15018,0.35105
1265,193.5,675,450,-0.37055,0.93722
1265,200,675,450,0.062971,0.94012
1316,5,675,450,-0.29733,0.96033
1316,11.5,675,450,-0.29733,0.96033
1316,18,675,450,-0.25968,0.96065
1316,24.5,675,450,-0.2164,0.96099
1316,31,675,450,-0.15184,0.96129
1316,37.5,675,450,-0.073702,0.962
1316,44,675,450,0.031559,0.96286
1316,50.5,675,450,0.17006,0.96439
1316,57,675,450,0.37538,0.96772
1316,63.5,675,450,0.57903,0.97187
1316,70,675,450,0.87463,0.97918
1316,76.5,675,450,1.2887,0.98853
1316,83,675,450,1.7843,0.99084
1316,89.5,675,450,2.4322,0.98035
1316,96,675,450,-3.1072,0.97081
1316,102.5,675,450,-2.1205,0.97692
1316,109,675,450,-1.0009,0.93157
1316,115.5,675,450,-0.11067,0.97097
1316,122,675,450,0.93676,0.98719
1316,128.5,675,450,2.0089,0.99194
1316,135,675,450,2.3974,0.86839
1316,141.5,675,450,-3.1394,0.9561
1316,148,675,450,-2.5215,0.98212
1316,154.5,675,450,-1.955,0.96312
1316,161,675,450,-1.4901,0.85777
1316,167.5,675,450,-0.86488,0.77061
1316,174,675,450,-0.63347,0.97753
1316,180.5,675,450,-0.40018,0.87432
1316,187,675,450,-0.93323,0.49957
1316,193.5,675,450,0.1501,0.92794
1316,200,675,450,0.65153,0.89164
1367,5,675,450,-0.29994,0.9634
1367,11.5,675,450,-0.29994,0.9634
1367,18,675,450,-0.26103,0.96362
1367,24.5,675,450,-0.21622,0.96386
1367,31,675,450,-0.14959,0.9644
1367,37.5,675,450,-0.068688,0.96529
1367,44,675,450,0.040561,0.96675
1367,50.5,675,450,0.18461,0.96955
1367,57,675,450,0.39878,0.97405
1367,63.5,675,450,0.6115,0.97863
1367,70,675,450,0.92093,0.98414
1367,76.5,675,450,1.3528,0.98598
1367,83,675,450,1.8652,0.97843
1367,89.5,675,450,2.5315,0.9691
1367,96,675,450,-2.9789,0.97578
1367,102.5,675,450,-1.948,0.97867
1367,109,675,450,-0.77893,0.92119
1367,115.5,675,450,0.10153,0.99154
1367,122,675,450,1.1331,0.98405
1367,128.5,675,450,1.1051,1.497e-05
1367,135,675,450,2.7747,0.97076
1367,141.5,675,450,-2.8139,0.97755
1367,148,675,450,-2.1849,0.93399
1367,154.5,675,450,-1.5447,0.82759
1367,161,675,450,-0.34781,0.13558
1367,167.5,675,450,-0.99693,0.99394
1367,174,675,450,0.13223,0.74374
1367,180.5,675,450,0.26466,0.98261
1367,187,675,450,-0.046605,0.56327
1367,193.5,675,450,0.70406,0.71077
1367,200,675,450,0.89005,0.86655
1418,5,675,450,-0.30164,0.96428
1418,11.5,675,450,-0.30164,0.96428
1418,18,675,450,-0.26152,0.96453
1418,24.5,675,450,-0.2151,0.96504
1418,31,675,450,-0.14614,0.96618
1418,37.5,675,450,-0.062333,0.96742
1418,44,675,450,0.051239,0.96939
1418,50.5,675,450,0.20114,0.97246
1418,57,675,450,0.42435,0.97623
1418,63.5,675,450,0.64576,0.9788
1418,70,675,450,0.9672,0.97931
1418,76.5,675,450,1.4126,0.97454
1418,83,675,450,1.9391,0.96896
1418,89.5,675,450,2.6287,0.97354
1418,96,675,450,-2.8449,0.98713
1418,102.5,675,450,-1.7767,0.97792
1418,109,675,450,-0.56188,0.97224
1418,115.5,675,450,0.2204,0.98924
1418,122,675,450,1.3037,0.97329
1418,128.5,675,450,2.2149,0.97833
1418,135,675,450,3.0435,0.98082
1418,141.5,675,450,-2.5198,0.93447
1418,148,675,450,-1.8103,0.85109
1418,154.5,675,450,-2.6857,0.17816
1418,161,675,450,-0.9059,0.89574
1418,167.5,675,450,-0.6111,0.96947
1418,174,675,450,-0.086417,0.96814
1418,180.5,675,450,0.94379,0.83764
1418,187,675,450,0.5522,0.59509
1418,193.5,675,450,1.4443,0.52563
1418,200,675,450,1.145,0.98697
1469,5,675,450,-0.30392,0.96208
1469,11.5,675,450,-0.30392,0.96208
1469,18,675,450,-0.26241,0.96253
1469,24.5,675,450,-0.21432,0.96338
1469,31,675,450,-0.14266,0.965
1469,37.5,675,450,-0.055776,0.96653
1469,44,675,450,0.06225,0.96844
1469,50.5,675,450,0.21793,0.97066
1469,57,675,450,0.44923,0.9721
1469,63.5,675,450,0.67795,0.97193
1469,70,675,450,1.0089,0.96981
1469,76.5,675,450,1.4663,0.96659
1469,83,675,450,2.0103,0.97159
1469,89.5,675,450,2.7318,0.98713
1469,96,675,450,-2.7057,0.98953
1469,102.5,675,450,-1.6049,0.97403
1469,109,675,450,-0.35353,0.97753
1469,115.5,675,450,0.38282,0.98553
1469,122,675,450,1.5598,0.96404
1469,128.5,675,450,2.4298,0.99427
1469,135,675,450,-2.9746,0.95461
1469,141.5,675,450,-2.1586,0.88907
1469,148,675,450,-0.22005,0.0031675
1469,154.5,675,450,-1.3465,0.88482
1469,161,675,450,-0.33608,0.81695
1469,167.5,675,450,-0.077217,0.84431
1469,174,675,450,0.32603,0.9545
1469,180.5,675,450,1.6883,0.45436
1469,187,675,450,1.6181,0.77686
1469,193.5,675,450,2.3512,0.022228
1469,200,675,450,1.7818,0.89818
