500,5,652,450,-0.23027,0.95486
500,11.5,652,450,-0.23027,0.95486
500,18,652,450,-0.21439,0.95584
500,24.5,652,450,-0.19736,0.95695
500,31,652,450,-0.16907,0.95825
500,37.5,652,450,-0.13585,0.95989
500,44,652,450,-0.093354,0.96184
500,50.5,652,450,-0.033865,0.96376
500,57,652,450,0.055597,0.96513
500,63.5,652,450,0.14508,0.96481
500,70,652,450,0.27024,0.96326
500,76.5,652,450,0.44717,0.95705
500,83,652,450,0.65759,0.94714
500,89.5,652,450,0.94102,0.93442
500,96,652,450,1.292,0.92196
500,102.5,652,450,1.8318,0.91482
500,109,652,450,2.6815,0.65993
500,115.5,652,450,2.5623,0.3728
500,122,652,450,3.0338,0.48959
500,128.5,652,450,-2.7448,0.57814
500,135,652,450,-2.3739,0.62273
500,141.5,652,450,-2.0776,0.64559
500,148,652,450,-1.8259,0.6451
500,154.5,652,450,-1.6846,0.63195
500,161,652,450,-1.3793,0.71316
500,167.5,652,450,-1.1239,0.57823
500,174,652,450,-1.0642,0.28819
500,180.5,652,450,-1.3785,0.32673
500,187,652,450,-1.2988,0.56896
500,193.5,652,450,-1.0949,0.69215
500,200,652,450,-0.91163,0.74364
551,5,652,450,-0.23526,0.95359
551,11.5,652,450,-0.23526,0.95359
551,18,652,450,-0.21774,0.95432
551,24.5,652,450,-0.1987,0.95512
551,31,652,450,-0.16777,0.95581
551,37.5,652,450,-0.13123,0.95682
551,44,652,450,-0.084126,0.95791
551,50.5,652,450,-0.018912,0.95859
551,57,652,450,0.078906,0.95844
551,63.5,652,450,0.17679,0.95676
551,70,652,450,0.31413,0.95391
551,76.5,652,450,0.50828,0.9481
551,83,652,450,0.7409,0.94071
551,89.5,652,450,1.0543,0.9309
551,96,652,450,1.4402,0.92189
551,102.5,652,450,2.0078,0.914
551,109,652,450,2.8726,0.61063
551,115.5,652,450,2.8991,0.60233
551,122,652,450,-2.8934,0.70656
551,128.5,652,450,-2.4187,0.79008
551,135,652,450,-2.0321,0.84354
551,141.5,652,450,-1.6943,0.85938
551,148,652,450,-1.4037,0.80743
551,154.5,652,450,-1.1081,0.75558
551,161,652,450,-0.77175,0.35388
551,167.5,652,450,-1.1675,0.30345
551,174,652,450,-1.0758,0.33634
551,180.5,652,450,-1.0273,0.73105
551,187,652,450,-0.79434,0.79138
551,193.5,652,450,-0.59778,0.79994
551,200,652,450,-0.41466,0.79896
602,5,652,450,-0.24718,0.95578
602,11.5,652,450,-0.24718,0.95578
602,18,652,450,-0.22819,0.95603
602,24.5,652,450,-0.20741,0.95624
602,31,652,450,-0.17416,0.95639
602,37.5,652,450,-0.13466,0.95674
602,44,652,450,-0.083431,0.95708
602,50.5,652,450,-0.013027,0.95717
602,57,652,450,0.092562,0.95687
602,63.5,652,450,0.19846,0.95543
602,70,652,450,0.34801,0.95419
602,76.5,652,450,0.56022,0.95102
602,83,652,450,0.81633,0.94703
602,89.5,652,450,1.1606,0.93954
602,96,652,450,1.5775,0.92635
602,102.5,652,450,2.1549,0.90748
602,109,652,450,2.8192,0.52778
602,115.5,652,450,-3.0516,0.84217
602,122,652,450,-2.5523,0.89346
602,128.5,652,450,-2.0728,0.90252
602,135,652,450,-1.6684,0.81637
602,141.5,652,450,-1.4509,0.68552
602,148,652,450,-1.1942,0.76858
602,154.5,652,450,-0.81832,0.68383
602,161,652,450,-1.0826,0.40206
602,167.5,652,450,-0.76608,0.44815
602,174,652,450,-1.0413,0.60655
602,180.5,652,450,-0.59989,0.92138
602,187,652,450,-0.38381,0.93412
602,193.5,652,450,-0.18147,0.93552
602,200,652,450,0.017146,0.91865
653,5,652,450,-0.25081,0.95951
653,11.5,652,450,-0.25081,0.95951
653,18,652,450,-0.23055,0.95954
653,24.5,652,450,-0.20827,0.95939
653,31,652,450,-0.17286,0.95952
653,37.5,652,450,-0.13061,0.95976
653,44,652,450,-0.075448,0.96017
653,50.5,652,450,0.00015305,0.96087
653,57,652,450,0.11394,0.9619
653,63.5,652,450,0.22835,0.96198
653,70,652,450,0.39126,0.96303
653,76.5,652,450,0.62345,0.96264
653,83,652,450,0.90476,0.95911
653,89.5,652,450,1.2802,0.94987
653,96,652,450,1.7252,0.9307
653,102.5,652,450,2.3152,0.91123
653,109,652,450,2.8976,0.8995
653,115.5,652,450,-2.7615,0.91363
653,122,652,450,-2.2621,0.89623
653,128.5,652,450,-1.8055,0.73596
653,135,652,450,-1.6005,0.69391
653,141.5,652,450,-1.2961,0.80984
653,148,652,450,-0.9862,0.81535
653,154.5,652,450,-0.67723,0.66403
653,161,652,450,-0.4816,0.74579
653,167.5,652,450,-0.33324,0.31325
653,174,652,450,-0.49298,0.72472
653,180.5,652,450,-0.11837,0.89589
653,187,652,450,0.11424,0.89167
653,193.5,652,450,0.35447,0.81181
653,200,652,450,0.51505,0.82813
704,5,652,450,-0.25305,0.96144
704,11.5,652,450,-0.25305,0.96144
704,18,652,450,-0.23158,0.96163
704,24.5,652,450,-0.2078,0.96175
704,31,652,450,-0.17009,0.96238
704,37.5,652,450,-0.12496,0.96317
704,44,652,450,-0.065598,0.96436
704,50.5,652,450,0.01574,0.96623
704,57,652,450,0.13858,0.96882
704,63.5,652,450,0.26238,0.96992
704,70,652,450,0.43973,0.97162
704,76.5,652,450,0.69264,0.97013
704,83,652,450,0.99848,0.96211
704,89.5,652,450,1.4034,0.94855
704,96,652,450,1.8769,0.92906
704,102.5,652,450,2.5057,0.91535
704,109,652,450,3.0734,0.89539
704,115.5,652,450,-2.552,0.86586
704,122,652,450,-2.0617,0.79523
704,128.5,652,450,-1.8052,0.73241
704,135,652,450,-1.3653,0.8995
704,141.5,652,450,-0.98916,0.8851
704,148,652,450,-0.64316,0.80403
704,154.5,652,450,-0.49685,0.66248
704,161,652,450,0.12576,0.6045
704,167.5,652,450,-0.21077,0.21363
704,174,652,450,-0.022148,0.59645
704,180.5,652,450,0.3954,0.62221
704,187,652,450,0.64615,0.43482
704,193.5,652,450,0.42727,0.59622
704,200,652,450,0.73033,0.86086
755,5,652,450,-0.2554,0.9599
755,11.5,652,450,-0.2554,0.9599
755,18,652,450,-0.23256,0.96046
755,24.5,652,450,-0.20705,0.96119
755,31,652,450,-0.16673,0.9624
755,37.5,652,450,-0.11838,0.96382
755,44,652,450,-0.054371,0.96574
755,50.5,652,450,0.033227,0.96816
755,57,652,450,0.16561,0.9707
755,63.5,652,450,0.29894,0.97119
755,70,652,450,0.49034,0.97023
755,76.5,652,450,0.76209,0.96392
755,83,652,450,1.0889,0.95203
755,89.5,652,450,1.5219,0.93711
755,96,652,450,2.0296,0.92306
755,102.5,652,450,2.7236,0.89276
755,109,652,450,-3.0896,0.86352
755,115.5,652,450,-2.38,0.80668
755,122,652,450,-1.9718,0.66864
755,128.5,652,450,-1.4926,0.91414
755,135,652,450,-1.018,0.84596
755,141.5,652,450,-0.5933,0.70204
755,148,652,450,-0.24322,0.47906
755,154.5,652,450,-0.37283,0.60262
755,161,652,450,0.54472,0.30537
755,167.5,652,450,-0.021173,0.29305
755,174,652,450,0.51198,0.50677
755,180.5,652,450,0.95841,0.26892
755,187,652,450,0.22442,0.20676
755,193.5,652,450,0.81437,0.87439
755,200,652,450,1.2387,0.95666
806,5,652,450,-0.259,0.95629
806,11.5,652,450,-0.259,0.95629
806,18,652,450,-0.23457,0.95718
806,24.5,652,450,-0.20704,0.95825
806,31,652,450,-0.16393,0.95959
806,37.5,652,450,-0.11214,0.96117
806,44,652,450,-0.043294,0.96305
806,50.5,652,450,0.050465,0.96483
806,57,652,450,0.19193,0.9657
806,63.5,652,450,0.33409,0.96445
806,70,652,450,0.53802,0.96065
806,76.5,652,450,0.82635,0.952
806,83,652,450,1.1734,0.94215
806,89.5,652,450,1.635,0.93112
806,96,652,450,2.18,0.92096
806,102.5,652,450,2.9435,0.86236
806,109,652,450,-2.93,0.84354
806,115.5,652,450,-2.1565,0.73505
806,122,652,450,-1.7918,0.81007
806,128.5,652,450,-1.1715,0.75165
806,135,652,450,-0.67868,0.62868
806,141.5,652,450,-0.24253,0.4524
806,148,652,450,0.074129,0.26995
806,154.5,652,450,-0.017087,0.53176
806,161,652,450,0.71175,0.12329
806,167.5,652,450,0.73664,0.4598
806,174,652,450,1.1116,0.13085
806,180.5,652,450,1.0222,0.090029
806,187,652,450,0.83613,0.54998
806,193.5,652,450,1.4774,0.78341
806,200,652,450,1.8992,0.76126
857,5,652,450,-0.26409,0.95397
857,11.5,652,450,-0.26409,0.95397
857,18,652,450,-0.23805,0.95493
857,24.5,652,450,-0.20847,0.95567
857,31,652,450,-0.16264,0.95657
857,37.5,652,450,-0.10749,0.95772
857,44,652,450,-0.034046,0.95888
857,50.5,652,450,0.065451,0.95951
857,57,652,450,0.21508,0.95873
857,63.5,652,450,0.36506,0.95639
857,70,652,450,0.58039,0.95293
857,76.5,652,450,0.885,0.94703
857,83,652,450,1.2549,0.94306
857,89.5,652,450,1.7487,0.93874
857,96,652,450,2.3332,0.92521
857,102.5,652,450,-3.1274,0.85849
857,109,652,450,-2.7049,0.79433
857,115.5,652,450,-1.8569,0.31961
857,122,652,450,-1.5557,0.71412
857,128.5,652,450,-0.87372,0.59374
857,135,652,450,-0.31962,0.47909
857,141.5,652,450,0.21845,0.34736
857,148,652,450,0.83746,0.20909
857,154.5,652,450,0.6387,0.022601
857,161,652,450,0.48087,0.046453
857,167.5,652,450,0.69879,0.16174
857,174,652,450,1.3605,0.29302
857,180.5,652,450,1.1556,0.085839
857,187,652,450,1.6324,0.47817
857,193.5,652,450,2.1899,0.52781
857,200,652,450,2.6229,0.35852
908,5,652,450,-0.2694,0.95514
908,11.5,652,450,-0.2694,0.95514
908,18,652,450,-0.24184,0.95567
908,24.5,652,450,-0.21047,0.95578
908,31,652,450,-0.16218,0.95612
908,37.5,652,450,-0.10399,0.95667
908,44,652,450,-0.026351,0.95716
908,50.5,652,450,0.078332,0.95732
908,57,652,450,0.23564,0.95679
908,63.5,652,450,0.3934,0.95545
908,70,652,450,0.62092,0.95496
908,76.5,652,450,0.9446,0.95517
908,83,652,450,1.3406,0.95552
908,89.5,652,450,1.8694,0.951
908,96,652,450,2.4896,0.9277
908,102.5,652,450,-2.9188,0.88387
908,109,652,450,-2.3799,0.73977
908,115.5,652,450,-2.1438,0.37071
908,122,652,450,-1.2835,0.64328
908,128.5,652,450,-0.48557,0.5209
908,135,652,450,0.27957,0.41983
908,141.5,652,450,1.2246,0.26726
908,148,652,450,2.5965,0.10695
908,154.5,652,450,-0.81834,0.24264
908,161,652,450,0.27382,0.13776
908,167.5,652,450,1.378,0.36974
908,174,652,450,2.1384,0.34182
908,180.5,652,450,1.8462,0.26864
908,187,652,450,2.5507,0.53837
908,193.5,652,450,-3.1325,0.51657
908,200,652,450,-3.0767,0.072646
959,5,652,450,-0.28174,0.95853
959,11.5,652,450,-0.28174,0.95853
959,18,652,450,-0.25272,0.95866
959,24.5,652,450,-0.21992,0.95857
959,31,652,450,-0.16944,0.95867
959,37.5,652,450,-0.10842,0.959
959,44,652,450,-0.026784,0.95949
959,50.5,652,450,0.083143,0.96033
959,57,652,450,0.2487,0.96186
959,63.5,652,450,0.41535,0.96212
959,70,652,450,0.65697,0.96486
959,76.5,652,450,1.0027,0.9675
959,83,652,450,1.4255,0.96368
959,89.5,652,450,1.9867,0.95101
959,96,652,450,2.6378,0.92874
959,102.5,652,450,-2.7187,0.91311
959,109,652,450,-2,0.64245
959,115.5,652,450,-1.8373,0.45657
959,122,652,450,-0.90138,0.60269
959,128.5,652,450,0.14632,0.49302
959,135,652,450,1.2564,0.29214
959,141.5,652,450,2.5295,0.090483
959,148,652,450,-1.9302,0.017822
959,154.5,652,450,0.34303,0.34552
959,161,652,450,1.2669,0.1387
959,167.5,652,450,2.1628,0.41071
959,174,652,450,2.7989,0.42594
959,180.5,652,450,-3.1319,0.64715
959,187,652,450,-2.5808,0.65661
959,193.5,652,450,-1.6376,0.40715
959,200,652,450,2.7083,0.012628
1010,5,652,450,-0.28412,0.96106
1010,11.5,652,450,-0.28412,0.96106
1010,18,652,450,-0.25407,0.96129
1010,24.5,652,450,-0.21961,0.96153
1010,31,652,450,-0.16691,0.96193
1010,37.5,652,450,-0.10301,0.9626
1010,44,652,450,-0.017168,0.96375
1010,50.5,652,450,0.098555,0.96574
1010,57,652,450,0.27343,0.96876
1010,63.5,652,450,0.44986,0.96978
1010,70,652,450,0.70656,0.97193
1010,76.5,652,450,1.0736,0.96965
1010,83,652,450,1.5193,0.95809
1010,89.5,652,450,2.1072,0.9383
1010,96,652,450,2.792,0.92261
1010,102.5,652,450,-2.5266,0.89942
1010,109,652,450,-1.6125,0.62251
1010,115.5,652,450,-1.3885,0.47837
1010,122,652,450,-0.33414,0.54484
1010,128.5,652,450,0.93932,0.37738
1010,135,652,450,2.149,0.1337
1010,141.5,652,450,2.6113,0.00087334
1010,148,652,450,1.562,0.076212
1010,154.5,652,450,2.0188,0.50869
1010,161,652,450,2.7959,0.054501
1010,167.5,652,450,2.9773,0.42082
1010,174,652,450,-2.7914,0.4036
1010,180.5,652,450,-2.2908,0.61655
1010,187,652,450,-1.7412,0.59481
1010,193.5,652,450,-0.40993,0.049907
1010,200,652,450,-2.6958,0.28553
1061,5,652,450,-0.28621,0.96066
1061,11.5,652,450,-0.28621,0.96066
1061,18,652,450,-0.25466,0.96133
1061,24.5,652,450,-0.21855,0.96191
1061,31,652,450,-0.16335,0.96292
1061,37.5,652,450,-0.096331,0.96416
1061,44,652,450,-0.0058778,0.96595
1061,50.5,652,450,0.11613,0.96837
1061,57,652,450,0.30069,0.97098
1061,63.5,652,450,0.48678,0.97043
1061,70,652,450,0.75721,0.96862
1061,76.5,652,450,1.1417,0.96043
1061,83,652,450,1.6064,0.9455
1061,89.5,652,450,2.2202,0.93156
1061,96,652,450,2.9406,0.921
1061,102.5,652,450,-2.3559,0.89331
1061,109,652,450,-1.2591,0.68535
1061,115.5,652,450,-0.85421,0.47108
1061,122,652,450,0.27919,0.44568
1061,128.5,652,450,1.5504,0.27982
1061,135,652,450,2.2592,0.034363
1061,141.5,652,450,1.7907,0.19626
1061,148,652,450,2.6908,0.42393
1061,154.5,652,450,3.1255,0.70452
1061,161,652,450,-2.6029,0.055065
1061,167.5,652,450,-2.5648,0.39056
1061,174,652,450,-2.432,0.58201
1061,180.5,652,450,-1.753,0.67177
1061,187,652,450,-1.0729,0.42898
1061,193.5,652,450,-2.1986,0.23194
1061,200,652,450,-1.4493,0.6748
1112,5,652,450,-0.28969,0.95765
1112,11.5,652,450,-0.28969,0.95765
1112,18,652,450,-0.25623,0.95852
1112,24.5,652,450,-0.21827,0.9594
1112,31,652,450,-0.16033,0.96074
1112,37.5,652,450,-0.089951,0.96223
1112,44,652,450,0.0052745,0.96401
1112,50.5,652,450,0.13346,0.96569
1112,57,652,450,0.32697,0.96624
1112,63.5,652,450,0.52157,0.96361
1112,70,652,450,0.8038,0.95876
1112,76.5,652,450,1.203,0.94913
1112,83,652,450,1.6876,0.94242
1112,89.5,652,450,2.3337,0.93785
1112,96,652,450,3.0914,0.92543
1112,102.5,652,450,-2.184,0.89712
1112,109,652,450,-0.94706,0.79037
1112,115.5,652,450,-0.36417,0.47898
1112,122,652,450,0.75548,0.43713
1112,128.5,652,450,1.9164,0.22153
1112,135,652,450,1.8261,0.2196
1112,141.5,652,450,2.6162,0.50135
1112,148,652,450,-2.9929,0.50706
1112,154.5,652,450,-2.689,0.7857
1112,161,652,450,-2.6205,0.20091
1112,167.5,652,450,-2.0527,0.41246
1112,174,652,450,-1.7979,0.7975
1112,180.5,652,450,-1.1631,0.56232
1112,187,652,450,-1.4621,0.41118
1112,193.5,652,450,-1.0024,0.75028
1112,200,652,450,-0.49978,0.78446
1163,5,652,450,-0.29501,0.95745
1163,11.5,652,450,-0.29501,0.95745
1163,18,652,450,-0.2604,0.95829
1163,24.5,652,450,-0.2205,0.9592
1163,31,652,450,-0.15975,0.96023
1163,37.5,652,450,-0.085998,0.96139
1163,44,652,450,0.013792,0.96249
1163,50.5,652,450,0.1476,0.96294
1163,57,652,450,0.349,0.96191
1163,63.5,652,450,0.55115,0.95891
1163,70,652,450,0.84458,0.95487
1163,76.5,652,450,1.2607,0.95121
1163,83,652,450,1.7709,0.95227
1163,89.5,652,450,2.4524,0.94844
1163,96,652,450,-3.0392,0.92864
1163,102.5,652,450,-1.9937,0.91506
1163,109,652,450,-0.70169,0.84192
1163,115.5,652,450,0.011863,0.57687
1163,122,652,450,1.1509,0.54984
1163,128.5,652,450,1.8677,0.22812
1163,135,652,450,2.3813,0.49746
1163,141.5,652,450,3.0288,0.58223
1163,148,652,450,-2.7327,0.57157
1163,154.5,652,450,-2.3978,0.88964
1163,161,652,450,-2.0179,0.82353
1163,167.5,652,450,-1.611,0.65792
1163,174,652,450,-1.0431,0.61296
1163,180.5,652,450,-1.108,0.4044
1163,187,652,450,-0.89516,0.75047
1163,193.5,652,450,-0.45732,0.79384
1163,200,652,450,0.11806,0.6665
1214,5,652,450,-0.30054,0.95708
1214,11.5,652,450,-0.30054,0.95708
1214,18,652,450,-0.26433,0.95775
1214,24.5,652,450,-0.22257,0.95841
1214,31,652,450,-0.15929,0.95888
1214,37.5,652,450,-0.082385,0.95957
1214,44,652,450,0.021622,0.9601
1214,50.5,652,450,0.16062,0.96018
1214,57,652,450,0.36963,0.95978
1214,63.5,652,450,0.57964,0.95888
1214,70,652,450,0.88556,0.95887
1214,76.5,652,450,1.3229,0.9624
1214,83,652,450,1.861,0.96239
1214,89.5,652,450,2.5757,0.9514
1214,96,652,450,-2.8837,0.92832
1214,102.5,652,450,-1.7826,0.90271
1214,109,652,450,-0.5386,0.83427
1214,115.5,652,450,0.34997,0.77212
1214,122,652,450,1.5655,0.62139
1214,128.5,652,450,2.009,0.45219
1214,135,652,450,2.7033,0.64379
1214,141.5,652,450,-2.9939,0.73326
1214,148,652,450,-2.4519,0.76101
1214,154.5,652,450,-2.0592,0.95077
1214,161,652,450,-1.4782,0.85957
1214,167.5,652,450,-1.0269,0.76197
1214,174,652,450,-1.1079,0.35442
1214,180.5,652,450,-1.1236,0.50701
1214,187,652,450,-0.49142,0.89206
1214,193.5,652,450,-0.062507,0.90285
1214,200,652,450,0.2408,0.777
1265,5,652,450,-0.30521,0.95983
1265,11.5,652,450,-0.30521,0.95983
1265,18,652,450,-0.26755,0.96021
1265,24.5,652,450,-0.22406,0.96054
1265,31,652,450,-0.15854,0.96063
1265,37.5,652,450,-0.078729,0.96104
1265,44,652,450,0.029352,0.96158
1265,50.5,652,450,0.17363,0.96242
1265,57,652,450,0.39106,0.96413
1265,63.5,652,450,0.61028,0.96534
1265,70,652,450,0.93101,0.96879
1265,76.5,652,450,1.3912,0.97019
1265,83,652,450,1.9548,0.96215
1265,89.5,652,450,2.6972,0.94166
1265,96,652,450,-2.7298,0.92218
1265,102.5,652,450,-1.576,0.87777
1265,109,652,450,-0.45189,0.81933
1265,115.5,652,450,0.67468,0.90388
1265,122,652,450,1.8086,0.42692
1265,128.5,652,450,2.2551,0.67394
1265,135,652,450,2.9865,0.8289
1265,141.5,652,450,-2.6446,0.86907
1265,148,652,450,-2.0903,0.63408
1265,154.5,652,450,-1.6513,0.62553
1265,161,652,450,-1.3353,0.91023
1265,167.5,652,450,-0.68543,0.48952
1265,174,652,450,-0.56643,0.69292
1265,180.5,652,450,-0.55089,0.78756
1265,187,652,450,-0.011125,0.93692
1265,193.5,652,450,0.42776,0.86577
1265,200,652,450,0.78679,0.80694
1316,5,652,450,-0.31743,0.96322
1316,11.5,652,450,-0.31743,0.96322
1316,18,652,450,-0.27847,0.96336
1316,24.5,652,450,-0.23336,0.96361
1316,31,652,450,-0.16563,0.96394
1316,37.5,652,450,-0.082939,0.96447
1316,44,652,450,0.029393,0.96557
1316,50.5,652,450,0.17952,0.96754
1316,57,652,450,0.40645,0.97069
1316,63.5,652,450,0.63555,0.97186
1316,70,652,450,0.97216,0.97372
1316,76.5,652,450,1.4523,0.96811
1316,83,652,450,2.0355,0.95215
1316,89.5,652,450,2.8035,0.93411
1316,96,652,450,-2.589,0.92064
1316,102.5,652,450,-1.3883,0.86248
1316,109,652,450,-0.36582,0.91753
1316,115.5,652,450,0.91369,0.88883
1316,122,652,450,1.6263,0.5366
1316,128.5,652,450,2.5346,0.86996
1316,135,652,450,-2.9599,0.87254
1316,141.5,652,450,-2.3181,0.63373
1316,148,652,450,-2.1142,0.55797
1316,154.5,652,450,-1.6082,0.6534
1316,161,652,450,-1.0513,0.96841
1316,167.5,652,450,-0.55521,0.90552
1316,174,652,450,0.14389,0.66342
1316,180.5,652,450,0.00305,0.65122
1316,187,652,450,0.5511,0.62227
1316,193.5,652,450,0.60775,0.66615
1316,200,652,450,1.1331,0.87229
1367,5,652,450,-0.31927,0.9641
1367,11.5,652,450,-0.31927,0.9641
1367,18,652,450,-0.27901,0.96431
1367,24.5,652,450,-0.23228,0.96474
1367,31,652,450,-0.16209,0.9657
1367,37.5,652,450,-0.076354,0.96672
1367,44,652,450,0.040568,0.96835
1367,50.5,652,450,0.19693,0.97075
1367,57,652,450,0.43383,0.97293
1367,63.5,652,450,0.67232,0.97223
1367,70,652,450,1.0222,0.96888
1367,76.5,652,450,1.5182,0.95716
1367,83,652,450,2.1195,0.9443
1367,89.5,652,450,2.9166,0.93706
1367,96,652,450,-2.4376,0.92323
1367,102.5,652,450,-1.1913,0.89551
1367,109,652,450,-0.24925,0.82846
1367,115.5,652,450,1.0807,0.81742
1367,122,652,450,1.8892,0.87845
1367,128.5,652,450,2.8577,0.86169
1367,135,652,450,-2.6617,0.65694
1367,141.5,652,450,-2.3403,0.4276
1367,148,652,450,-1.7468,0.85302
1367,154.5,652,450,-0.96256,0.48819
1367,161,652,450,-0.64388,0.84589
1367,167.5,652,450,-0.072719,0.85177
1367,174,652,450,0.75421,0.33739
1367,180.5,652,450,0.55198,0.47554
1367,187,652,450,0.9048,0.16937
1367,193.5,652,450,0.98812,0.92105
1367,200,652,450,1.5619,0.95134
1418,5,652,450,-0.32163,0.9618
1418,11.5,652,450,-0.32163,0.9618
1418,18,652,450,-0.28003,0.9624
1418,24.5,652,450,-0.2315,0.96306
1418,31,652,450,-0.15856,0.96432
1418,37.5,652,450,-0.069558,0.96569
1418,44,652,450,0.052085,0.96729
1418,50.5,652,450,0.21467,0.96879
1418,57,652,450,0.46035,0.96863
1418,63.5,652,450,0.70699,0.96538
1418,70,652,450,1.0678,0.9595
1418,76.5,652,450,1.5782,0.95047
1418,83,652,450,2.2017,0.94803
1418,89.5,652,450,3.0348,0.94731
1418,96,652,450,-2.2825,0.92988
1418,102.5,652,450,-0.98865,0.91509
1418,109,652,450,-0.14155,0.79797
1418,115.5,652,450,1.1747,0.74856
1418,122,652,450,2.1728,0.88871
1418,128.5,652,450,3.128,0.69037
1418,135,652,450,-2.4966,0.40338
1418,141.5,652,450,-2.0743,0.76027
1418,148,652,450,-1.2335,0.57768
1418,154.5,652,450,-0.51104,0.26074
1418,161,652,450,-0.17085,0.35591
1418,167.5,652,450,0.39022,0.68594
1418,174,652,450,0.97543,0.12841
1418,180.5,652,450,1.3539,0.18868
1418,187,652,450,0.56425,0.22588
1418,193.5,652,450,1.607,0.85156
1418,200,652,450,2.2429,0.64762
1469,5,652,450,-0.32582,0.95859
1469,11.5,652,450,-0.32582,0.95859
1469,18,652,450,-0.28273,0.95934
1469,24.5,652,450,-0.23229,0.96026
1469,31,652,450,-0.15652,0.9611
1469,37.5,652,450,-0.064161,0.96235
1469,44,652,450,0.062026,0.96342
1469,50.5,652,450,0.23017,0.96374
1469,57,652,450,0.48348,0.96205
1469,63.5,652,450,0.73738,0.95836
1469,70,652,450,1.1089,0.95521
1469,76.5,652,450,1.6374,0.95519
1469,83,652,450,2.2892,0.9592
1469,89.5,652,450,-3.1252,0.95119
1469,96,652,450,-2.1273,0.92687
1469,102.5,652,450,-0.78399,0.90192
1469,109,652,450,0.02697,0.7743
1469,115.5,652,450,1.3342,0.80748
1469,122,652,450,2.3989,0.78767
1469,128.5,652,450,-2.8894,0.53192
1469,135,652,450,-2.5705,0.4452
1469,141.5,652,450,-1.5762,0.55842
1469,148,652,450,-0.83429,0.31264
1469,154.5,652,450,-0.11148,0.18162
1469,161,652,450,0.36817,0.15749
1469,167.5,652,450,1.0682,0.35839
1469,174,652,450,1.3614,0.10354
1469,180.5,652,450,1.4499,0.23952
1469,187,652,450,1.3747,0.34772
1469,193.5,652,450,2.3308,0.51203
1469,200,652,450,2.3123,0.47883
