500,25,651,260,-0.13636,0.96047
500,30,651,260,-0.070703,0.96334
500,35,651,260,-0.00066532,0.96622
500,40,651,260,0.10141,0.9688
500,45,651,260,0.19214,0.96961
500,50,651,260,0.32074,0.97033
500,55,651,260,0.46215,0.96977
500,60,651,260,0.65329,0.96632
500,65,651,260,0.83239,0.96227
500,70,651,260,1.0546,0.95866
500,75,651,260,1.2773,0.95486
500,80,651,260,1.5492,0.94907
500,85,651,260,1.8753,0.94593
500,90,651,260,2.1984,0.94045
500,95,651,260,2.4946,0.93747
500,100,651,260,2.8358,0.9365
500,105,651,260,-3.0982,0.94022
500,110,651,260,-2.7355,0.95715
500,115,651,260,-2.3839,0.96599
500,120,651,260,-1.9847,0.96309
500,125,651,260,-1.5917,0.92799
500,130,651,260,-1.1159,0.84755
500,135,651,260,-0.67799,0.76502
500,140,651,260,-0.5198,0.74152
500,145,651,260,-0.33698,0.72474
500,150,651,260,-0.22558,0.7215
510,25,651,260,-0.14608,0.95873
510,30,651,260,-0.079313,0.96136
510,35,651,260,-0.0077258,0.96386
510,40,651,260,0.096118,0.96593
510,45,651,260,0.18825,0.96635
510,50,651,260,0.31903,0.96656
510,55,651,260,0.46306,0.96561
510,60,651,260,0.65709,0.96199
510,65,651,260,0.8389,0.95837
510,70,651,260,1.0654,0.95589
510,75,651,260,1.2924,0.95307
510,80,651,260,1.5692,0.94868
510,85,651,260,1.9015,0.94695
510,90,651,260,2.2323,0.94558
510,95,651,260,2.5356,0.94416
510,100,651,260,2.8847,0.9445
510,105,651,260,-3.0401,0.95056
510,110,651,260,-2.6666,0.96553
510,115,651,260,-2.3057,0.96661
510,120,651,260,-1.8976,0.94518
510,125,651,260,-1.5039,0.89482
510,130,651,260,-1.0336,0.81396
510,135,651,260,-0.6022,0.74906
510,140,651,260,-0.44431,0.73592
510,145,651,260,-0.25867,0.73535
510,150,651,260,-0.14405,0.74226
520,25,651,260,-0.13996,0.95868
520,30,651,260,-0.071883,0.96106
520,35,651,260,0.0011217,0.96324
520,40,651,260,0.1069,0.96487
520,45,651,260,0.20071,0.96495
520,50,651,260,0.33376,0.9648
520,55,651,260,0.4803,0.9637
520,60,651,260,0.67769,0.96013
520,65,651,260,0.86279,0.95708
520,70,651,260,1.0938,0.95599
520,75,651,260,1.3252,0.95416
520,80,651,260,1.6078,0.95143
520,85,651,260,1.9474,0.95172
520,90,651,260,2.2864,0.9516
520,95,651,260,2.5969,0.95197
520,100,651,260,2.9552,0.95653
520,105,651,260,-2.9588,0.96426
520,110,651,260,-2.5727,0.97075
520,115,651,260,-2.2026,0.96028
520,120,651,260,-1.7906,0.92222
520,125,651,260,-1.3982,0.86293
520,130,651,260,-0.93427,0.7902
520,135,651,260,-0.50322,0.75051
520,140,651,260,-0.34183,0.75089
520,145,651,260,-0.14787,0.76832
520,150,651,260,-0.025608,0.78566
530,25,651,260,-0.14865,0.95711
530,30,651,260,-0.07952,0.95918
530,35,651,260,-0.0050584,0.96098
530,40,651,260,0.10238,0.96216
530,45,651,260,0.19751,0.96195
530,50,651,260,0.33264,0.96148
530,55,651,260,0.48174,0.96033
530,60,651,260,0.68203,0.9571
530,65,651,260,0.87002,0.95476
530,70,651,260,1.1057,0.9554
530,75,651,260,1.3417,0.95484
530,80,651,260,1.6296,0.95348
530,85,651,260,1.9775,0.95567
530,90,651,260,2.323,0.95755
530,95,651,260,2.6408,0.95782
530,100,651,260,3.0083,0.96487
530,105,651,260,-2.8966,0.96884
530,110,651,260,-2.5008,0.96599
530,115,651,260,-2.1251,0.94677
530,120,651,260,-1.7111,0.89491
530,125,651,260,-1.3226,0.83271
530,130,651,260,-0.86147,0.77669
530,135,651,260,-0.42635,0.76242
530,140,651,260,-0.2592,0.77443
530,145,651,260,-0.053763,0.80786
530,150,651,260,0.077333,0.83299
540,25,651,260,-0.14342,0.95716
540,30,651,260,-0.073041,0.95895
540,35,651,260,0.0027705,0.96043
540,40,651,260,0.11204,0.96127
540,45,651,260,0.20879,0.96085
540,50,651,260,0.34611,0.96023
540,55,651,260,0.49771,0.95929
540,60,651,260,0.7014,0.95657
540,65,651,260,0.89285,0.95522
540,70,651,260,1.1333,0.95751
540,75,651,260,1.3742,0.95809
540,80,651,260,1.6682,0.9586
540,85,651,260,2.0233,0.96181
540,90,651,260,2.3786,0.96596
540,95,651,260,2.704,0.96673
540,100,651,260,3.081,0.97288
540,105,651,260,-2.8136,0.97225
540,110,651,260,-2.4095,0.95813
540,115,651,260,-2.029,0.92712
540,120,651,260,-1.6166,0.86773
540,125,651,260,-1.2305,0.81249
540,130,651,260,-0.76912,0.77719
540,135,651,260,-0.32021,0.79304
540,140,651,260,-0.14305,0.81732
540,145,651,260,0.079854,0.86331
540,150,651,260,0.22255,0.89099
550,25,651,260,-0.13173,0.95745
550,30,651,260,-0.060124,0.95894
550,35,651,260,0.017004,0.96013
550,40,651,260,0.12809,0.96066
550,45,651,260,0.22642,0.96012
550,50,651,260,0.36595,0.95944
550,55,651,260,0.52009,0.95886
550,60,651,260,0.72725,0.95685
550,65,651,260,0.92229,0.95663
550,70,651,260,1.1678,0.96056
550,75,651,260,1.4136,0.96231
550,80,651,260,1.7139,0.96422
550,85,651,260,2.0773,0.96867
550,90,651,260,2.4411,0.97284
550,95,651,260,2.7744,0.97249
550,100,651,260,-3.1216,0.97571
550,105,651,260,-2.7231,0.97027
550,110,651,260,-2.3129,0.94445
550,115,651,260,-1.9298,0.90782
550,120,651,260,-1.5199,0.84447
550,125,651,260,-1.1356,0.79971
550,130,651,260,-0.66777,0.79106
550,135,651,260,-0.19832,0.83518
550,140,651,260,-0.0077076,0.86781
550,145,651,260,0.23493,0.91611
550,150,651,260,0.38971,0.93843
560,25,651,260,-0.14123,0.95606
560,30,651,260,-0.068661,0.95726
560,35,651,260,0.0098091,0.95814
560,40,651,260,0.12243,0.95846
560,45,651,260,0.22203,0.9579
560,50,651,260,0.36357,0.9573
560,55,651,260,0.52033,0.95722
560,60,651,260,0.73062,0.95623
560,65,651,260,0.92893,0.95734
560,70,651,260,1.1797,0.96277
560,75,651,260,1.4306,0.96564
560,80,651,260,1.737,0.96841
560,85,651,260,2.1084,0.97236
560,90,651,260,2.4802,0.9765
560,95,651,260,2.821,0.97582
560,100,651,260,-3.0663,0.97457
560,105,651,260,-2.6614,0.96307
560,110,651,260,-2.2476,0.92698
560,115,651,260,-1.8628,0.88603
560,120,651,260,-1.4556,0.8282
560,125,651,260,-1.071,0.79655
560,130,651,260,-0.59272,0.81036
560,135,651,260,-0.099157,0.87609
560,140,651,260,0.10499,0.91019
560,145,651,260,0.36474,0.94806
560,150,651,260,0.52806,0.95706
570,25,651,260,-0.13636,0.95653
570,30,651,260,-0.062631,0.95747
570,35,651,260,0.017102,0.95814
570,40,651,260,0.13148,0.95835
570,45,651,260,0.23265,0.95784
570,50,651,260,0.3764,0.95746
570,55,651,260,0.53579,0.95803
570,60,651,260,0.74974,0.95783
570,65,651,260,0.95195,0.96043
570,70,651,260,1.2081,0.96726
570,75,651,260,1.4643,0.97094
570,80,651,260,1.7774,0.97485
570,85,651,260,2.1571,0.97815
570,90,651,260,2.5384,0.98125
570,95,651,260,2.8859,0.97715
570,100,651,260,-2.9934,0.97066
570,105,651,260,-2.5815,0.95116
570,110,651,260,-2.1643,0.90938
570,115,651,260,-1.7793,0.86904
570,120,651,260,-1.3734,0.82233
570,125,651,260,-0.98416,0.80807
570,130,651,260,-0.48722,0.84511
570,135,651,260,0.038265,0.92129
570,140,651,260,0.25658,0.94649
570,145,651,260,0.53052,0.95855
570,150,651,260,0.69858,0.94733
580,25,651,260,-0.14482,0.9555
580,30,651,260,-0.070181,0.95619
580,35,651,260,0.010838,0.95666
580,40,651,260,0.12675,0.95684
580,45,651,260,0.22921,0.95651
580,50,651,260,0.37503,0.95647
580,55,651,260,0.5372,0.95781
580,60,651,260,0.75454,0.95888
580,65,651,260,0.96038,0.96275
580,70,651,260,1.2223,0.97059
580,75,651,260,1.4837,0.97484
580,80,651,260,1.8031,0.9788
580,85,651,260,2.1908,0.98136
580,90,651,260,2.5795,0.98114
580,95,651,260,2.9338,0.97567
580,100,651,260,-2.939,0.96294
580,105,651,260,-2.522,0.9388
580,110,651,260,-2.1046,0.89281
580,115,651,260,-1.7178,0.85643
580,120,651,260,-1.3114,0.82001
580,125,651,260,-0.91519,0.82375
580,130,651,260,-0.39712,0.87987
580,135,651,260,0.15884,0.94895
580,140,651,260,0.38682,0.95745
580,145,651,260,0.66665,0.93835
580,150,651,260,0.83423,0.91005
590,25,651,260,-0.13969,0.95623
590,30,651,260,-0.063945,0.95675
590,35,651,260,0.018302,0.95712
590,40,651,260,0.13595,0.95739
590,45,651,260,0.24001,0.95729
590,50,651,260,0.3881,0.95767
590,55,651,260,0.55308,0.95985
590,60,651,260,0.77436,0.96208
590,65,651,260,0.98438,0.96705
590,70,651,260,1.2519,0.97566
590,75,651,260,1.5189,0.98015
590,80,651,260,1.8451,0.98404
590,85,651,260,2.241,0.98447
590,90,651,260,2.6375,0.98056
590,95,651,260,2.9988,0.97195
590,100,651,260,-2.8668,0.95472
590,105,651,260,-2.4457,0.92587
590,110,651,260,-2.0272,0.8808
590,115,651,260,-1.639,0.8504
590,120,651,260,-1.2283,0.83074
590,125,651,260,-0.8195,0.85125
590,130,651,260,-0.27362,0.91845
590,135,651,260,0.31116,0.95984
590,140,651,260,0.54458,0.94448
590,145,651,260,0.82238,0.89556
590,150,651,260,0.98494,0.8563
600,25,651,260,-0.13505,0.95717
600,30,651,260,-0.058194,0.95754
600,35,651,260,0.025283,0.95787
600,40,651,260,0.14471,0.95832
600,45,651,260,0.25041,0.95853
600,50,651,260,0.40083,0.95942
600,55,651,260,0.56872,0.9625
600,60,651,260,0.79402,0.9658
600,65,651,260,1.0084,0.9717
600,70,651,260,1.2817,0.98066
600,75,651,260,1.5542,0.985
600,80,651,260,1.8872,0.98828
600,85,651,260,2.2909,0.98613
600,90,651,260,2.6957,0.97878
600,95,651,260,3.0616,0.96735
600,100,651,260,-2.7979,0.94312
600,105,651,260,-2.3726,0.91207
600,110,651,260,-1.9533,0.87142
600,115,651,260,-1.5619,0.85222
600,120,651,260,-1.1422,0.85098
600,125,651,260,-0.71693,0.88616
600,130,651,260,-0.14241,0.95017
600,135,651,260,0.46227,0.94521
600,140,651,260,0.69499,0.90864
600,145,651,260,0.96393,0.84293
600,150,651,260,1.1196,0.80173
