500,25,602,260,-0.15897,0.95697
500,30,602,260,-0.086261,0.95887
500,35,602,260,-0.0080061,0.9605
500,40,602,260,0.10772,0.96147
500,45,602,260,0.21052,0.96105
500,50,602,260,0.3574,0.96051
500,55,602,260,0.51945,0.95981
500,60,602,260,0.74258,0.95721
500,65,602,260,0.95415,0.95651
500,70,602,260,1.2221,0.9601
500,75,602,260,1.4903,0.96095
500,80,602,260,1.8142,0.96051
500,85,602,260,2.2036,0.96346
500,90,602,260,2.5905,0.96657
500,95,602,260,2.9358,0.96714
500,100,602,260,-2.9604,0.97172
500,105,602,260,-2.5721,0.96656
500,110,602,260,-2.1742,0.94073
500,115,602,260,-1.8135,0.90176
500,120,602,260,-1.4314,0.83987
500,125,602,260,-1.0826,0.79529
500,130,602,260,-0.65886,0.78019
500,135,602,260,-0.23095,0.8116
500,140,602,260,-0.06145,0.83716
500,145,602,260,0.15597,0.8856
500,150,602,260,0.2928,0.90483
510,25,602,260,-0.17037,0.95548
510,30,602,260,-0.096578,0.95703
510,35,602,260,-0.016775,0.95827
510,40,602,260,0.10075,0.9589
510,45,602,260,0.20501,0.95838
510,50,602,260,0.35426,0.95782
510,55,602,260,0.51937,0.95756
510,60,602,260,0.74622,0.95601
510,65,602,260,0.9617,0.95683
510,70,602,260,1.2361,0.96216
510,75,602,260,1.5102,0.96423
510,80,602,260,1.8414,0.96485
510,85,602,260,2.2399,0.96834
510,90,602,260,2.6357,0.96969
510,95,602,260,2.9903,0.97033
510,100,602,260,-2.8977,0.97113
510,105,602,260,-2.5009,0.95644
510,110,602,260,-2.1009,0.91986
510,115,602,260,-1.7391,0.87611
510,120,602,260,-1.3606,0.82096
510,125,602,260,-1.0133,0.78663
510,130,602,260,-0.57996,0.79593
510,135,602,260,-0.13067,0.85255
510,140,602,260,0.050557,0.88526
510,145,602,260,0.28634,0.92686
510,150,602,260,0.43434,0.94882
520,25,602,260,-0.16421,0.95618
520,30,602,260,-0.089093,0.95743
520,35,602,260,-0.0078406,0.95839
520,40,602,260,0.11173,0.95882
520,45,602,260,0.21783,0.9583
520,50,602,260,0.36966,0.95787
520,55,602,260,0.53784,0.95826
520,60,602,260,0.76907,0.95778
520,65,602,260,0.98923,0.96006
520,70,602,260,1.2702,0.96703
520,75,602,260,1.5508,0.97005
520,80,602,260,1.8895,0.97185
520,85,602,260,2.2982,0.97541
520,90,602,260,2.7045,0.97713
520,95,602,260,3.0679,0.97369
520,100,602,260,-2.8106,0.96691
520,105,602,260,-2.4076,0.94592
520,110,602,260,-2.0045,0.90002
520,115,602,260,-1.6435,0.85607
520,120,602,260,-1.2674,0.81094
520,125,602,260,-0.9141,0.79707
520,130,602,260,-0.46497,0.83269
520,135,602,260,0.014699,0.90468
520,140,602,260,0.21247,0.93383
520,145,602,260,0.46474,0.95658
520,150,602,260,0.62358,0.95709
530,25,602,260,-0.17419,0.95498
530,30,602,260,-0.098046,0.95593
530,35,602,260,-0.01532,0.9566
530,40,602,260,0.10601,0.95693
530,45,602,260,0.21359,0.95656
530,50,602,260,0.36782,0.95646
530,55,602,260,0.53922,0.95766
530,60,602,260,0.77449,0.95858
530,65,602,260,0.99898,0.96254
530,70,602,260,1.2869,0.97039
530,75,602,260,1.5737,0.97395
530,80,602,260,1.92,0.9761
530,85,602,260,2.3374,0.97757
530,90,602,260,2.7533,0.97691
530,95,602,260,3.1235,0.96952
530,100,602,260,-2.7464,0.95485
530,105,602,260,-2.3397,0.92783
530,110,602,260,-1.9366,0.88098
530,115,602,260,-1.5756,0.84161
530,120,602,260,-1.1977,0.81032
530,125,602,260,-0.83871,0.81276
530,130,602,260,-0.37115,0.86677
530,135,602,260,0.1404,0.9404
530,140,602,260,0.34919,0.956
530,145,602,260,0.61116,0.94884
530,150,602,260,0.77346,0.93252
540,25,602,260,-0.1689,0.95595
540,30,602,260,-0.0915,0.95666
540,35,602,260,-0.0073787,0.95717
540,40,602,260,0.11597,0.95752
540,45,602,260,0.22541,0.95735
540,50,602,260,0.38229,0.95765
540,55,602,260,0.55696,0.95975
540,60,602,260,0.79692,0.96196
540,65,602,260,1.0265,0.96722
540,70,602,260,1.3213,0.97591
540,75,602,260,1.6147,0.97977
540,80,602,260,1.969,0.98165
540,85,602,260,2.3963,0.98181
540,90,602,260,2.8209,0.97539
540,95,602,260,-3.0843,0.96523
540,100,602,260,-2.6637,0.9433
540,105,602,260,-2.253,0.9117
540,110,602,260,-1.8502,0.86653
540,115,602,260,-1.4848,0.83672
540,120,602,260,-1.1049,0.82122
540,125,602,260,-0.73302,0.84305
540,130,602,260,-0.23493,0.91265
540,135,602,260,0.30602,0.95924
540,140,602,260,0.52285,0.95005
540,145,602,260,0.78687,0.91159
540,150,602,260,0.93986,0.88752
550,25,602,260,-0.15523,0.9571
550,30,602,260,-0.07659,0.95763
550,35,602,260,0.0089149,0.95805
550,40,602,260,0.13429,0.95854
550,45,602,260,0.2456,0.95867
550,50,602,260,0.40518,0.95947
550,55,602,260,0.58322,0.96251
550,60,602,260,0.82803,0.96598
550,65,602,260,1.0628,0.97232
550,70,602,260,1.3647,0.98134
550,75,602,260,1.6648,0.985
550,80,602,260,2.0271,0.98626
550,85,602,260,2.4638,0.98376
550,90,602,260,2.8975,0.97442
550,95,602,260,-3.0007,0.95857
550,100,602,260,-2.5757,0.93242
550,105,602,260,-2.1605,0.89552
550,110,602,260,-1.7569,0.8587
550,115,602,260,-1.3885,0.83978
550,120,602,260,-0.99753,0.84821
550,125,602,260,-0.60884,0.88229
550,130,602,260,-0.083035,0.94777
550,135,602,260,0.48117,0.94846
550,140,602,260,0.69776,0.9173
550,145,602,260,0.95385,0.8567
550,150,602,260,1.1113,0.81968
560,25,602,260,-0.16611,0.95628
560,30,602,260,-0.086528,0.95667
560,35,602,260,0.00039483,0.95706
560,40,602,260,0.12756,0.95781
560,45,602,260,0.24046,0.95838
560,50,602,260,0.40262,0.95987
560,55,602,260,0.58424,0.96391
560,60,602,260,0.83366,0.96867
560,65,602,260,1.0733,0.97569
560,70,602,260,1.3823,0.98415
560,75,602,260,1.6887,0.98691
560,80,602,260,2.0584,0.98666
560,85,602,260,2.5033,0.97923
560,90,602,260,2.9445,0.96689
560,95,602,260,-2.9501,0.94905
560,100,602,260,-2.5206,0.91611
560,105,602,260,-2.1015,0.88362
560,110,602,260,-1.6972,0.85576
560,115,602,260,-1.3218,0.85009
560,120,602,260,-0.91946,0.87373
560,125,602,260,-0.51198,0.91791
560,130,602,260,0.037619,0.95925
560,135,602,260,0.60946,0.9142
560,140,602,260,0.82166,0.86948
560,145,602,260,1.0648,0.80607
560,150,602,260,1.21,0.76782
570,25,602,260,-0.16093,0.95766
570,30,602,260,-0.080136,0.95797
570,35,602,260,0.0081653,0.95841
570,40,602,260,0.13742,0.9595
570,45,602,260,0.25229,0.96049
570,50,602,260,0.41731,0.96261
570,55,602,260,0.60255,0.96755
570,60,602,260,0.85716,0.97354
570,65,602,260,1.1022,0.9807
570,70,602,260,1.4182,0.98823
570,75,602,260,1.7312,0.98989
570,80,602,260,2.1085,0.98744
570,85,602,260,2.5617,0.97659
570,90,602,260,3.0092,0.95928
570,95,602,260,-2.8785,0.93959
570,100,602,260,-2.4459,0.907
570,105,602,260,-2.0234,0.88025
570,110,602,260,-1.6139,0.86009
570,115,602,260,-1.2289,0.87114
570,120,602,260,-0.80843,0.90864
570,125,602,260,-0.38116,0.95019
570,130,602,260,0.18952,0.95571
570,135,602,260,0.75647,0.86708
570,140,602,260,0.96127,0.81798
570,145,602,260,1.1948,0.76346
570,150,602,260,1.5536,0.41593
580,25,602,260,-0.17023,0.95709
580,30,602,260,-0.088497,0.95743
580,35,602,260,0.0012318,0.95803
580,40,602,260,0.13236,0.9596
580,45,602,260,0.24893,0.96112
580,50,602,260,0.41671,0.964
580,55,602,260,0.60576,0.96975
580,60,602,260,0.8653,0.97647
580,65,602,260,1.1153,0.98344
580,70,602,260,1.4381,0.98921
580,75,602,260,1.7571,0.98911
580,80,602,260,2.141,0.98438
580,85,602,260,2.6011,0.97109
580,90,602,260,3.0549,0.95135
580,95,602,260,-2.8282,0.93202
580,100,602,260,-2.3925,0.89935
580,105,602,260,-1.9651,0.87602
580,110,602,260,-1.5503,0.87287
580,115,602,260,-1.1551,0.88853
580,120,602,260,-0.71479,0.93294
580,125,602,260,-0.26987,0.96158
580,130,602,260,0.30744,0.92709
580,135,602,260,0.8632,0.82099
580,140,602,260,1.0599,0.77678
580,145,602,260,1.2842,0.73518
580,150,602,260,1.406,0.72047
590,25,602,260,-0.1645,0.95855
590,30,602,260,-0.081561,0.95894
590,35,602,260,0.0095809,0.95974
590,40,602,260,0.14289,0.96177
590,45,602,260,0.26155,0.96378
590,50,602,260,0.43234,0.96728
590,55,602,260,0.62523,0.97365
590,60,602,260,0.89012,0.98076
590,65,602,260,1.1456,0.9872
590,70,602,260,1.475,0.99097
590,75,602,260,1.8001,0.98907
590,80,602,260,2.1911,0.98176
590,85,602,260,2.6585,0.96562
590,90,602,260,3.1192,0.94353
590,95,602,260,-2.7602,0.92461
590,100,602,260,-2.3194,0.89465
590,105,602,260,-1.8874,0.8828
590,110,602,260,-1.46,0.89037
590,115,602,260,-1.0509,0.91607
590,120,602,260,-0.59007,0.95611
590,125,602,260,-0.12917,0.9627
590,130,602,260,0.44695,0.89048
590,135,602,260,0.98543,0.78176
590,140,602,260,1.1774,0.74898
590,145,602,260,1.3988,0.72758
590,150,602,260,1.5217,0.72499
600,25,602,260,-0.15926,0.96007
600,30,602,260,-0.075125,0.96058
600,35,602,260,0.017444,0.96162
600,40,602,260,0.15298,0.96414
600,45,602,260,0.27377,0.96659
600,50,602,260,0.44765,0.97062
600,55,602,260,0.64443,0.97738
600,60,602,260,0.91479,0.9846
600,65,602,260,1.1757,0.99008
600,70,602,260,1.5114,0.99148
600,75,602,260,1.8423,0.98767
600,80,602,260,2.2399,0.9778
600,85,602,260,2.7142,0.95959
600,90,602,260,-3.1031,0.93694
600,95,602,260,-2.6928,0.92102
600,100,602,260,-2.2476,0.89873
600,105,602,260,-1.808,0.89192
600,110,602,260,-1.3681,0.91345
600,115,602,260,-0.94095,0.94268
600,120,602,260,-0.46143,0.96676
600,125,602,260,0.0059731,0.93966
600,130,602,260,0.57394,0.84831
600,135,602,260,1.0994,0.75925
600,140,602,260,1.2885,0.74255
600,145,602,260,1.5113,0.74336
600,150,602,260,1.6441,0.75213
