500,5,664,450,-0.2237,0.95586
500,11.5,664,450,-0.2237,0.95586
500,18,664,450,-0.20818,0.95684
500,24.5,664,450,-0.19159,0.95801
500,31,664,450,-0.16413,0.95948
500,37.5,664,450,-0.13206,0.96141
500,44,664,450,-0.091123,0.96369
500,50.5,664,450,-0.03434,0.96665
500,57,664,450,0.050388,0.97008
500,63.5,664,450,0.13427,0.97273
500,70,664,450,0.25073,0.97572
500,76.5,664,450,0.41295,0.97757
500,83,664,450,0.60264,0.97756
500,89.5,664,450,0.85504,0.97511
500,96,664,450,1.1613,0.97351
500,102.5,664,450,1.6167,0.976
500,109,664,450,2.2139,0.97465
500,115.5,664,450,-2.1571,0.016776
500,122,664,450,2.4203,0.4774
500,128.5,664,450,3.122,0.67966
500,135,664,450,-2.7214,0.71989
500,141.5,664,450,-2.3835,0.7475
500,148,664,450,-2.0984,0.77451
500,154.5,664,450,-1.8178,0.79404
500,161,664,450,-1.794,0.92466
500,167.5,664,450,-1.436,0.8835
500,174,664,450,-1.1432,0.84308
500,180.5,664,450,-0.59946,0.6002
500,187,664,450,1.0295,0.018488
500,193.5,664,450,-1.6063,0.6177
500,200,664,450,-1.2426,0.78424
551,5,664,450,-0.22816,0.95396
551,11.5,664,450,-0.22816,0.95396
551,18,664,450,-0.21101,0.95477
551,24.5,664,450,-0.19245,0.95577
551,31,664,450,-0.16236,0.95671
551,37.5,664,450,-0.127,0.95811
551,44,664,450,-0.081541,0.9596
551,50.5,664,450,-0.019133,0.96138
551,57,664,450,0.073673,0.96318
551,63.5,664,450,0.16533,0.96463
551,70,664,450,0.2932,0.96608
551,76.5,664,450,0.47137,0.96713
551,83,664,450,0.68075,0.96892
551,89.5,664,450,0.95989,0.97013
551,96,664,450,1.2991,0.97563
551,102.5,664,450,1.7925,0.98068
551,109,664,450,2.4032,0.98883
551,115.5,664,450,2.1213,0.35444
551,122,664,450,3.0207,0.74225
551,128.5,664,450,-2.7081,0.82787
551,135,664,450,-2.2981,0.87324
551,141.5,664,450,-1.961,0.9105
551,148,664,450,-1.6601,0.9382
551,154.5,664,450,-1.3648,0.95816
551,161,664,450,-1.0516,0.93091
551,167.5,664,450,-0.53285,0.76982
551,174,664,450,-2.1006,0.052625
551,180.5,664,450,-0.1427,0.065949
551,187,664,450,-1.0988,0.77269
551,193.5,664,450,-0.83316,0.79868
551,200,664,450,-0.63743,0.81081
602,5,664,450,-0.23959,0.9553
602,11.5,664,450,-0.23959,0.9553
602,18,664,450,-0.22093,0.95568
602,24.5,664,450,-0.20059,0.95614
602,31,664,450,-0.16819,0.95649
602,37.5,664,450,-0.12989,0.95718
602,44,664,450,-0.080368,0.95784
602,50.5,664,450,-0.012913,0.95884
602,57,664,450,0.087353,0.96008
602,63.5,664,450,0.18647,0.9616
602,70,664,450,0.32575,0.96389
602,76.5,664,450,0.52001,0.96783
602,83,664,450,0.75052,0.97403
602,89.5,664,450,1.0587,0.97987
602,96,664,450,1.4315,0.98432
602,102.5,664,450,1.9518,0.97701
602,109,664,450,2.539,0.97057
602,115.5,664,450,2.8843,0.863
602,122,664,450,-2.8344,0.91938
602,128.5,664,450,-2.3429,0.95906
602,135,664,450,-1.9307,0.97897
602,141.5,664,450,-1.5481,0.98079
602,148,664,450,-0.97489,0.91183
602,154.5,664,450,-1.205,0.91581
602,161,664,450,-0.4071,0.8215
602,167.5,664,450,-1.2887,0.46943
602,174,664,450,-0.68522,0.58006
602,180.5,664,450,-0.94119,0.9795
602,187,664,450,-0.5968,0.9337
602,193.5,664,450,-0.37549,0.92359
602,200,664,450,-0.18289,0.92712
653,5,664,450,-0.24353,0.95875
653,11.5,664,450,-0.24353,0.95875
653,18,664,450,-0.2236,0.95885
653,24.5,664,450,-0.2017,0.95886
653,31,664,450,-0.16719,0.95904
653,37.5,664,450,-0.12621,0.9595
653,44,664,450,-0.072899,0.96003
653,50.5,664,450,-0.00052022,0.96138
653,57,664,450,0.10733,0.96381
653,63.5,664,450,0.21435,0.96664
653,70,664,450,0.36587,0.97142
653,76.5,664,450,0.57847,0.979
653,83,664,450,0.83256,0.98743
653,89.5,664,450,1.1713,0.99211
653,96,664,450,1.5745,0.98829
653,102.5,664,450,2.1161,0.97328
653,109,664,450,2.6758,0.96134
653,115.5,664,450,-3.0293,0.9668
653,122,664,450,-2.5297,0.98389
653,128.5,664,450,-2.0401,0.98712
653,135,664,450,-1.5921,0.97431
653,141.5,664,450,0.019168,0.0035029
653,148,664,450,-1.2584,0.89542
653,154.5,664,450,-0.89374,0.9174
653,161,664,450,-1.4176,0.40342
653,167.5,664,450,-0.45419,0.86225
653,174,664,450,0.60414,0.21656
653,180.5,664,450,-0.38237,0.92715
653,187,664,450,-0.10833,0.94271
653,193.5,664,450,0.129,0.94092
653,200,664,450,0.29328,1.0052
704,5,664,450,-0.24599,0.96138
704,11.5,664,450,-0.24599,0.96138
704,18,664,450,-0.2249,0.96152
704,24.5,664,450,-0.20157,0.9616
704,31,664,450,-0.16486,0.96218
704,37.5,664,450,-0.12115,0.96305
704,44,664,450,-0.063875,0.96425
704,50.5,664,450,0.01387,0.96673
704,57,664,450,0.13019,0.97077
704,63.5,664,450,0.24593,0.975
704,70,664,450,0.41095,0.98114
704,76.5,664,450,0.64325,0.98883
704,83,664,450,0.92088,0.99338
704,89.5,664,450,1.2878,0.99093
704,96,664,450,1.7178,0.98111
704,102.5,664,450,2.2892,0.9722
704,109,664,450,2.9007,0.96988
704,115.5,664,450,-2.8149,0.98492
704,122,664,450,-2.3101,0.98126
704,128.5,664,450,-1.7855,0.95372
704,135,664,450,-2.1681,0.59323
704,141.5,664,450,-1.245,0.95272
704,148,664,450,-0.89857,0.96512
704,154.5,664,450,-0.57468,0.97414
704,161,664,450,-0.29395,0.9911
704,167.5,664,450,0.22449,0.94362
704,174,664,450,-0.83563,0.19695
704,180.5,664,450,0.11029,0.7696
704,187,664,450,0.41282,0.77298
704,193.5,664,450,0.78726,0.6418
704,200,664,450,0.59291,0.92363
755,5,664,450,-0.24804,0.96091
755,11.5,664,450,-0.24804,0.96091
755,18,664,450,-0.22564,0.96138
755,24.5,664,450,-0.20073,0.96198
755,31,664,450,-0.16156,0.96315
755,37.5,664,450,-0.11481,0.96468
755,44,664,450,-0.053142,0.96671
755,50.5,664,450,0.030543,0.96999
755,57,664,450,0.15598,0.9745
755,63.5,664,450,0.28085,0.97845
755,70,664,450,0.45917,0.9831
755,76.5,664,450,0.70974,0.9858
755,83,664,450,1.0078,0.98391
755,89.5,664,450,1.3998,0.9773
755,96,664,450,1.8568,0.97128
755,102.5,664,450,2.4744,0.97393
755,109,664,450,-2.8859,0.82747
755,115.5,664,450,-2.6468,0.98298
755,122,664,450,-2.1209,0.96354
755,128.5,664,450,-0.72285,0.21178
755,135,664,450,-1.3172,0.99159
755,141.5,664,450,-0.89866,0.99163
755,148,664,450,-0.50821,0.98513
755,154.5,664,450,-0.05777,0.92667
755,161,664,450,0.13374,0.95501
755,167.5,664,450,0.94918,0.62154
755,174,664,450,-0.1395,0.42182
755,180.5,664,450,0.65241,0.67711
755,187,664,450,1.1115,0.56098
755,193.5,664,450,1.2389,0.10774
755,200,664,450,0.92013,0.98622
806,5,664,450,-0.25085,0.95773
806,11.5,664,450,-0.25085,0.95773
806,18,664,450,-0.22695,0.95858
806,24.5,664,450,-0.20015,0.95969
806,31,664,450,-0.1583,0.96112
806,37.5,664,450,-0.10823,0.96297
806,44,664,450,-0.04189,0.96519
806,50.5,664,450,0.047915,0.96804
806,57,664,450,0.18221,0.97135
806,63.5,664,450,0.31555,0.97355
806,70,664,450,0.50605,0.97502
806,76.5,664,450,0.77245,0.97399
806,83,664,450,1.0881,0.97071
806,89.5,664,450,1.5046,0.96823
806,96,664,450,1.9948,0.97366
806,102.5,664,450,2.6652,0.96928
806,109,664,450,-2.0737,0.23156
806,115.5,664,450,-2.4576,0.96846
806,122,664,450,-1.829,0.92151
806,128.5,664,450,-1.5522,0.97979
806,135,664,450,-1.0066,0.98848
806,141.5,664,450,-0.52578,0.94233
806,148,664,450,-0.057901,0.8512
806,154.5,664,450,0.5271,0.59891
806,161,664,450,0.62348,0.80864
806,167.5,664,450,1.6993,0.16663
806,174,664,450,0.7307,0.82116
806,180.5,664,450,2.1331,0.37752
806,187,664,450,1.4293,0.069697
806,193.5,664,450,0.94878,0.92723
806,200,664,450,1.5444,0.93741
857,5,664,450,-0.25519,0.95477
857,11.5,664,450,-0.25519,0.95477
857,18,664,450,-0.22973,0.95574
857,24.5,664,450,-0.20087,0.95677
857,31,664,450,-0.15633,0.95794
857,37.5,664,450,-0.10295,0.9595
857,44,664,450,-0.032058,0.96114
857,50.5,664,450,0.06333,0.96294
857,57,664,450,0.20546,0.96463
857,63.5,664,450,0.34639,0.96526
857,70,664,450,0.54779,0.96568
857,76.5,664,450,0.82889,0.96547
857,83,664,450,1.1639,0.96873
857,89.5,664,450,1.6091,0.97426
857,96,664,450,2.1371,0.98273
857,102.5,664,450,2.8547,0.96543
857,109,664,450,-1.7341,0.0083456
857,115.5,664,450,-2.1826,0.94298
857,122,664,450,-2.6666,0.4437
857,128.5,664,450,-1.264,0.97183
857,135,664,450,-0.66624,0.92157
857,141.5,664,450,-0.11694,0.83319
857,148,664,450,0.43224,0.72793
857,154.5,664,450,1.1397,0.52805
857,161,664,450,1.4391,0.33728
857,167.5,664,450,-0.27897,0.036448
857,174,664,450,0.03668,0.039683
857,180.5,664,450,1.3725,0.3997
857,187,664,450,0.4026,0.20262
857,193.5,664,450,1.7218,0.74677
857,200,664,450,2.2245,0.70304
908,5,664,450,-0.26033,0.95468
908,11.5,664,450,-0.26033,0.95468
908,18,664,450,-0.23331,0.9553
908,24.5,664,450,-0.20254,0.95577
908,31,664,450,-0.15553,0.95643
908,37.5,664,450,-0.099102,0.95739
908,44,664,450,-0.024046,0.95826
908,50.5,664,450,0.076404,0.95927
908,57,664,450,0.22584,0.96062
908,63.5,664,450,0.37391,0.96183
908,70,664,450,0.58622,0.96386
908,76.5,664,450,0.8843,0.96911
908,83,664,450,1.2427,0.97882
908,89.5,664,450,1.7209,0.98887
908,96,664,450,2.2844,0.98577
908,102.5,664,450,3.0411,0.96577
908,109,664,450,2.654,0.0033437
908,115.5,664,450,-1.7009,0.77538
908,122,664,450,-1.9233,0.86833
908,128.5,664,450,-0.9326,0.91624
908,135,664,450,-0.24599,0.8378
908,141.5,664,450,0.42797,0.75911
908,148,664,450,1.1781,0.6396
908,154.5,664,450,2.1747,0.58701
908,161,664,450,-0.52709,0.0025034
908,167.5,664,450,-0.016492,0.23129
908,174,664,450,1.289,0.57134
908,180.5,664,450,2.4707,0.41586
908,187,664,450,1.6718,0.53634
908,193.5,664,450,2.4955,0.72225
908,200,664,450,3.0486,0.68362
959,5,664,450,-0.27259,0.9574
959,11.5,664,450,-0.27259,0.9574
959,18,664,450,-0.24407,0.95771
959,24.5,664,450,-0.21186,0.95768
959,31,664,450,-0.16263,0.95795
959,37.5,664,450,-0.10342,0.95853
959,44,664,450,-0.024479,0.95916
959,50.5,664,450,0.080895,0.9605
959,57,664,450,0.23802,0.96301
959,63.5,664,450,0.39393,0.96627
959,70,664,450,0.61912,0.97146
959,76.5,664,450,0.93705,0.98118
959,83,664,450,1.3213,0.99009
959,89.5,664,450,1.8306,0.99268
959,96,664,450,2.4226,0.98057
959,102.5,664,450,-3.0668,0.97347
959,109,664,450,2.8235,0.033029
959,115.5,664,450,-1.0064,0.33513
959,122,664,450,-1.5545,0.85796
959,128.5,664,450,-0.51873,0.84606
959,135,664,450,0.32324,0.73385
959,141.5,664,450,1.2127,0.53883
959,148,664,450,2.1409,0.28483
959,154.5,664,450,-3.0185,0.19502
959,161,664,450,0.93474,0.25916
959,167.5,664,450,1.0746,0.41518
959,174,664,450,2.1287,0.63863
959,180.5,664,450,-2.8513,0.15598
959,187,664,450,2.938,0.88276
959,193.5,664,450,-2.744,0.90587
959,200,664,450,-1.3557,0.78006
1010,5,664,450,-0.27536,0.96059
1010,11.5,664,450,-0.27536,0.96059
1010,18,664,450,-0.24582,0.96063
1010,24.5,664,450,-0.21211,0.96084
1010,31,664,450,-0.16073,0.96118
1010,37.5,664,450,-0.098768,0.96194
1010,44,664,450,-0.015879,0.96305
1010,50.5,664,450,0.094848,0.96552
1010,57,664,450,0.26053,0.96989
1010,63.5,664,450,0.4255,0.97464
1010,70,664,450,0.66487,0.98098
1010,76.5,664,450,1.0034,0.98859
1010,83,664,450,1.4106,0.99009
1010,89.5,664,450,1.9451,0.98199
1010,96,664,450,2.5638,0.97405
1010,102.5,664,450,-2.8829,0.98142
1010,109,664,450,-2.8474,0.26485
1010,115.5,664,450,-0.29151,0.071046
1010,122,664,450,-1.1156,0.76548
1010,128.5,664,450,0.032735,0.73122
1010,135,664,450,1.0282,0.51516
1010,141.5,664,450,1.9886,0.26412
1010,148,664,450,3.0432,0.042701
1010,154.5,664,450,1.2911,0.041152
1010,161,664,450,2.4439,0.66724
1010,167.5,664,450,2.0144,0.26941
1010,174,664,450,2.8677,0.61071
1010,180.5,664,450,-2.8771,0.69033
1010,187,664,450,-2.411,0.73466
1010,193.5,664,450,-1.7543,0.83139
1010,200,664,450,1.075,0.025867
1061,5,664,450,-0.27733,0.96143
1061,11.5,664,450,-0.27733,0.96143
1061,18,664,450,-0.24646,0.96199
1061,24.5,664,450,-0.21117,0.96244
1061,31,664,450,-0.15749,0.96329
1061,37.5,664,450,-0.092585,0.96456
1061,44,664,450,-0.0053855,0.96644
1061,50.5,664,450,0.11127,0.96974
1061,57,664,450,0.28621,0.97445
1061,63.5,664,450,0.46056,0.97856
1061,70,664,450,0.71366,0.98225
1061,76.5,664,450,1.0699,0.98248
1061,83,664,450,1.4948,0.9775
1061,89.5,664,450,2.0516,0.9704
1061,96,664,450,2.7004,0.97476
1061,102.5,664,450,-2.7015,0.97536
1061,109,664,450,-2.0772,0.72871
1061,115.5,664,450,0.39325,0.0055766
1061,122,664,450,-0.59189,0.64954
1061,128.5,664,450,0.61808,0.59494
1061,135,664,450,1.6555,0.39107
1061,141.5,664,450,2.811,0.094111
1061,148,664,450,1.1514,0.16364
1061,154.5,664,450,2.4128,0.71768
1061,161,664,450,-2.769,0.98685
1061,167.5,664,450,2.7908,0.21769
1061,174,664,450,-2.6437,0.54445
1061,180.5,664,450,-2.3103,0.7054
1061,187,664,450,-1.8244,0.74603
1061,193.5,664,450,-0.64171,0.80118
1061,200,664,450,-2.4837,0.60572
1112,5,664,450,-0.28003,0.95905
1112,11.5,664,450,-0.28003,0.95905
1112,18,664,450,-0.24737,0.9603
1112,24.5,664,450,-0.21033,0.9611
1112,31,664,450,-0.15409,0.96243
1112,37.5,664,450,-0.085982,0.96409
1112,44,664,450,0.0058204,0.96623
1112,50.5,664,450,0.12858,0.9692
1112,57,664,450,0.31243,0.97234
1112,63.5,664,450,0.49532,0.97422
1112,70,664,450,0.75997,0.97441
1112,76.5,664,450,1.1301,0.9703
1112,83,664,450,1.5722,0.96741
1112,89.5,664,450,2.1553,0.97297
1112,96,664,450,2.8415,0.98399
1112,102.5,664,450,-2.5235,0.96968
1112,109,664,450,-1.5816,0.93471
1112,115.5,664,450,-1.9636,0.020429
1112,122,664,450,-0.06182,0.60461
1112,128.5,664,450,1.1228,0.5858
1112,135,664,450,2.3032,0.36631
1112,141.5,664,450,0.94253,0.091292
1112,148,664,450,2.3698,0.73882
1112,154.5,664,450,-3.0222,0.88956
1112,161,664,450,-2.2661,0.88784
1112,167.5,664,450,-2.7495,0.43075
1112,174,664,450,-1.6953,0.31297
1112,180.5,664,450,-1.7619,0.87269
1112,187,664,450,-1.1447,0.80475
1112,193.5,664,450,-2.1729,0.52367
1112,200,664,450,-1.1437,0.90148
1163,5,664,450,-0.28449,0.95882
1163,11.5,664,450,-0.28449,0.95882
1163,18,664,450,-0.25061,0.95964
1163,24.5,664,450,-0.2117,0.96059
1163,31,664,450,-0.15271,0.96191
1163,37.5,664,450,-0.081285,0.96345
1163,44,664,450,0.01506,0.96508
1163,50.5,664,450,0.14348,0.96683
1163,57,664,450,0.33518,0.96797
1163,63.5,664,450,0.52551,0.96832
1163,70,664,450,0.80038,0.96755
1163,76.5,664,450,1.1848,0.96761
1163,83,664,450,1.648,0.97418
1163,89.5,664,450,2.264,0.9869
1163,96,664,450,2.9869,0.98786
1163,102.5,664,450,-2.3484,0.97225
1163,109,664,450,-1.3196,0.98114
1163,115.5,664,450,-1.1202,0.27662
1163,122,664,450,0.41817,0.68448
1163,128.5,664,450,1.6003,0.70611
1163,135,664,450,-2.9559,0.073343
1163,141.5,664,450,2.2122,0.65049
1163,148,664,450,3.0385,0.78017
1163,154.5,664,450,-2.6016,0.7814
1163,161,664,450,-2.0384,0.86578
1163,167.5,664,450,-1.9947,0.83937
1163,174,664,450,-2.071,0.88749
1163,180.5,664,450,-1.0202,0.94764
1163,187,664,450,-1.637,0.38674
1163,193.5,664,450,-0.91568,0.79126
1163,200,664,450,-0.46202,0.83931
1214,5,664,450,-0.28947,0.95699
1214,11.5,664,450,-0.28947,0.95699
1214,18,664,450,-0.254,0.95779
1214,24.5,664,450,-0.21323,0.95856
1214,31,664,450,-0.15164,0.95945
1214,37.5,664,450,-0.077094,0.96062
1214,44,664,450,0.023473,0.96156
1214,50.5,664,450,0.15696,0.96253
1214,57,664,450,0.35583,0.96333
1214,63.5,664,450,0.55343,0.96437
1214,70,664,450,0.83896,0.96665
1214,76.5,664,450,1.2414,0.97421
1214,83,664,450,1.7294,0.98758
1214,89.5,664,450,2.3791,0.9928
1214,96,664,450,3.1321,0.98125
1214,102.5,664,450,-2.164,0.97865
1214,109,664,450,-1.1548,0.99642
1214,115.5,664,450,-0.38031,0.71176
1214,122,664,450,0.84031,0.84844
1214,128.5,664,450,2.1245,0.78902
1214,135,664,450,1.8121,0.51592
1214,141.5,664,450,2.8088,0.787
1214,148,664,450,-2.8589,0.84646
1214,154.5,664,450,-2.2812,0.8665
1214,161,664,450,-1.8186,0.95589
1214,167.5,664,450,-1.3673,0.99351
1214,174,664,450,-1.0276,0.95744
1214,180.5,664,450,-1.3264,0.40837
1214,187,664,450,-1.1489,0.95264
1214,193.5,664,450,-0.45149,0.86595
1214,200,664,450,-0.0081613,0.89599
1265,5,664,450,-0.29441,0.95839
1265,11.5,664,450,-0.29441,0.95839
1265,18,664,450,-0.25748,0.95893
1265,24.5,664,450,-0.21494,0.95938
1265,31,664,450,-0.15104,0.95973
1265,37.5,664,450,-0.073589,0.96049
1265,44,664,450,0.03093,0.96116
1265,50.5,664,450,0.16934,0.96243
1265,57,664,450,0.37575,0.96487
1265,63.5,664,450,0.58127,0.96838
1265,70,664,450,0.88035,0.9746
1265,76.5,664,450,1.3035,0.9858
1265,83,664,450,1.8172,0.99289
1265,89.5,664,450,2.4951,0.9854
1265,96,664,450,-3.0095,0.97469
1265,102.5,664,450,-1.9778,0.975
1265,109,664,450,-1.0187,0.9907
1265,115.5,664,450,0.094638,0.92494
1265,122,664,450,1.1905,0.96411
1265,128.5,664,450,-2.9834,0.14168
1265,135,664,450,2.4946,0.82454
1265,141.5,664,450,-3.0899,0.90925
1265,148,664,450,-2.4882,0.9715
1265,154.5,664,450,-1.8024,0.98561
1265,161,664,450,-2.1863,0.67373
1265,167.5,664,450,-1.3949,0.96264
1265,174,664,450,0.72457,0.051117
1265,180.5,664,450,-0.38087,0.62665
1265,187,664,450,-0.51124,0.9739
1265,193.5,664,450,0.0099153,0.96268
1265,200,664,450,0.56134,0.99745
1316,5,664,450,-0.30682,0.96177
1316,11.5,664,450,-0.30682,0.96177
1316,18,664,450,-0.26855,0.96198
1316,24.5,664,450,-0.22441,0.96226
1316,31,664,450,-0.15838,0.96252
1316,37.5,664,450,-0.078125,0.96321
1316,44,664,450,0.030376,0.96425
1316,50.5,664,450,0.17412,0.96665
1316,57,664,450,0.38919,0.97122
1316,63.5,664,450,0.60369,0.97612
1316,70,664,450,0.9178,0.98355
1316,76.5,664,450,1.3615,0.98908
1316,83,664,450,1.8963,0.98516
1316,89.5,664,450,2.5954,0.97474
1316,96,664,450,-2.8793,0.97597
1316,102.5,664,450,-1.8016,0.96648
1316,109,664,450,-0.87013,0.9702
1316,115.5,664,450,0.37344,0.98254
1316,122,664,450,1.4421,0.99274
1316,128.5,664,450,1.9636,0.81636
1316,135,664,450,2.8621,0.94598
1316,141.5,664,450,-2.7361,0.98623
1316,148,664,450,-2.083,0.94698
1316,154.5,664,450,-0.82503,0.28985
1316,161,664,450,-1.6529,0.98522
1316,167.5,664,450,-0.89105,0.98032
1316,174,664,450,-0.58439,0.93307
1316,180.5,664,450,0.99861,0.23308
1316,187,664,450,0.039001,0.84372
1316,193.5,664,450,0.59657,0.81864
1316,200,664,450,1.1198,0.73796
1367,5,664,450,-0.30894,0.96409
1367,11.5,664,450,-0.30894,0.96409
1367,18,664,450,-0.26939,0.96428
1367,24.5,664,450,-0.2237,0.96459
1367,31,664,450,-0.15545,0.96535
1367,37.5,664,450,-0.072328,0.96636
1367,44,664,450,0.040444,0.96807
1367,50.5,664,450,0.19013,0.97117
1367,57,664,450,0.41444,0.97639
1367,63.5,664,450,0.63859,0.98009
1367,70,664,450,0.96643,0.98353
1367,76.5,664,450,1.427,0.98136
1367,83,664,450,1.9776,0.97405
1367,89.5,664,450,2.7,0.97291
1367,96,664,450,-2.7387,0.98372
1367,102.5,664,450,-1.6246,0.96821
1367,109,664,450,-0.64887,0.95043
1367,115.5,664,450,0.57067,0.98459
1367,122,664,450,1.6509,0.98998
1367,128.5,664,450,2.3732,0.96287
1367,135,664,450,-3.1011,0.98498
1367,141.5,664,450,-2.3793,0.9247
1367,148,664,450,-1.5682,0.68847
1367,154.5,664,450,-1.8037,0.94379
1367,161,664,450,-1.4353,0.89267
1367,167.5,664,450,-0.52404,0.99341
1367,174,664,450,0.024127,0.97841
1367,180.5,664,450,-0.56144,0.14408
1367,187,664,450,0.59151,0.65077
1367,193.5,664,450,-1.3124,9.8673e-05
1367,200,664,450,1.1378,0.9321
1418,5,664,450,-0.31073,0.96343
1418,11.5,664,450,-0.31073,0.96343
1418,18,664,450,-0.26995,0.96384
1418,24.5,664,450,-0.22255,0.96442
1418,31,664,450,-0.15175,0.96573
1418,37.5,664,450,-0.065564,0.96714
1418,44,664,450,0.051749,0.96914
1418,50.5,664,450,0.20754,0.97208
1418,57,664,450,0.4409,0.97539
1418,63.5,664,450,0.67354,0.97624
1418,70,664,450,1.0125,0.97497
1418,76.5,664,450,1.4861,0.9703
1418,83,664,450,2.0537,0.97051
1418,89.5,664,450,2.8071,0.98281
1418,96,664,450,-2.5932,0.98658
1418,102.5,664,450,-1.4422,0.97659
1418,109,664,450,-0.35004,0.92029
1418,115.5,664,450,0.73687,0.97578
1418,122,664,450,1.6299,0.95831
1418,128.5,664,450,2.6528,0.98747
1418,135,664,450,-2.7963,0.93429
1418,141.5,664,450,-1.9532,0.77271
1418,148,664,450,-2.186,0.79328
1418,154.5,664,450,-1.1037,0.92249
1418,161,664,450,-1.0745,0.7717
1418,167.5,664,450,1.5185,0.00025508
1418,174,664,450,0.51307,0.89063
1418,180.5,664,450,0.29863,0.47833
1418,187,664,450,1.4796,0.59336
1418,193.5,664,450,0.71373,0.92656
1418,200,664,450,1.6636,0.97139
1469,5,664,450,-0.31383,0.96039
1469,11.5,664,450,-0.31383,0.96039
1469,18,664,450,-0.27161,0.96097
1469,24.5,664,450,-0.22242,0.96191
1469,31,664,450,-0.14879,0.96327
1469,37.5,664,450,-0.059371,0.96483
1469,44,664,450,0.062468,0.96649
1469,50.5,664,450,0.22394,0.96824
1469,57,664,450,0.46515,0.96925
1469,63.5,664,450,0.7048,0.96843
1469,70,664,450,1.0535,0.967
1469,76.5,664,450,1.5412,0.96838
1469,83,664,450,2.1321,0.98056
1469,89.5,664,450,2.9208,0.99302
1469,96,664,450,-2.4481,0.98191
1469,102.5,664,450,-1.2571,0.98168
1469,109,664,450,0.0017463,0.83073
1469,115.5,664,450,0.9422,0.97029
1469,122,664,450,1.8624,0.98593
1469,128.5,664,450,2.9132,0.95088
1469,135,664,450,-2.4341,0.85433
1469,141.5,664,450,-3.0699,0.20389
1469,148,664,450,-1.432,0.88677
1469,154.5,664,450,-0.42463,0.70361
1469,161,664,450,-0.57437,0.72185
1469,167.5,664,450,-0.31748,0.79409
1469,174,664,450,1.1112,0.71454
1469,180.5,664,450,1.8983,0.60131
1469,187,664,450,1.341,0.36794
1469,193.5,664,450,1.5562,0.79938
1469,200,664,450,2.3771,0.71475
