500,5,661,450,-0.2253,0.9556
500,11.5,661,450,-0.2253,0.9556
500,18,661,450,-0.20969,0.95659
500,24.5,661,450,-0.19299,0.95775
500,31,661,450,-0.16532,0.95918
500,37.5,661,450,-0.13297,0.96107
500,44,661,450,-0.09164,0.96329
500,50.5,661,450,-0.034161,0.96613
500,57,661,450,0.051787,0.96928
500,63.5,661,450,0.13715,0.97158
500,70,661,450,0.25592,0.97427
500,76.5,661,450,0.42214,0.9761
500,83,661,450,0.61737,0.9767
500,89.5,661,450,0.87762,0.97612
500,96,661,450,1.1947,0.97726
500,102.5,661,450,1.6664,0.98332
500,109,661,450,2.3131,0.97703
500,115.5,661,450,1.5045,0.1109
500,122,661,450,2.585,0.57473
500,128.5,661,450,-3.052,0.71397
500,135,661,450,-2.6313,0.74637
500,141.5,661,450,-2.3028,0.76706
500,148,661,450,-2.0195,0.78595
500,154.5,661,450,-1.7115,0.78883
500,161,661,450,-1.6382,0.88956
500,167.5,661,450,-1.3373,0.87665
500,174,661,450,-0.98909,0.79457
500,180.5,661,450,-0.11384,0.25117
500,187,661,450,-2.0837,0.35298
500,193.5,661,450,-1.4405,0.71916
500,200,661,450,-1.1519,0.81156
551,5,661,450,-0.22989,0.95385
551,11.5,661,450,-0.22989,0.95385
551,18,661,450,-0.21265,0.95464
551,24.5,661,450,-0.19397,0.95559
551,31,661,450,-0.16367,0.95648
551,37.5,661,450,-0.12801,0.9578
551,44,661,450,-0.082143,0.95922
551,50.5,661,450,-0.019012,0.96086
551,57,661,450,0.075073,0.96241
551,63.5,661,450,0.16839,0.96374
551,70,661,450,0.2988,0.96525
551,76.5,661,450,0.48119,0.96631
551,83,661,450,0.69666,0.96881
551,89.5,661,450,0.98464,0.97242
551,96,661,450,1.3358,0.98038
551,102.5,661,450,1.8455,0.98753
551,109,661,450,2.4987,0.99597
551,115.5,661,450,2.4265,0.60368
551,122,661,450,3.1275,0.77605
551,128.5,661,450,-2.6292,0.84517
551,135,661,450,-2.2264,0.88527
551,141.5,661,450,-1.8905,0.91934
551,148,661,450,-1.5882,0.94062
551,154.5,661,450,-1.0424,0.97542
551,161,661,450,-0.91861,0.91028
551,167.5,661,450,-0.095369,0.45753
551,174,661,450,-1.6195,0.36453
551,180.5,661,450,-1.6103,0.68225
551,187,661,450,-1.0104,0.80797
551,193.5,661,450,-0.77163,0.81942
551,200,661,450,-0.58214,0.82538
602,5,661,450,-0.24145,0.95539
602,11.5,661,450,-0.24145,0.95539
602,18,661,450,-0.22271,0.95574
602,24.5,661,450,-0.20226,0.95614
602,31,661,450,-0.16964,0.95644
602,37.5,661,450,-0.13104,0.95707
602,44,661,450,-0.0811,0.95767
602,50.5,661,450,-0.012891,0.95858
602,57,661,450,0.088721,0.95963
602,63.5,661,450,0.18966,0.96111
602,70,661,450,0.3316,0.9633
602,76.5,661,450,0.53064,0.9677
602,83,661,450,0.76803,0.9749
602,89.5,661,450,1.0859,0.98208
602,96,661,450,1.4704,0.98729
602,102.5,661,450,2.0052,0.97849
602,109,661,450,2.6205,0.9754
602,115.5,661,450,2.9906,0.88906
602,122,661,450,-2.7618,0.92427
602,128.5,661,450,-2.2761,0.9621
602,135,661,450,-1.8603,0.97981
602,141.5,661,450,-1.4373,0.97904
602,148,661,450,-2.1086,0.48561
602,154.5,661,450,-1.0667,0.93213
602,161,661,450,0.099821,0.4374
602,167.5,661,450,-1.0727,0.5972
602,174,661,450,-0.4465,0.42537
602,180.5,661,450,-0.81968,0.96831
602,187,661,450,-0.53911,0.93801
602,193.5,661,450,-0.32589,0.93149
602,200,661,450,-0.13254,0.93382
653,5,661,450,-0.24533,0.95893
653,11.5,661,450,-0.24533,0.95893
653,18,661,450,-0.22532,0.95902
653,24.5,661,450,-0.20332,0.95898
653,31,661,450,-0.16859,0.95915
653,37.5,661,450,-0.12729,0.95958
653,44,661,450,-0.073521,0.9601
653,50.5,661,450,-0.000326,0.96141
653,57,661,450,0.10903,0.96374
653,63.5,661,450,0.21801,0.96656
653,70,661,450,0.37249,0.97123
653,76.5,661,450,0.59034,0.97899
653,83,661,450,0.85183,0.98776
653,89.5,661,450,1.2003,0.99314
653,96,661,450,1.6147,0.98869
653,102.5,661,450,2.1686,0.97301
653,109,661,450,2.7377,0.96026
653,115.5,661,450,-2.9631,0.97259
653,122,661,450,-2.4612,0.98345
653,128.5,661,450,-1.9625,0.98441
653,135,661,450,-1.4394,0.95771
653,141.5,661,450,-1.6866,0.80639
653,148,661,450,-1.1662,0.9061
653,154.5,661,450,-0.81669,0.90965
653,161,661,450,-0.88054,0.80754
653,167.5,661,450,-0.32083,0.83755
653,174,661,450,-1.4141,0.2088
653,180.5,661,450,-0.30828,0.92472
653,187,661,450,-0.052394,0.93791
653,193.5,661,450,0.18436,0.93283
653,200,661,450,0.64958,0.89255
704,5,661,450,-0.24772,0.96142
704,11.5,661,450,-0.24772,0.96142
704,18,661,450,-0.22654,0.96157
704,24.5,661,450,-0.2031,0.96165
704,31,661,450,-0.16615,0.96224
704,37.5,661,450,-0.12209,0.96311
704,44,661,450,-0.064298,0.96434
704,50.5,661,450,0.014354,0.96681
704,57,661,450,0.13231,0.9707
704,63.5,661,450,0.25018,0.97482
704,70,661,450,0.41839,0.9807
704,76.5,661,450,0.65624,0.9879
704,83,661,450,0.94121,0.99217
704,89.5,661,450,1.318,0.99145
704,96,661,450,1.7584,0.98226
704,102.5,661,450,2.3418,0.97772
704,109,661,450,3.016,0.97207
704,115.5,661,450,-2.7451,0.98627
704,122,661,450,-2.2365,0.9774
704,128.5,661,450,-1.6522,0.93018
704,135,661,450,-1.6443,0.93037
704,141.5,661,450,-1.1752,0.95435
704,148,661,450,-0.8318,0.96645
704,154.5,661,450,-0.48449,0.97018
704,161,661,450,-0.18577,0.99062
704,167.5,661,450,0.50903,0.78767
704,174,661,450,-0.47451,0.45225
704,180.5,661,450,0.1913,0.76304
704,187,661,450,0.49643,0.74228
704,193.5,661,450,1.0313,0.44744
704,200,661,450,0.83124,0.83755
755,5,661,450,-0.24983,0.96068
755,11.5,661,450,-0.24983,0.96068
755,18,661,450,-0.22732,0.96118
755,24.5,661,450,-0.20227,0.9618
755,31,661,450,-0.16282,0.96299
755,37.5,661,450,-0.11567,0.96453
755,44,661,450,-0.053428,0.96655
755,50.5,661,450,0.031245,0.96977
755,57,661,450,0.15843,0.97399
755,63.5,661,450,0.2855,0.97769
755,70,661,450,0.4673,0.98228
755,76.5,661,450,0.72337,0.98514
755,83,661,450,1.0286,0.98377
755,89.5,661,450,1.4306,0.97891
755,96,661,450,1.8991,0.9774
755,102.5,661,450,2.5316,0.97966
755,109,661,450,1.9602,0.23603
755,115.5,661,450,-2.5684,0.97477
755,122,661,450,-2.0361,0.95446
755,128.5,661,450,-1.8602,1.0016
755,135,661,450,-1.2364,0.98593
755,141.5,661,450,-0.81109,0.99
755,148,661,450,-0.39528,0.96329
755,154.5,661,450,0.18626,0.78112
755,161,661,450,0.29223,0.91242
755,167.5,661,450,1.4107,0.22494
755,174,661,450,0.090539,0.54483
755,180.5,661,450,0.78887,0.64606
755,187,661,450,1.3787,0.41221
755,193.5,661,450,0.1217,0.83903
755,200,661,450,1.0136,0.98182
806,5,661,450,-0.25282,0.95737
806,11.5,661,450,-0.25282,0.95737
806,18,661,450,-0.22879,0.95823
806,24.5,661,450,-0.20181,0.95934
806,31,661,450,-0.15965,0.96076
806,37.5,661,450,-0.10915,0.96257
806,44,661,450,-0.042196,0.96474
806,50.5,661,450,0.048601,0.96739
806,57,661,450,0.18472,0.97031
806,63.5,661,450,0.32032,0.97234
806,70,661,450,0.51424,0.9739
806,76.5,661,450,0.78626,0.97306
806,83,661,450,1.1098,0.97234
806,89.5,661,450,1.5373,0.97245
806,96,661,450,2.0406,0.97832
806,102.5,661,450,2.7302,0.97076
806,109,661,450,2.5719,0.72563
806,115.5,661,450,-2.3699,0.96218
806,122,661,450,-1.5797,0.81844
806,128.5,661,450,-1.4362,0.99609
806,135,661,450,-0.90045,0.9699
806,141.5,661,450,-0.39753,0.89664
806,148,661,450,0.10828,0.74955
806,154.5,661,450,0.88257,0.31107
806,161,661,450,0.85136,0.66201
806,167.5,661,450,-0.72724,0.0072283
806,174,661,450,1.0877,0.84099
806,180.5,661,450,-2.66,0.0020059
806,187,661,450,-0.6656,0.039531
806,193.5,661,450,1.1196,0.92922
806,200,661,450,1.639,0.91989
857,5,661,450,-0.25736,0.95453
857,11.5,661,450,-0.25736,0.95453
857,18,661,450,-0.23175,0.95551
857,24.5,661,450,-0.20271,0.95647
857,31,661,450,-0.15785,0.95758
857,37.5,661,450,-0.10403,0.95906
857,44,661,450,-0.032503,0.96061
857,50.5,661,450,0.063921,0.96225
857,57,661,450,0.208,0.96372
857,63.5,661,450,0.35119,0.96447
857,70,661,450,0.55619,0.96502
857,76.5,661,450,0.84312,0.96607
857,83,661,450,1.1871,0.97116
857,89.5,661,450,1.6442,0.9798
857,96,661,450,2.1862,0.98551
857,102.5,661,450,2.9232,0.96002
857,109,661,450,2.8934,0.75097
857,115.5,661,450,-2.056,0.93013
857,122,661,450,-2.0451,0.89759
857,128.5,661,450,-1.1315,0.95288
857,135,661,450,-0.53274,0.87786
857,141.5,661,450,0.03432,0.76327
857,148,661,450,0.62117,0.63453
857,154.5,661,450,1.4997,0.3551
857,161,661,450,1.7805,0.16924
857,167.5,661,450,1.437,0.383
857,174,661,450,0.45484,0.22312
857,180.5,661,450,1.7571,0.35889
857,187,661,450,0.92453,0.45942
857,193.5,661,450,1.8635,0.72621
857,200,661,450,2.3415,0.66325
908,5,661,450,-0.26256,0.95475
908,11.5,661,450,-0.26256,0.95475
908,18,661,450,-0.2354,0.95536
908,24.5,661,450,-0.20448,0.95572
908,31,661,450,-0.15715,0.95631
908,37.5,661,450,-0.10028,0.95719
908,44,661,450,-0.024588,0.95798
908,50.5,661,450,0.076921,0.95891
908,57,661,450,0.2284,0.96018
908,63.5,661,450,0.37906,0.96185
908,70,661,450,0.59519,0.96512
908,76.5,661,450,0.89936,0.97149
908,83,661,450,1.2674,0.98257
908,89.5,661,450,1.7581,0.99124
908,96,661,450,2.3355,0.98924
908,102.5,661,450,3.1104,0.96733
908,109,661,450,-3.027,0.67143
908,115.5,661,450,-1.4142,0.616
908,122,661,450,-1.6877,0.93663
908,128.5,661,450,-0.78293,0.88702
908,135,661,450,-0.089633,0.79921
908,141.5,661,450,0.62516,0.71248
908,148,661,450,1.4649,0.5742
908,154.5,661,450,2.7748,0.70775
908,161,661,450,-0.12371,0.035455
908,167.5,661,450,0.44854,0.37446
908,174,661,450,1.5581,0.61225
908,180.5,661,450,2.9019,0.18783
908,187,661,450,1.9713,0.63127
908,193.5,661,450,2.6575,0.72195
908,200,661,450,-2.9898,0.6496
959,5,661,450,-0.27485,0.95767
959,11.5,661,450,-0.27485,0.95767
959,18,661,450,-0.2462,0.95793
959,24.5,661,450,-0.21385,0.95787
959,31,661,450,-0.16431,0.9581
959,37.5,661,450,-0.10464,0.95864
959,44,661,450,-0.025047,0.95924
959,50.5,661,450,0.08146,0.96059
959,57,661,450,0.24067,0.96308
959,63.5,661,450,0.39948,0.9671
959,70,661,450,0.62858,0.97381
959,76.5,661,450,0.95303,0.9836
959,83,661,450,1.3467,0.99337
959,89.5,661,450,1.8689,0.99257
959,96,661,450,2.4753,0.98196
959,102.5,661,450,-2.9901,0.98001
959,109,661,450,-2.6421,0.62555
959,115.5,661,450,-0.33681,0.023219
959,122,661,450,-1.3456,0.89407
959,128.5,661,450,-0.34994,0.83138
959,135,661,450,0.53038,0.70096
959,141.5,661,450,1.4842,0.47911
959,148,661,450,2.4991,0.22292
959,154.5,661,450,-2.3494,0.22567
959,161,661,450,1.5959,0.21243
959,167.5,661,450,1.4289,0.507
959,174,661,450,2.3275,0.63099
959,180.5,661,450,1.8084,0.56831
959,187,661,450,-3.1367,0.87216
959,193.5,661,450,-2.5205,0.91765
959,200,661,450,-0.38662,0.13736
1010,5,661,450,-0.27751,0.96074
1010,11.5,661,450,-0.27751,0.96074
1010,18,661,450,-0.24785,0.96082
1010,24.5,661,450,-0.21396,0.96104
1010,31,661,450,-0.16226,0.96138
1010,37.5,661,450,-0.099817,0.96214
1010,44,661,450,-0.016208,0.96328
1010,50.5,661,450,0.09576,0.96577
1010,57,661,450,0.26372,0.97006
1010,63.5,661,450,0.43176,0.97536
1010,70,661,450,0.67535,0.98271
1010,76.5,661,450,1.0203,0.98925
1010,83,661,450,1.4366,0.98949
1010,89.5,661,450,1.984,0.98027
1010,96,661,450,2.617,0.97564
1010,102.5,661,450,-2.8025,0.98022
1010,109,661,450,-2.1882,0.72645
1010,115.5,661,450,-2.7562,0.083453
1010,122,661,450,-0.90658,0.79722
1010,128.5,661,450,0.23567,0.72597
1010,135,661,450,1.2668,0.47763
1010,141.5,661,450,2.3006,0.20009
1010,148,661,450,-2.6896,0.0011261
1010,154.5,661,450,1.7601,0.077886
1010,161,661,450,3.0094,0.53958
1010,167.5,661,450,2.2908,0.3619
1010,174,661,450,3.0389,0.64414
1010,180.5,661,450,-2.7313,0.69844
1010,187,661,450,-2.2607,0.74563
1010,193.5,661,450,-1.4326,0.86785
1010,200,661,450,1.7913,0.072449
1061,5,661,450,-0.27949,0.96128
1061,11.5,661,450,-0.27949,0.96128
1061,18,661,450,-0.24845,0.96188
1061,24.5,661,450,-0.21296,0.96236
1061,31,661,450,-0.15892,0.96325
1061,37.5,661,450,-0.093494,0.96454
1061,44,661,450,-0.005499,0.96642
1061,50.5,661,450,0.11249,0.96966
1061,57,661,450,0.28981,0.9741
1061,63.5,661,450,0.46726,0.97846
1061,70,661,450,0.7247,0.98245
1061,76.5,661,450,1.0873,0.9823
1061,83,661,450,1.5216,0.9761
1061,89.5,661,450,2.0919,0.97016
1061,96,661,450,2.7587,0.97579
1061,102.5,661,450,-2.618,0.97041
1061,109,661,450,-1.763,0.83882
1061,115.5,661,450,-2.0332,0.2181
1061,122,661,450,-0.37831,0.68255
1061,128.5,661,450,0.82653,0.58353
1061,135,661,450,1.9166,0.34437
1061,141.5,661,450,-2.9248,0.0076112
1061,148,661,450,1.6259,0.41906
1061,154.5,661,450,2.8253,0.85408
1061,161,661,450,-2.3209,0.7871
1061,167.5,661,450,3.0461,0.33801
1061,174,661,450,-2.3271,0.49988
1061,180.5,661,450,-2.1755,0.73624
1061,187,661,450,-1.6609,0.77091
1061,193.5,661,450,0.65833,0.30515
1061,200,661,450,-2.118,0.69268
1112,5,661,450,-0.28236,0.95871
1112,11.5,661,450,-0.28236,0.95871
1112,18,661,450,-0.2495,0.95988
1112,24.5,661,450,-0.21224,0.96071
1112,31,661,450,-0.15558,0.96205
1112,37.5,661,450,-0.086914,0.9637
1112,44,661,450,0.0057304,0.96579
1112,50.5,661,450,0.12985,0.96855
1112,57,661,450,0.3161,0.97129
1112,63.5,661,450,0.50205,0.97315
1112,70,661,450,0.77132,0.97336
1112,76.5,661,450,1.1483,0.97056
1112,83,661,450,1.5997,0.96982
1112,89.5,661,450,2.1975,0.97555
1112,96,661,450,2.9032,0.98326
1112,102.5,661,450,-2.4402,0.963
1112,109,661,450,-1.4331,0.92653
1112,115.5,661,450,-1.3323,0.35831
1112,122,661,450,0.14148,0.6245
1112,128.5,661,450,1.3279,0.57307
1112,135,661,450,2.6988,0.2026
1112,141.5,661,450,1.515,0.44555
1112,148,661,450,2.6753,0.8504
1112,154.5,661,450,-2.7025,0.83407
1112,161,661,450,-1.9183,0.74148
1112,167.5,661,450,-2.5163,0.5413
1112,174,661,450,-2.9765,0.66873
1112,180.5,661,450,-1.611,0.88723
1112,187,661,450,-0.7706,0.65812
1112,193.5,661,450,-1.6558,0.75845
1112,200,661,450,-0.97677,0.91266
1163,5,661,450,-0.28703,0.95844
1163,11.5,661,450,-0.28703,0.95844
1163,18,661,450,-0.25297,0.95927
1163,24.5,661,450,-0.21381,0.96021
1163,31,661,450,-0.15439,0.96148
1163,37.5,661,450,-0.082388,0.96295
1163,44,661,450,0.014808,0.96447
1163,50.5,661,450,0.14458,0.966
1163,57,661,450,0.33869,0.96683
1163,63.5,661,450,0.53208,0.9672
1163,70,661,450,0.81156,0.96723
1163,76.5,661,450,1.2037,0.96906
1163,83,661,450,1.6771,0.97778
1163,89.5,661,450,2.3093,0.9885
1163,96,661,450,3.0501,0.98434
1163,102.5,661,450,-2.2639,0.97075
1163,109,661,450,-1.1925,0.9829
1163,115.5,661,450,-0.67397,0.57394
1163,122,661,450,0.59639,0.69504
1163,128.5,661,450,1.8421,0.65451
1163,135,661,450,0.96152,0.14149
1163,141.5,661,450,2.4921,0.76755
1163,148,661,450,-3.0779,0.79445
1163,154.5,661,450,-2.3595,0.67492
1163,161,661,450,-1.7049,0.71249
1163,167.5,661,450,-1.8163,0.86793
1163,174,661,450,-1.6296,0.9732
1163,180.5,661,450,-0.59494,0.804
1163,187,661,450,-2.2758,0.15133
1163,193.5,661,450,-0.79225,0.81649
1163,200,661,450,-0.33923,0.85524
1214,5,661,450,-0.29217,0.95693
1214,11.5,661,450,-0.29217,0.95693
1214,18,661,450,-0.25652,0.9577
1214,24.5,661,450,-0.2155,0.95845
1214,31,661,450,-0.15349,0.95924
1214,37.5,661,450,-0.078357,0.96031
1214,44,661,450,0.023056,0.96116
1214,50.5,661,450,0.15792,0.96202
1214,57,661,450,0.35929,0.96277
1214,63.5,661,450,0.55998,0.96387
1214,70,661,450,0.85069,0.9683
1214,76.5,661,450,1.261,0.97673
1214,83,661,450,1.761,0.98849
1214,89.5,661,450,2.4274,0.99154
1214,96,661,450,-3.0862,0.97868
1214,102.5,661,450,-2.0744,0.97891
1214,109,661,450,-1.0168,0.98567
1214,115.5,661,450,-0.14585,0.79546
1214,122,661,450,1.0086,0.85356
1214,128.5,661,450,2.6202,0.49904
1214,135,661,450,2.162,0.72053
1214,141.5,661,450,2.9572,0.81167
1214,148,661,450,-2.7416,0.85679
1214,154.5,661,450,-2.004,0.74518
1214,161,661,450,-2.0357,0.93448
1214,167.5,661,450,-1.0705,0.93431
1214,174,661,450,-0.66757,0.92351
1214,180.5,661,450,-0.98622,0.54788
1214,187,661,450,-0.87717,0.92612
1214,193.5,661,450,-0.35315,0.88384
1214,200,661,450,0.13034,0.9131
1265,5,661,450,-0.29708,0.9587
1265,11.5,661,450,-0.29708,0.9587
1265,18,661,450,-0.25997,0.9592
1265,24.5,661,450,-0.21719,0.95962
1265,31,661,450,-0.15289,0.9599
1265,37.5,661,450,-0.074851,0.96058
1265,44,661,450,0.030536,0.96122
1265,50.5,661,450,0.1704,0.96251
1265,57,661,450,0.37951,0.96504
1265,63.5,661,450,0.58847,0.96884
1265,70,661,450,0.89269,0.97677
1265,76.5,661,450,1.3247,0.98721
1265,83,661,450,1.8508,0.99204
1265,89.5,661,450,2.5442,0.98305
1265,96,661,450,-2.9423,0.97432
1265,102.5,661,450,-1.8819,0.97511
1265,109,661,450,-0.87569,0.98172
1265,115.5,661,450,0.2402,0.93495
1265,122,661,450,1.3637,0.96095
1265,128.5,661,450,1.4536,0.49454
1265,135,661,450,2.643,0.85366
1265,141.5,661,450,-2.9755,0.92415
1265,148,661,450,-2.364,0.98158
1265,154.5,661,450,-0.76742,0.14924
1265,161,661,450,-1.5934,0.95767
1265,167.5,661,450,-1.0847,0.99315
1265,174,661,450,-1.3372,0.4534
1265,180.5,661,450,0.074337,0.32318
1265,187,661,450,-0.36427,0.96642
1265,193.5,661,450,0.11211,0.96453
1265,200,661,450,0.51535,0.96853
1316,5,661,450,-0.30944,0.96215
1316,11.5,661,450,-0.30944,0.96215
1316,18,661,450,-0.271,0.96235
1316,24.5,661,450,-0.22662,0.96262
1316,31,661,450,-0.16018,0.96288
1316,37.5,661,450,-0.079327,0.96355
1316,44,661,450,0.030105,0.96461
1316,50.5,661,450,0.17542,0.96706
1316,57,661,450,0.39344,0.97156
1316,63.5,661,450,0.61167,0.97725
1316,70,661,450,0.93083,0.98429
1316,76.5,661,450,1.3838,0.98862
1316,83,661,450,1.9302,0.98334
1316,89.5,661,450,2.6454,0.97401
1316,96,661,450,-2.8086,0.97629
1316,102.5,661,450,-1.7054,0.95832
1316,109,661,450,-0.72439,0.97806
1316,115.5,661,450,0.5031,0.98421
1316,122,661,450,1.6501,0.99069
1316,128.5,661,450,2.1544,0.87506
1316,135,661,450,2.9775,0.95825
1316,141.5,661,450,-2.609,0.9843
1316,148,661,450,-1.8947,0.88221
1316,154.5,661,450,-2.2257,0.74575
1316,161,661,450,-1.4505,0.9996
1316,167.5,661,450,-0.75444,0.96957
1316,174,661,450,-0.40032,0.9583
1316,180.5,661,450,-0.92091,0.25167
1316,187,661,450,0.17537,0.82823
1316,193.5,661,450,0.80592,0.6968
1316,200,661,450,0.78098,0.91394
1367,5,661,450,-0.31146,0.96417
1367,11.5,661,450,-0.31146,0.96417
1367,18,661,450,-0.27174,0.96436
1367,24.5,661,450,-0.2258,0.9647
1367,31,661,450,-0.15708,0.96551
1367,37.5,661,450,-0.07332,0.96654
1367,44,661,450,0.040465,0.96827
1367,50.5,661,450,0.19179,0.9713
1367,57,661,450,0.41928,0.97632
1367,63.5,661,450,0.64707,0.98065
1367,70,661,450,0.9801,0.98286
1367,76.5,661,450,1.4494,0.97968
1367,83,661,450,2.0121,0.97293
1367,89.5,661,450,2.7522,0.97381
1367,96,661,450,-2.664,0.98379
1367,102.5,661,450,-1.5223,0.96428
1367,109,661,450,-0.48782,0.96118
1367,115.5,661,450,0.7008,0.98023
1367,122,661,450,2.7529,0.51005
1367,128.5,661,450,2.495,0.97222
1367,135,661,450,-2.973,0.97841
1367,141.5,661,450,-2.2094,0.86863
1367,148,661,450,-0.73981,0.091171
1367,154.5,661,450,-1.5042,0.97632
1367,161,661,450,-1.1477,0.95942
1367,167.5,661,450,-0.10268,0.83575
1367,174,661,450,0.19876,0.96106
1367,180.5,661,450,-0.086963,0.42198
1367,187,661,450,0.7664,0.61198
1367,193.5,661,450,-0.7281,0.24338
1367,200,661,450,1.2468,0.93251
1418,5,661,450,-0.31335,0.96308
1418,11.5,661,450,-0.31335,0.96308
1418,18,661,450,-0.27237,0.96353
1418,24.5,661,450,-0.22469,0.96414
1418,31,661,450,-0.15337,0.96546
1418,37.5,661,450,-0.066502,0.96689
1418,44,661,450,0.051876,0.96883
1418,50.5,661,450,0.20937,0.97154
1418,57,661,450,0.44583,0.97443
1418,63.5,661,450,0.68194,0.9759
1418,70,661,450,1.0261,0.97375
1418,76.5,661,450,1.5085,0.96972
1418,83,661,450,2.0895,0.97279
1418,89.5,661,450,2.8622,0.98577
1418,96,661,450,-2.5163,0.98572
1418,102.5,661,450,-1.3383,0.9726
1418,109,661,450,-0.11401,0.8789
1418,115.5,661,450,0.87361,0.97019
1418,122,661,450,1.7912,0.96955
1418,128.5,661,450,2.7868,0.9806
1418,135,661,450,-2.6388,0.89453
1418,141.5,661,450,-1.5032,0.4697
1418,148,661,450,-1.7857,0.93213
1418,154.5,661,450,-0.75356,0.78463
1418,161,661,450,-0.7401,0.8578
1418,167.5,661,450,-0.34137,0.97746
1418,174,661,450,0.74237,0.81634
1418,180.5,661,450,0.67407,0.62984
1418,187,661,450,2.5233,0.16048
1418,193.5,661,450,1.0353,0.96438
1418,200,661,450,1.8011,0.95762
1469,5,661,450,-0.31671,0.95992
1469,11.5,661,450,-0.31671,0.95992
1469,18,661,450,-0.27428,0.96054
1469,24.5,661,450,-0.22479,0.96148
1469,31,661,450,-0.15062,0.96273
1469,37.5,661,450,-0.060472,0.96425
1469,44,661,450,0.062442,0.96579
1469,50.5,661,450,0.22558,0.96728
1469,57,661,450,0.46982,0.96796
1469,63.5,661,450,0.71305,0.96796
1469,70,661,450,1.0668,0.96657
1469,76.5,661,450,1.5644,0.96986
1469,83,661,450,2.1699,0.98311
1469,89.5,661,450,2.9788,0.99262
1469,96,661,450,-2.3702,0.9802
1469,102.5,661,450,-1.149,0.98029
1469,109,661,450,0.32167,0.68877
1469,115.5,661,450,1.1001,0.96296
1469,122,661,450,2.0141,0.98822
1469,128.5,661,450,3.0715,0.92439
1469,135,661,450,-2.1677,0.7517
1469,141.5,661,450,-2.2975,0.7647
1469,148,661,450,-1.1808,0.85332
1469,154.5,661,450,0.20374,0.1748
1469,161,661,450,-0.13447,0.74962
1469,167.5,661,450,0.25988,0.8762
1469,174,661,450,1.4189,0.55089
1469,180.5,661,450,2.7201,0.10139
1469,187,661,450,1.9896,0.28167
1469,193.5,661,450,1.786,0.77633
1469,200,661,450,2.5974,0.59283
