500,5,665,450,-0.22318,0.95594
500,11.5,665,450,-0.22318,0.95594
500,18,665,450,-0.20768,0.95693
500,24.5,665,450,-0.19113,0.9581
500,31,665,450,-0.16374,0.95958
500,37.5,665,450,-0.13177,0.96152
500,44,665,450,-0.090955,0.96381
500,50.5,665,450,-0.034399,0.96679
500,57,665,450,0.04993,0.97027
500,63.5,665,450,0.13334,0.97297
500,70,665,450,0.24907,0.97593
500,76.5,665,450,0.41012,0.97754
500,83,665,450,0.5983,0.97712
500,89.5,665,450,0.84866,0.97417
500,96,665,450,1.152,0.97228
500,102.5,665,450,1.6016,0.97688
500,109,665,450,2.186,0.977
500,115.5,665,450,-2.3096,0.074651
500,122,665,450,2.3617,0.44603
500,128.5,665,450,3.0857,0.66797
500,135,665,450,-2.7519,0.71566
500,141.5,665,450,-2.4114,0.74321
500,148,665,450,-2.1218,0.76897
500,154.5,665,450,-1.8446,0.79591
500,161,665,450,-1.8782,0.91362
500,167.5,665,450,-1.4625,0.88861
500,174,665,450,-1.1814,0.85507
500,180.5,665,450,-0.68877,0.66357
500,187,665,450,0.57946,0.011333
500,193.5,665,450,-1.6688,0.57941
500,200,665,450,-1.2729,0.77546
551,5,665,450,-0.22759,0.95401
551,11.5,665,450,-0.22759,0.95401
551,18,665,450,-0.21047,0.95482
551,24.5,665,450,-0.19195,0.95583
551,31,665,450,-0.16193,0.95679
551,37.5,665,450,-0.12667,0.9582
551,44,665,450,-0.081346,0.95972
551,50.5,665,450,-0.019173,0.96153
551,57,665,450,0.073216,0.96336
551,63.5,665,450,0.16436,0.96476
551,70,665,450,0.29147,0.96605
551,76.5,665,450,0.46838,0.96688
551,83,665,450,0.67603,0.96821
551,89.5,665,450,0.95288,0.96872
551,96,665,450,1.2888,0.9739
551,102.5,665,450,1.777,0.98105
551,109,665,450,2.376,0.99098
551,115.5,665,450,1.9714,0.24842
551,122,665,450,2.9865,0.73263
551,128.5,665,450,-2.7327,0.82537
551,135,665,450,-2.3202,0.87003
551,141.5,665,450,-1.9826,0.90676
551,148,665,450,-1.6813,0.93755
551,154.5,665,450,-1.3889,0.95484
551,161,665,450,-1.0886,0.94358
551,167.5,665,450,-0.61748,0.81743
551,174,665,450,-2.2485,0.002907
551,180.5,665,450,-0.72414,0.3512
551,187,665,450,-1.1324,0.75901
551,193.5,665,450,-0.85342,0.79253
551,200,665,450,-0.65513,0.80653
602,5,665,450,-0.23897,0.95527
602,11.5,665,450,-0.23897,0.95527
602,18,665,450,-0.22035,0.95566
602,24.5,665,450,-0.20004,0.95614
602,31,665,450,-0.16771,0.9565
602,37.5,665,450,-0.12951,0.95722
602,44,665,450,-0.080128,0.9579
602,50.5,665,450,-0.012919,0.9589
602,57,665,450,0.086907,0.96017
602,63.5,665,450,0.18546,0.96159
602,70,665,450,0.32391,0.9638
602,76.5,665,450,0.51676,0.96734
602,83,665,450,0.74536,0.97294
602,89.5,665,450,1.051,0.9783
602,96,665,450,1.4204,0.98312
602,102.5,665,450,1.9362,0.97721
602,109,665,450,2.5153,0.97169
602,115.5,665,450,2.8531,0.84476
602,122,665,450,-2.8576,0.91376
602,128.5,665,450,-2.3656,0.9546
602,135,665,450,-1.9524,0.97662
602,141.5,665,450,-1.5769,0.98828
602,148,665,450,-1.1101,0.931
602,154.5,665,450,-1.2778,0.91426
602,161,665,450,-0.50147,0.87042
602,167.5,665,450,-1.3799,0.40687
602,174,665,450,-0.74497,0.59496
602,180.5,665,450,-0.99398,0.98441
602,187,665,450,-0.61636,0.93304
602,193.5,665,450,-0.39202,0.92124
602,200,665,450,-0.19934,0.92451
653,5,665,450,-0.24293,0.95868
653,11.5,665,450,-0.24293,0.95868
653,18,665,450,-0.22304,0.9588
653,24.5,665,450,-0.20117,0.95882
653,31,665,450,-0.16673,0.95901
653,37.5,665,450,-0.12586,0.95947
653,44,665,450,-0.072693,0.96001
653,50.5,665,450,-0.00058015,0.96134
653,57,665,450,0.10678,0.96376
653,63.5,665,450,0.21319,0.9665
653,70,665,450,0.36378,0.97118
653,76.5,665,450,0.5748,0.97843
653,83,665,450,0.82678,0.98643
653,89.5,665,450,1.1628,0.99098
653,96,665,450,1.5629,0.98781
653,102.5,665,450,2.1004,0.97307
653,109,665,450,2.6573,0.96319
653,115.5,665,450,-3.0507,0.96692
653,122,665,450,-2.5523,0.98075
653,128.5,665,450,-2.0642,0.98746
653,135,665,450,-1.625,0.9765
653,141.5,665,450,-0.5483,0.48449
653,148,665,450,-1.294,0.89074
653,154.5,665,450,-0.91899,0.91932
653,161,665,450,-1.9716,0.031184
653,167.5,665,450,-0.4918,0.86361
653,174,665,450,0.3461,0.41939
653,180.5,665,450,-0.40991,0.92701
653,187,665,450,-0.12662,0.94502
653,193.5,665,450,0.11127,0.94276
653,200,665,450,0.35563,1.0529
704,5,665,450,-0.24542,0.96137
704,11.5,665,450,-0.24542,0.96137
704,18,665,450,-0.22436,0.9615
704,24.5,665,450,-0.20106,0.96159
704,31,665,450,-0.16444,0.96216
704,37.5,665,450,-0.12084,0.96302
704,44,665,450,-0.063733,0.96422
704,50.5,665,450,0.013715,0.96668
704,57,665,450,0.1295,0.97073
704,63.5,665,450,0.24457,0.97487
704,70,665,450,0.40857,0.98098
704,76.5,665,450,0.63917,0.98852
704,83,665,450,0.91462,0.993
704,89.5,665,450,1.279,0.99028
704,96,665,450,1.7057,0.98111
704,102.5,665,450,2.2731,0.97324
704,109,665,450,2.87,0.96949
704,115.5,665,450,-2.8384,0.98436
704,122,665,450,-2.3326,0.98321
704,128.5,665,450,-1.8165,0.95784
704,135,665,450,-2.5275,0.00074346
704,141.5,665,450,-1.2695,0.9515
704,148,665,450,-0.9195,0.96392
704,154.5,665,450,-0.5999,0.97355
704,161,665,450,-0.32512,0.98844
704,167.5,665,450,0.15991,0.96352
704,174,665,450,-1.0211,0.08798
704,180.5,665,450,0.083865,0.76915
704,187,665,450,0.38808,0.77959
704,193.5,665,450,0.74159,0.6737
704,200,665,450,0.52213,0.94302
755,5,665,450,-0.24745,0.96098
755,11.5,665,450,-0.24745,0.96098
755,18,665,450,-0.22509,0.96144
755,24.5,665,450,-0.20022,0.96203
755,31,665,450,-0.16115,0.9632
755,37.5,665,450,-0.11453,0.96472
755,44,665,450,-0.053048,0.96675
755,50.5,665,450,0.030313,0.97003
755,57,665,450,0.15517,0.97459
755,63.5,665,450,0.27934,0.97853
755,70,665,450,0.45661,0.98304
755,76.5,665,450,0.7056,0.98559
755,83,665,450,1.0016,0.98372
755,89.5,665,450,1.3909,0.97702
755,96,665,450,1.8446,0.97143
755,102.5,665,450,2.4553,0.97644
755,109,665,450,-3.0208,0.88065
755,115.5,665,450,-2.6684,0.98393
755,122,665,450,-2.1439,0.96694
755,128.5,665,450,-1.3062,0.70043
755,135,665,450,-1.3404,0.99335
755,141.5,665,450,-0.92441,0.99324
755,148,665,450,-0.53958,0.98837
755,154.5,665,450,-0.11218,0.94491
755,161,665,450,0.087719,0.96295
755,167.5,665,450,0.83632,0.70826
755,174,665,450,-0.23309,0.35916
755,180.5,665,450,0.61389,0.6816
755,187,665,450,1.0503,0.59042
755,193.5,665,450,0.11452,0.342
755,200,665,450,0.88446,0.98808
806,5,665,450,-0.2502,0.95785
806,11.5,665,450,-0.2502,0.95785
806,18,665,450,-0.22635,0.95869
806,24.5,665,450,-0.1996,0.95981
806,31,665,450,-0.15786,0.96124
806,37.5,665,450,-0.10793,0.9631
806,44,665,450,-0.041792,0.96533
806,50.5,665,450,0.047684,0.96822
806,57,665,450,0.18137,0.97162
806,63.5,665,450,0.31401,0.9738
806,70,665,450,0.50349,0.97515
806,76.5,665,450,0.7682,0.97395
806,83,665,450,1.0819,0.97013
806,89.5,665,450,1.4952,0.96732
806,96,665,450,1.9808,0.97331
806,102.5,665,450,2.6442,0.97285
806,109,665,450,-2.4309,0.55012
806,115.5,665,450,-2.4844,0.97836
806,122,665,450,-1.8764,0.94646
806,128.5,665,450,-1.5985,0.99437
806,135,665,450,-1.0404,0.98527
806,141.5,665,450,-0.56175,0.94746
806,148,665,450,-0.10285,0.86244
806,154.5,665,450,0.45637,0.66968
806,161,665,450,0.55001,0.84228
806,167.5,665,450,1.5464,0.27147
806,174,665,450,0.62381,0.78924
806,180.5,665,450,1.9268,0.50743
806,187,665,450,1.1694,0.094812
806,193.5,665,450,0.88368,0.92208
806,200,665,450,1.5134,0.94223
857,5,665,450,-0.25448,0.95485
857,11.5,665,450,-0.25448,0.95485
857,18,665,450,-0.22907,0.95582
857,24.5,665,450,-0.20027,0.95687
857,31,665,450,-0.15584,0.95805
857,37.5,665,450,-0.1026,0.95964
857,44,665,450,-0.031915,0.96131
857,50.5,665,450,0.063133,0.96314
857,57,665,450,0.20464,0.96484
857,63.5,665,450,0.34488,0.96537
857,70,665,450,0.54519,0.96563
857,76.5,665,450,0.8246,0.9651
857,83,665,450,1.1571,0.96758
857,89.5,665,450,1.599,0.97343
857,96,665,450,2.1218,0.98316
857,102.5,665,450,2.8317,0.96908
857,109,665,450,-1.8551,0.22656
857,115.5,665,450,-2.2149,0.94563
857,122,665,450,-3.0387,0.095598
857,128.5,665,450,-1.306,0.96766
857,135,665,450,-0.7044,0.92897
857,141.5,665,450,-0.1611,0.84347
857,148,665,450,0.37644,0.74325
857,154.5,665,450,1.0543,0.58377
857,161,665,450,1.3401,0.39565
857,167.5,665,450,-1.8369,3.8397e-06
857,174,665,450,-0.1055,0.008366
857,180.5,665,450,1.2541,0.38897
857,187,665,450,0.17628,0.098502
857,193.5,665,450,1.6749,0.75124
857,200,665,450,2.1888,0.71395
908,5,665,450,-0.25959,0.95466
908,11.5,665,450,-0.25959,0.95466
908,18,665,450,-0.23262,0.95529
908,24.5,665,450,-0.20191,0.95579
908,31,665,450,-0.155,0.95648
908,37.5,665,450,-0.098716,0.95746
908,44,665,450,-0.023869,0.95835
908,50.5,665,450,0.076235,0.95937
908,57,665,450,0.22501,0.96067
908,63.5,665,450,0.37234,0.96159
908,70,665,450,0.58364,0.96329
908,76.5,665,450,0.87979,0.96854
908,83,665,450,1.2355,0.9779
908,89.5,665,450,1.7093,0.98839
908,96,665,450,2.2689,0.98771
908,102.5,665,450,3.0176,0.97089
908,109,665,450,-1.4238,0.14261
908,115.5,665,450,-1.7676,0.79906
908,122,665,450,-2.0206,0.82377
908,128.5,665,450,-0.98067,0.92256
908,135,665,450,-0.29524,0.85236
908,141.5,665,450,0.36871,0.7747
908,148,665,450,1.1058,0.66004
908,154.5,665,450,2.0395,0.59463
908,161,665,450,-0.45964,0.00013869
908,167.5,665,450,-0.23898,0.18258
908,174,665,450,1.2038,0.5524
908,180.5,665,450,2.3517,0.46777
908,187,665,450,1.5556,0.48266
908,193.5,665,450,2.4456,0.72101
908,200,665,450,2.9849,0.68934
959,5,665,450,-0.27184,0.95731
959,11.5,665,450,-0.27184,0.95731
959,18,665,450,-0.24336,0.95764
959,24.5,665,450,-0.2112,0.95762
959,31,665,450,-0.16208,0.9579
959,37.5,665,450,-0.10301,0.9585
959,44,665,450,-0.024291,0.95913
959,50.5,665,450,0.080715,0.96045
959,57,665,450,0.23716,0.96292
959,63.5,665,450,0.39226,0.9658
959,70,665,450,0.61641,0.97093
959,76.5,665,450,0.93202,0.98092
959,83,665,450,1.3134,0.99061
959,89.5,665,450,1.8183,0.99307
959,96,665,450,2.4064,0.98178
959,102.5,665,450,-3.0906,0.97507
959,109,665,450,-0.99195,0.10038
959,115.5,665,450,-1.1247,0.42884
959,122,665,450,-1.6299,0.84118
959,128.5,665,450,-0.5729,0.85098
959,135,665,450,0.26478,0.7401
959,141.5,665,450,1.1351,0.56269
959,148,665,450,2.0423,0.31176
959,154.5,665,450,3.0995,0.18699
959,161,665,450,0.75809,0.24706
959,167.5,665,450,0.94465,0.3742
959,174,665,450,2.066,0.64257
959,180.5,665,450,-3.0763,0.29702
959,187,665,450,2.8665,0.88471
959,193.5,665,450,-2.8097,0.90279
959,200,665,450,-1.6307,0.9108
1010,5,665,450,-0.27465,0.96053
1010,11.5,665,450,-0.27465,0.96053
1010,18,665,450,-0.24515,0.96056
1010,24.5,665,450,-0.21149,0.96077
1010,31,665,450,-0.16022,0.96111
1010,37.5,665,450,-0.09842,0.96187
1010,44,665,450,-0.015767,0.96297
1010,50.5,665,450,0.094554,0.9654
1010,57,665,450,0.25949,0.96976
1010,63.5,665,450,0.42359,0.9742
1010,70,665,450,0.6618,0.98057
1010,76.5,665,450,0.99778,0.98874
1010,83,665,450,1.4017,0.99061
1010,89.5,665,450,1.9325,0.98217
1010,96,665,450,2.5457,0.9748
1010,102.5,665,450,-2.9096,0.97789
1010,109,665,450,-0.79666,0.0038161
1010,115.5,665,450,-0.4667,0.1574
1010,122,665,450,-1.1825,0.74986
1010,128.5,665,450,-0.027385,0.73558
1010,135,665,450,0.96059,0.5296
1010,141.5,665,450,1.9063,0.28119
1010,148,665,450,2.9154,0.060814
1010,154.5,665,450,1.0985,0.027474
1010,161,665,450,2.2672,0.66114
1010,167.5,665,450,1.9102,0.23242
1010,174,665,450,2.8134,0.60446
1010,180.5,665,450,-2.9299,0.68536
1010,187,665,450,-2.458,0.73288
1010,193.5,665,450,-1.8363,0.81874
1010,200,665,450,0.86231,0.036531
1061,5,665,450,-0.27662,0.96147
1061,11.5,665,450,-0.27662,0.96147
1061,18,665,450,-0.2458,0.96202
1061,24.5,665,450,-0.21058,0.96246
1061,31,665,450,-0.15702,0.9633
1061,37.5,665,450,-0.092285,0.96456
1061,44,665,450,-0.0053472,0.96642
1061,50.5,665,450,0.11087,0.96972
1061,57,665,450,0.28503,0.97449
1061,63.5,665,450,0.45847,0.97841
1061,70,665,450,0.71031,0.98218
1061,76.5,665,450,1.0642,0.98309
1061,83,665,450,1.4861,0.97757
1061,89.5,665,450,2.0388,0.96989
1061,96,665,450,2.6825,0.97382
1061,102.5,665,450,-2.7281,0.97444
1061,109,665,450,-2.3467,0.53359
1061,115.5,665,450,0.18799,0.062908
1061,122,665,450,-0.66288,0.63736
1061,128.5,665,450,0.55249,0.59831
1061,135,665,450,1.5818,0.40678
1061,141.5,665,450,2.6894,0.12836
1061,148,665,450,0.99143,0.10261
1061,154.5,665,450,2.2822,0.66279
1061,161,665,450,-2.8993,0.99252
1061,167.5,665,450,2.7016,0.17582
1061,174,665,450,-2.7044,0.54299
1061,180.5,665,450,-2.3528,0.6992
1061,187,665,450,-1.8719,0.73954
1061,193.5,665,450,-0.85536,0.8122
1061,200,665,450,-2.6362,0.56038
1112,5,665,450,-0.27926,0.95916
1112,11.5,665,450,-0.27926,0.95916
1112,18,665,450,-0.24667,0.96043
1112,24.5,665,450,-0.20971,0.96123
1112,31,665,450,-0.1536,0.96254
1112,37.5,665,450,-0.085679,0.96421
1112,44,665,450,0.0058457,0.96636
1112,50.5,665,450,0.12816,0.96937
1112,57,665,450,0.31122,0.97262
1112,63.5,665,450,0.49318,0.97438
1112,70,665,450,0.75647,0.97441
1112,76.5,665,450,1.1246,0.97034
1112,83,665,450,1.5635,0.9679
1112,89.5,665,450,2.1412,0.97237
1112,96,665,450,2.8222,0.98297
1112,102.5,665,450,-2.551,0.97116
1112,109,665,450,-1.6318,0.91626
1112,115.5,665,450,0.88763,0.004375
1112,122,665,450,-0.12753,0.59777
1112,128.5,665,450,1.0612,0.59002
1112,135,665,450,2.2068,0.40233
1112,141.5,665,450,0.77352,0.02924
1112,148,665,450,2.2657,0.68101
1112,154.5,665,450,-3.1148,0.87619
1112,161,665,450,-2.3575,0.90807
1112,167.5,665,450,-2.8385,0.38276
1112,174,665,450,-1.8831,0.4288
1112,180.5,665,450,-1.8092,0.86793
1112,187,665,450,-1.2245,0.82104
1112,193.5,665,450,-2.4759,0.374
1112,200,665,450,-1.2008,0.89696
1163,5,665,450,-0.28366,0.95895
1163,11.5,665,450,-0.28366,0.95895
1163,18,665,450,-0.24984,0.95977
1163,24.5,665,450,-0.21101,0.96072
1163,31,665,450,-0.15216,0.96205
1163,37.5,665,450,-0.080927,0.96361
1163,44,665,450,0.015136,0.96527
1163,50.5,665,450,0.14311,0.96708
1163,57,665,450,0.33403,0.96828
1163,63.5,665,450,0.52341,0.96852
1163,70,665,450,0.79693,0.96746
1163,76.5,665,450,1.1791,0.96711
1163,83,665,450,1.6385,0.97433
1163,89.5,665,450,2.2488,0.98627
1163,96,665,450,2.9665,0.98712
1163,102.5,665,450,-2.3755,0.97189
1163,109,665,450,-1.3574,0.98107
1163,115.5,665,450,-1.3409,0.13779
1163,122,665,450,0.36031,0.68004
1163,128.5,665,450,1.532,0.71532
1163,135,665,450,3.1181,0.1757
1163,141.5,665,450,2.1071,0.59603
1163,148,665,450,2.9818,0.77127
1163,154.5,665,450,-2.6676,0.79106
1163,161,665,450,-2.1076,0.88387
1163,167.5,665,450,-2.0546,0.8238
1163,174,665,450,-2.5081,0.592
1163,180.5,665,450,-1.1022,0.95838
1163,187,665,450,-1.8651,0.23899
1163,193.5,665,450,-0.95962,0.78266
1163,200,665,450,-0.50063,0.8349
1214,5,665,450,-0.28857,0.95702
1214,11.5,665,450,-0.28857,0.95702
1214,18,665,450,-0.25317,0.95783
1214,24.5,665,450,-0.21248,0.95861
1214,31,665,450,-0.15103,0.95953
1214,37.5,665,450,-0.076682,0.96072
1214,44,665,450,0.023606,0.96169
1214,50.5,665,450,0.15664,0.96269
1214,57,665,450,0.35471,0.96347
1214,63.5,665,450,0.55132,0.96441
1214,70,665,450,0.83549,0.96607
1214,76.5,665,450,1.2352,0.97377
1214,83,665,450,1.719,0.986
1214,89.5,665,450,2.3642,0.99321
1214,96,665,450,3.1118,0.98322
1214,102.5,665,450,-2.1939,0.97827
1214,109,665,450,-1.2047,0.99115
1214,115.5,665,450,-0.48209,0.65913
1214,122,665,450,0.78668,0.84599
1214,128.5,665,450,2.0264,0.82425
1214,135,665,450,1.6556,0.40346
1214,141.5,665,450,2.7569,0.77649
1214,148,665,450,-2.8977,0.84189
1214,154.5,665,450,-2.3357,0.87025
1214,161,665,450,-1.8772,0.95758
1214,167.5,665,450,-1.4229,0.99362
1214,174,665,450,-1.1207,0.94912
1214,180.5,665,450,-1.4915,0.30156
1214,187,665,450,-1.3354,0.9523
1214,193.5,665,450,-0.48434,0.86031
1214,200,665,450,-0.047324,0.88879
1265,5,665,450,-0.29352,0.9583
1265,11.5,665,450,-0.29352,0.9583
1265,18,665,450,-0.25665,0.95885
1265,24.5,665,450,-0.21419,0.95931
1265,31,665,450,-0.15043,0.95969
1265,37.5,665,450,-0.073172,0.96046
1265,44,665,450,0.031061,0.96114
1265,50.5,665,450,0.169,0.96239
1265,57,665,450,0.37453,0.96476
1265,63.5,665,450,0.57896,0.96806
1265,70,665,450,0.87651,0.97416
1265,76.5,665,450,1.2967,0.9852
1265,83,665,450,1.8069,0.99244
1265,89.5,665,450,2.4797,0.98753
1265,96,665,450,-3.0314,0.977
1265,102.5,665,450,-2.0076,0.97794
1265,109,665,450,-1.0735,0.99417
1265,115.5,665,450,0.042485,0.91813
1265,122,665,450,1.1371,0.9629
1265,128.5,665,450,2.8718,0.48459
1265,135,665,450,2.4408,0.81181
1265,141.5,665,450,-3.128,0.90365
1265,148,665,450,-2.5267,0.96686
1265,154.5,665,450,-1.8912,0.99361
1265,161,665,450,-0.46758,0.17699
1265,167.5,665,450,-1.8123,0.71105
1265,174,665,450,0.24051,0.39026
1265,180.5,665,450,-0.47027,0.65606
1265,187,665,450,-0.56917,0.97681
1265,193.5,665,450,-0.023952,0.96139
1265,200,665,450,0.42412,0.9596
1316,5,665,450,-0.30595,0.96163
1316,11.5,665,450,-0.30595,0.96163
1316,18,665,450,-0.26773,0.96186
1316,24.5,665,450,-0.22367,0.96214
1316,31,665,450,-0.15778,0.96241
1316,37.5,665,450,-0.077724,0.9631
1316,44,665,450,0.030471,0.96413
1316,50.5,665,450,0.17369,0.96648
1316,57,665,450,0.3878,0.97102
1316,63.5,665,450,0.60124,0.97563
1316,70,665,450,0.91344,0.98315
1316,76.5,665,450,1.3546,0.98946
1316,83,665,450,1.8858,0.98627
1316,89.5,665,450,2.5794,0.97423
1316,96,665,450,-2.9028,0.97717
1316,102.5,665,450,-1.8343,0.97277
1316,109,665,450,-0.92586,0.98953
1316,115.5,665,450,0.33019,0.98057
1316,122,665,450,1.3867,0.99296
1316,128.5,665,450,1.8758,0.77552
1316,135,665,450,2.8235,0.9417
1316,141.5,665,450,-2.7753,0.98463
1316,148,665,450,-2.1323,0.95744
1316,154.5,665,450,-1.1728,0.59517
1316,161,665,450,-1.8025,0.91571
1316,167.5,665,450,-0.93016,0.97704
1316,174,665,450,-0.65717,0.91479
1316,180.5,665,450,0.64645,0.51003
1316,187,665,450,-0.0082803,0.84625
1316,193.5,665,450,0.54669,0.8378
1316,200,665,450,0.91145,0.8528
1367,5,665,450,-0.3081,0.96405
1367,11.5,665,450,-0.3081,0.96405
1367,18,665,450,-0.26861,0.96424
1367,24.5,665,450,-0.22301,0.96454
1367,31,665,450,-0.15491,0.96529
1367,37.5,665,450,-0.071999,0.96629
1367,44,665,450,0.04044,0.96799
1367,50.5,665,450,0.18959,0.9711
1367,57,665,450,0.41288,0.9763
1367,63.5,665,450,0.63601,0.97992
1367,70,665,450,0.96209,0.98359
1367,76.5,665,450,1.4196,0.98157
1367,83,665,450,1.9665,0.97351
1367,89.5,665,450,2.6828,0.97186
1367,96,665,450,-2.7619,0.98271
1367,102.5,665,450,-1.6541,0.96588
1367,109,665,450,-0.71437,0.96343
1367,115.5,665,450,0.52646,0.98681
1367,122,665,450,1.5802,0.98848
1367,128.5,665,450,2.3328,0.9592
1367,135,665,450,-3.141,0.98504
1367,141.5,665,450,-2.4263,0.9354
1367,148,665,450,-1.671,0.75565
1367,154.5,665,450,-1.9612,0.88798
1367,161,665,450,-1.6315,0.78902
1367,167.5,665,450,-0.5752,0.992
1367,174,665,450,-0.029638,0.98561
1367,180.5,665,450,-0.81876,0.033844
1367,187,665,450,0.53916,0.65737
1367,193.5,665,450,1.6558,0.12632
1367,200,665,450,1.0993,0.9337
1418,5,665,450,-0.30988,0.96353
1418,11.5,665,450,-0.30988,0.96353
1418,18,665,450,-0.26915,0.96393
1418,24.5,665,450,-0.22184,0.9645
1418,31,665,450,-0.15122,0.9658
1418,37.5,665,450,-0.065258,0.96721
1418,44,665,450,0.051703,0.96922
1418,50.5,665,450,0.20693,0.97222
1418,57,665,450,0.43928,0.9756
1418,63.5,665,450,0.67095,0.97647
1418,70,665,450,1.0083,0.97546
1418,76.5,665,450,1.479,0.97041
1418,83,665,450,2.0426,0.97059
1418,89.5,665,450,2.7891,0.98242
1418,96,665,450,-2.617,0.98816
1418,102.5,665,450,-1.4753,0.97165
1418,109,665,450,-0.41283,0.91642
1418,115.5,665,450,0.69483,0.98009
1418,122,665,450,1.4088,0.87133
1418,128.5,665,450,2.6103,0.98517
1418,135,665,450,-2.842,0.9427
1418,141.5,665,450,-2.0331,0.81022
1418,148,665,450,-2.4375,0.61806
1418,154.5,665,450,-1.1835,0.93114
1418,161,665,450,-1.236,0.68503
1418,167.5,665,450,0.43115,0.47256
1418,174,665,450,0.44877,0.90527
1418,180.5,665,450,0.15004,0.39077
1418,187,665,450,1.337,0.62634
1418,193.5,665,450,0.55628,0.87919
1418,200,665,450,1.619,0.97409
1469,5,665,450,-0.31289,0.96055
1469,11.5,665,450,-0.31289,0.96055
1469,18,665,450,-0.27073,0.96112
1469,24.5,665,450,-0.22165,0.96205
1469,31,665,450,-0.1482,0.96345
1469,37.5,665,450,-0.059016,0.96501
1469,44,665,450,0.062467,0.96671
1469,50.5,665,450,0.22339,0.96853
1469,57,665,450,0.46361,0.9696
1469,63.5,665,450,0.70226,0.96859
1469,70,665,450,1.0492,0.96692
1469,76.5,665,450,1.5339,0.96791
1469,83,665,450,2.1201,0.97932
1469,89.5,665,450,2.9025,0.99283
1469,96,665,450,-2.4729,0.98352
1469,102.5,665,450,-1.2907,0.97755
1469,109,665,450,-0.079138,0.84204
1469,115.5,665,450,0.89513,0.97128
1469,122,665,450,1.8147,0.99359
1469,128.5,665,450,2.8653,0.95905
1469,135,665,450,-2.4985,0.87317
1469,141.5,665,450,2.7994,0.003826
1469,148,665,450,-1.5104,0.8853
1469,154.5,665,450,-0.54737,0.76595
1469,161,665,450,-0.7602,0.64608
1469,167.5,665,450,-0.70049,0.53517
1469,174,665,450,1.0253,0.75374
1469,180.5,665,450,1.6815,0.73092
1469,187,665,450,1.138,0.32222
1469,193.5,665,450,1.472,0.80007
1469,200,665,450,2.3157,0.74193
