500,5,639,450,-0.23796,0.95388
500,11.5,639,450,-0.23796,0.95388
500,18,639,450,-0.22168,0.95483
500,24.5,639,450,-0.20416,0.95584
500,31,639,450,-0.17496,0.95689
500,37.5,639,450,-0.14059,0.95808
500,44,639,450,-0.096393,0.95955
500,50.5,639,450,-0.034484,0.96025
500,57,639,450,0.059421,0.95929
500,63.5,639,450,0.15382,0.95606
500,70,639,450,0.28678,0.951
500,76.5,639,450,0.47745,0.93891
500,83,639,450,0.70839,0.92184
500,89.5,639,450,1.0267,0.90296
500,96,639,450,1.4344,0.88442
500,102.5,639,450,2.116,0.83645
500,109,639,450,2.6772,0.23139
500,115.5,639,450,2.8935,0.38407
500,122,639,450,-2.9522,0.44844
500,128.5,639,450,-2.4983,0.53442
500,135,639,450,-2.1522,0.59227
500,141.5,639,450,-1.8771,0.62929
500,148,639,450,-1.6413,0.65892
500,154.5,639,450,-1.4022,0.65514
500,161,639,450,-1.1784,0.54408
500,167.5,639,450,-1.0922,0.40413
500,174,639,450,-1.1754,0.37723
500,180.5,639,450,-1.1637,0.52656
500,187,639,450,-1.017,0.63118
500,193.5,639,450,-0.84787,0.67865
500,200,639,450,-0.68051,0.69216
551,5,639,450,-0.24346,0.95348
551,11.5,639,450,-0.24346,0.95348
551,18,639,450,-0.22555,0.95412
551,24.5,639,450,-0.20602,0.95467
551,31,639,450,-0.17417,0.95506
551,37.5,639,450,-0.13643,0.95554
551,44,639,450,-0.087554,0.95607
551,50.5,639,450,-0.019776,0.95558
551,57,639,450,0.082785,0.95321
551,63.5,639,450,0.18598,0.94927
551,70,639,450,0.33222,0.9432
551,76.5,639,450,0.54157,0.93181
551,83,639,450,0.79727,0.91771
551,89.5,639,450,1.1482,0.90233
551,96,639,450,1.5893,0.88717
551,102.5,639,450,2.2802,0.85538
551,109,639,450,2.6565,0.38991
551,115.5,639,450,-3.0907,0.62699
551,122,639,450,-2.6117,0.71922
551,128.5,639,450,-2.1536,0.8014
551,135,639,450,-1.7716,0.81967
551,141.5,639,450,-1.4614,0.76899
551,148,639,450,-1.1988,0.72749
551,154.5,639,450,-0.88471,0.54416
551,161,639,450,-1.0461,0.33218
551,167.5,639,450,-1.0172,0.37873
551,174,639,450,-1.0821,0.56514
551,180.5,639,450,-0.77765,0.7799
551,187,639,450,-0.58927,0.8035
551,193.5,639,450,-0.4032,0.79912
551,200,639,450,-0.20844,0.76835
602,5,639,450,-0.25576,0.95656
602,11.5,639,450,-0.25576,0.95656
602,18,639,450,-0.23641,0.95671
602,24.5,639,450,-0.2152,0.95672
602,31,639,450,-0.18102,0.95663
602,37.5,639,450,-0.1403,0.95652
602,44,639,450,-0.087198,0.95643
602,50.5,639,450,-0.014031,0.95558
602,57,639,450,0.096834,0.9534
602,63.5,639,450,0.20861,0.95012
602,70,639,450,0.36802,0.94597
602,76.5,639,450,0.5976,0.93785
602,83,639,450,0.87945,0.92724
602,89.5,639,450,1.2635,0.91377
602,96,639,450,1.7314,0.89303
602,102.5,639,450,2.3964,0.86656
602,109,639,450,2.878,0.75722
602,115.5,639,450,-2.7633,0.85407
602,122,639,450,-2.2676,0.87277
602,128.5,639,450,-1.8279,0.81281
602,135,639,450,-1.5161,0.72861
602,141.5,639,450,-1.2766,0.72196
602,148,639,450,-0.993,0.71117
602,154.5,639,450,-0.72382,0.3877
602,161,639,450,-0.81361,0.50608
602,167.5,639,450,-0.86701,0.49969
602,174,639,450,-0.6747,0.85365
602,180.5,639,450,-0.37192,0.94219
602,187,639,450,-0.17661,0.95138
602,193.5,639,450,0.022295,0.94537
602,200,639,450,0.19949,0.91609
653,5,639,450,-0.25898,0.96029
653,11.5,639,450,-0.25898,0.96029
653,18,639,450,-0.23835,0.96026
653,24.5,639,450,-0.21566,0.96012
653,31,639,450,-0.17924,0.96019
653,37.5,639,450,-0.13567,0.96015
653,44,639,450,-0.078439,0.96033
653,50.5,639,450,0.00027988,0.96031
653,57,639,450,0.11998,0.95981
653,63.5,639,450,0.24112,0.95808
653,70,639,450,0.41526,0.9562
653,76.5,639,450,0.66695,0.95019
653,83,639,450,0.9764,0.93895
653,89.5,639,450,1.3939,0.92281
653,96,639,450,1.8868,0.89754
653,102.5,639,450,2.533,0.88188
653,109,639,450,-3.1285,0.88685
653,115.5,639,450,-2.5009,0.86859
653,122,639,450,-2.0295,0.80891
653,128.5,639,450,-1.6961,0.72685
653,135,639,450,-1.3941,0.79093
653,141.5,639,450,-1.0923,0.81356
653,148,639,450,-0.80852,0.78179
653,154.5,639,450,-0.5572,0.75545
653,161,639,450,-0.30321,0.48478
653,167.5,639,450,-0.45104,0.5565
653,174,639,450,-0.1871,0.7923
653,180.5,639,450,0.12325,0.82029
653,187,639,450,0.33028,0.74358
653,193.5,639,450,0.4138,0.74012
653,200,639,450,0.62627,0.80489
704,5,639,450,-0.2611,0.96117
704,11.5,639,450,-0.2611,0.96117
704,18,639,450,-0.2392,0.96144
704,24.5,639,450,-0.21489,0.96174
704,31,639,450,-0.17603,0.96241
704,37.5,639,450,-0.12938,0.963
704,44,639,450,-0.067672,0.96404
704,50.5,639,450,0.017224,0.96517
704,57,639,450,0.14675,0.96585
704,63.5,639,450,0.278,0.96482
704,70,639,450,0.46772,0.96285
704,76.5,639,450,0.74169,0.95444
704,83,639,450,1.0773,0.93764
704,89.5,639,450,1.5264,0.91658
704,96,639,450,2.05,0.89158
704,102.5,639,450,2.7579,0.83345
704,109,639,450,-2.953,0.86038
704,115.5,639,450,-2.3345,0.80217
704,122,639,450,-1.9294,0.74891
704,128.5,639,450,-1.5266,0.87608
704,135,639,450,-1.1197,0.8607
704,141.5,639,450,-0.7708,0.77518
704,148,639,450,-0.52341,0.66439
704,154.5,639,450,-0.070214,0.72106
704,161,639,450,0.021729,0.28042
704,167.5,639,450,-0.068953,0.4814
704,174,639,450,0.2695,0.55324
704,180.5,639,450,0.52932,0.4074
704,187,639,450,0.37772,0.44147
704,193.5,639,450,0.66023,0.81036
704,200,639,450,0.99746,0.91475
755,5,639,450,-0.26405,0.9585
755,11.5,639,450,-0.26405,0.9585
755,18,639,450,-0.24069,0.95917
755,24.5,639,450,-0.21447,0.96005
755,31,639,450,-0.17283,0.96121
755,37.5,639,450,-0.12276,0.96236
755,44,639,450,-0.056142,0.96397
755,50.5,639,450,0.035348,0.96531
755,57,639,450,0.17491,0.96539
755,63.5,639,450,0.31614,0.96311
755,70,639,450,0.52076,0.9581
755,76.5,639,450,0.81416,0.94473
755,83,639,450,1.1729,0.92677
755,89.5,639,450,1.6527,0.90366
755,96,639,450,2.2159,0.88158
755,102.5,639,450,3.0693,0.54348
755,109,639,450,-2.8112,0.82802
755,115.5,639,450,-2.2137,0.75307
755,122,639,450,-1.7365,0.88741
755,128.5,639,450,-1.2186,0.79188
755,135,639,450,-0.80654,0.66529
755,141.5,639,450,-0.47699,0.50729
755,148,639,450,-0.35254,0.4358
755,154.5,639,450,0.27458,0.47671
755,161,639,450,0.13471,0.23117
755,167.5,639,450,0.42725,0.45655
755,174,639,450,0.78704,0.32176
755,180.5,639,450,0.54634,0.19591
755,187,639,450,0.71439,0.67363
755,193.5,639,450,1.1868,0.89592
755,200,639,450,1.5374,0.92427
806,5,639,450,-0.26866,0.95483
806,11.5,639,450,-0.26866,0.95483
806,18,639,450,-0.24363,0.95573
806,24.5,639,450,-0.21531,0.9567
806,31,639,450,-0.17077,0.95779
806,37.5,639,450,-0.11714,0.95891
806,44,639,450,-0.045538,0.96023
806,50.5,639,450,0.052367,0.96067
806,57,639,450,0.20117,0.95895
806,63.5,639,450,0.35139,0.95492
806,70,639,450,0.56904,0.94742
806,76.5,639,450,0.88003,0.93374
806,83,639,450,1.2619,0.91861
806,89.5,639,450,1.7744,0.90135
806,96,639,450,2.3811,0.87824
806,102.5,639,450,-3.033,0.27166
806,109,639,450,-2.6245,0.79497
806,115.5,639,450,-2.0403,0.71493
806,122,639,450,-1.4934,0.72912
806,128.5,639,450,-0.96094,0.58353
806,135,639,450,-0.53332,0.46402
806,141.5,639,450,-0.18447,0.33865
806,148,639,450,0.0090581,0.28155
806,154.5,639,450,0.54082,0.2072
806,161,639,450,0.53617,0.26378
806,167.5,639,450,1.0148,0.15403
806,174,639,450,1.1067,0.16524
806,180.5,639,450,0.82121,0.29813
806,187,639,450,1.3754,0.58603
806,193.5,639,450,1.8452,0.61921
806,200,639,450,2.1825,0.4863
857,5,639,450,-0.27444,0.95362
857,11.5,639,450,-0.27444,0.95362
857,18,639,450,-0.24774,0.95447
857,24.5,639,450,-0.21745,0.95493
857,31,639,450,-0.17021,0.95544
857,37.5,639,450,-0.1132,0.956
857,44,639,450,-0.03695,0.95652
857,50.5,639,450,0.066639,0.95588
857,57,639,450,0.22378,0.95338
857,63.5,639,450,0.38262,0.94893
857,70,639,450,0.61245,0.94261
857,76.5,639,450,0.94261,0.93427
857,83,639,450,1.3508,0.92522
857,89.5,639,450,1.8994,0.91173
857,96,639,450,2.5509,0.88374
857,102.5,639,450,-2.8826,0.18302
857,109,639,450,-2.3094,0.68926
857,115.5,639,450,-1.8744,0.60036
857,122,639,450,-1.2759,0.6052
857,128.5,639,450,-0.66207,0.45546
857,135,639,450,-0.089437,0.34113
857,141.5,639,450,0.54962,0.19107
857,148,639,450,1.6413,0.0053559
857,154.5,639,450,0.23335,0.086012
857,161,639,450,0.64807,0.19327
857,167.5,639,450,1.2835,0.21576
857,174,639,450,1.7805,0.13854
857,180.5,639,450,1.5728,0.30307
857,187,639,450,2.1216,0.41201
857,193.5,639,450,2.5652,0.33352
857,200,639,450,2.4045,0.26469
908,5,639,450,-0.27966,0.95608
908,11.5,639,450,-0.27966,0.95608
908,18,639,450,-0.2515,0.95651
908,24.5,639,450,-0.21951,0.95642
908,31,639,450,-0.16987,0.9564
908,37.5,639,450,-0.1098,0.95643
908,44,639,450,-0.029287,0.95647
908,50.5,639,450,0.079693,0.95575
908,57,639,450,0.24513,0.95422
908,63.5,639,450,0.41262,0.95133
908,70,639,450,0.65645,0.94886
908,76.5,639,450,1.0088,0.94433
908,83,639,450,1.4462,0.93682
908,89.5,639,450,2.0336,0.92193
908,96,639,450,2.7225,0.88796
908,102.5,639,450,-2.6004,0.1617
908,109,639,450,-1.8494,0.38987
908,115.5,639,450,-1.6562,0.53478
908,122,639,450,-0.95314,0.52558
908,128.5,639,450,-0.083196,0.35985
908,135,639,450,0.92298,0.15416
908,141.5,639,450,2.4835,0.012797
908,148,639,450,-1.0977,0.073698
908,154.5,639,450,0.55281,0.12322
908,161,639,450,1.2876,0.27534
908,167.5,639,450,2.029,0.26991
908,174,639,450,2.4093,0.15874
908,180.5,639,450,2.6629,0.44333
908,187,639,450,-3.0456,0.45297
908,193.5,639,450,-2.4083,0.13015
908,200,639,450,2.9605,0.092818
959,5,639,450,-0.29199,0.95975
959,11.5,639,450,-0.29199,0.95975
959,18,639,450,-0.26244,0.95972
959,24.5,639,450,-0.22895,0.95978
959,31,639,450,-0.17707,0.95978
959,37.5,639,450,-0.1141,0.95982
959,44,639,450,-0.029374,0.96015
959,50.5,639,450,0.085292,0.96041
959,57,639,450,0.25991,0.96058
959,63.5,639,450,0.43729,0.95967
959,70,639,450,0.69698,0.95922
959,76.5,639,450,1.0735,0.95442
959,83,639,450,1.5391,0.9401
959,89.5,639,450,2.1589,0.91373
959,96,639,450,2.8859,0.88333
959,102.5,639,450,-2.3547,0.16298
959,109,639,450,-1.6133,0.13147
959,115.5,639,450,-1.3018,0.48981
959,122,639,450,-0.38795,0.43056
959,128.5,639,450,0.92239,0.18137
959,135,639,450,2.4204,0.019036
959,141.5,639,450,-0.52705,0.0098129
959,148,639,450,0.45234,0.052207
959,154.5,639,450,1.8629,0.11705
959,161,639,450,2.1571,0.24151
959,167.5,639,450,2.83,0.3734
959,174,639,450,-3.0576,0.45616
959,180.5,639,450,-2.4312,0.52664
959,187,639,450,-1.7893,0.4116
959,193.5,639,450,-1.1769,0.0099498
959,200,639,450,-3.0752,0.21181
1010,5,639,450,-0.29413,0.96111
1010,11.5,639,450,-0.29413,0.96111
1010,18,639,450,-0.26342,0.96156
1010,24.5,639,450,-0.22812,0.96189
1010,31,639,450,-0.17385,0.96243
1010,37.5,639,450,-0.10782,0.96295
1010,44,639,450,-0.018565,0.96402
1010,50.5,639,450,0.10241,0.96527
1010,57,639,450,0.28714,0.96626
1010,63.5,639,450,0.47503,0.96513
1010,70,639,450,0.75072,0.96234
1010,76.5,639,450,1.1485,0.95078
1010,83,639,450,1.6373,0.9291
1010,89.5,639,450,2.2859,0.9024
1010,96,639,450,3.0499,0.8803
1010,102.5,639,450,-2.298,0.2375
1010,109,639,450,-1.5162,0.10596
1010,115.5,639,450,-0.75357,0.42726
1010,122,639,450,0.41552,0.26212
1010,128.5,639,450,1.8673,0.061403
1010,135,639,450,0.98711,0.0039103
1010,141.5,639,450,1.5448,0.090394
1010,148,639,450,2.2878,0.16419
1010,154.5,639,450,-2.9554,0.26035
1010,161,639,450,3.0445,0.22125
1010,167.5,639,450,-2.6655,0.32788
1010,174,639,450,-2.3363,0.51394
1010,180.5,639,450,-1.7271,0.5178
1010,187,639,450,-0.95687,0.2256
1010,193.5,639,450,-2.5671,0.077024
1010,200,639,450,-1.8794,0.39949
1061,5,639,450,-0.29666,0.9593
1061,11.5,639,450,-0.29666,0.9593
1061,18,639,450,-0.26435,0.96
1061,24.5,639,450,-0.22726,0.96072
1061,31,639,450,-0.17027,0.96181
1061,37.5,639,450,-0.10087,0.96285
1061,44,639,450,-0.0067373,0.96432
1061,50.5,639,450,0.12083,0.96549
1061,57,639,450,0.31555,0.96507
1061,63.5,639,450,0.51328,0.96165
1061,70,639,450,0.80276,0.95479
1061,76.5,639,450,1.218,0.93831
1061,83,639,450,1.7276,0.91901
1061,89.5,639,450,2.4077,0.90162
1061,96,639,450,-3.0745,0.8821
1061,102.5,639,450,-2.124,0.56796
1061,109,639,450,-1.147,0.14124
1061,115.5,639,450,-0.14642,0.35654
1061,122,639,450,1.0816,0.16514
1061,128.5,639,450,1.7111,0.03621
1061,135,639,450,1.8101,0.14938
1061,141.5,639,450,2.6219,0.32061
1061,148,639,450,3.0428,0.27297
1061,154.5,639,450,-2.338,0.37588
1061,161,639,450,-2.576,0.30716
1061,167.5,639,450,-2.3675,0.43011
1061,174,639,450,-1.8168,0.63715
1061,180.5,639,450,-1.2366,0.45228
1061,187,639,450,-1.6011,0.19343
1061,193.5,639,450,-1.2679,0.5889
1061,200,639,450,-0.69252,0.59432
1112,5,639,450,-0.30113,0.95612
1112,11.5,639,450,-0.30113,0.95612
1112,18,639,450,-0.26696,0.95647
1112,24.5,639,450,-0.22793,0.95741
1112,31,639,450,-0.16804,0.95854
1112,37.5,639,450,-0.095145,0.95962
1112,44,639,450,0.003894,0.96078
1112,50.5,639,450,0.13772,0.96088
1112,57,639,450,0.34131,0.95835
1112,63.5,639,450,0.54759,0.95338
1112,70,639,450,0.84878,0.94509
1112,76.5,639,450,1.2811,0.93209
1112,83,639,450,1.8153,0.9222
1112,89.5,639,450,2.533,0.9131
1112,96,639,450,-2.9105,0.88929
1112,102.5,639,450,-1.7758,0.83955
1112,109,639,450,-0.82045,0.20007
1112,115.5,639,450,0.32323,0.37221
1112,122,639,450,1.4199,0.17306
1112,128.5,639,450,1.8019,0.19573
1112,135,639,450,2.5145,0.36868
1112,141.5,639,450,3.1393,0.42754
1112,148,639,450,-3.0282,0.44007
1112,154.5,639,450,-2.1513,0.48954
1112,161,639,450,-2.0358,0.57008
1112,167.5,639,450,-1.7071,0.73937
1112,174,639,450,-1.2305,0.58751
1112,180.5,639,450,-1.1817,0.45373
1112,187,639,450,-0.9001,0.67833
1112,193.5,639,450,-0.47122,0.71938
1112,200,639,450,0.099536,0.37836
1163,5,639,450,-0.30746,0.95668
1163,11.5,639,450,-0.30746,0.95668
1163,18,639,450,-0.27202,0.95748
1163,24.5,639,450,-0.231,0.95829
1163,31,639,450,-0.16835,0.95884
1163,37.5,639,450,-0.092064,0.95942
1163,44,639,450,0.011552,0.95985
1163,50.5,639,450,0.151,0.95898
1163,57,639,450,0.36266,0.95589
1163,63.5,639,450,0.57703,0.95158
1163,70,639,450,0.89087,0.94623
1163,76.5,639,450,1.3441,0.94082
1163,83,639,450,1.9082,0.93528
1163,89.5,639,450,2.6646,0.92067
1163,96,639,450,-2.7436,0.89252
1163,102.5,639,450,-1.5691,0.88584
1163,109,639,450,-0.62708,0.34339
1163,115.5,639,450,0.69282,0.51417
1163,122,639,450,1.6611,0.25009
1163,128.5,639,450,2.2164,0.38216
1163,135,639,450,2.8571,0.50299
1163,141.5,639,450,-2.9044,0.57784
1163,148,639,450,-2.6118,0.78499
1163,154.5,639,450,-1.996,0.80376
1163,161,639,450,-1.4955,0.76901
1163,167.5,639,450,-1.0474,0.60858
1163,174,639,450,-1.0293,0.38465
1163,180.5,639,450,-0.90563,0.70557
1163,187,639,450,-0.47407,0.80509
1163,193.5,639,450,-0.02559,0.76213
1163,200,639,450,0.15971,0.49767
1214,5,639,450,-0.31317,0.95818
1214,11.5,639,450,-0.31317,0.95818
1214,18,639,450,-0.27614,0.95866
1214,24.5,639,450,-0.23327,0.95919
1214,31,639,450,-0.16818,0.9592
1214,37.5,639,450,-0.088777,0.95929
1214,44,639,450,0.019142,0.95944
1214,50.5,639,450,0.16399,0.95876
1214,57,639,450,0.38404,0.9573
1214,63.5,639,450,0.6073,0.95538
1214,70,639,450,0.93653,0.95459
1214,76.5,639,450,1.4137,0.95183
1214,83,639,450,2.0082,0.94076
1214,89.5,639,450,2.7984,0.91666
1214,96,639,450,-2.5748,0.88615
1214,102.5,639,450,-1.4368,0.88771
1214,109,639,450,-0.3703,0.64826
1214,115.5,639,450,1.0681,0.66112
1214,122,639,450,1.8059,0.31848
1214,128.5,639,450,2.45,0.54794
1214,135,639,450,3.1028,0.71971
1214,141.5,639,450,-2.5942,0.81792
1214,148,639,450,-2.1605,0.83378
1214,154.5,639,450,-1.699,0.82964
1214,161,639,450,-1.1452,0.81513
1214,167.5,639,450,-0.92529,0.38075
1214,174,639,450,-0.70434,0.42127
1214,180.5,639,450,-0.48853,0.9023
1214,187,639,450,-0.068637,0.94864
1214,193.5,639,450,0.32408,0.91352
1214,200,639,450,0.71907,0.80468
1265,5,639,450,-0.31719,0.9618
1265,11.5,639,450,-0.31719,0.9618
1265,18,639,450,-0.27875,0.962
1265,24.5,639,450,-0.23418,0.96224
1265,31,639,450,-0.16685,0.96224
1265,37.5,639,450,-0.084477,0.96228
1265,44,639,450,0.027743,0.96272
1265,50.5,639,450,0.17841,0.96314
1265,57,639,450,0.40801,0.96379
1265,63.5,639,450,0.64184,0.96369
1265,70,639,450,0.98738,0.96319
1265,76.5,639,450,1.4883,0.95545
1265,83,639,450,2.1078,0.93331
1265,89.5,639,450,2.9256,0.90572
1265,96,639,450,-2.4108,0.87988
1265,102.5,639,450,-1.3201,0.882
1265,109,639,450,-0.055431,0.86875
1265,115.5,639,450,1.3408,0.62097
1265,122,639,450,1.8755,0.50261
1265,128.5,639,450,2.7029,0.79084
1265,135,639,450,-2.8463,0.85842
1265,141.5,639,450,-2.2859,0.73162
1265,148,639,450,-1.7965,0.81157
1265,154.5,639,450,-1.5859,0.81588
1265,161,639,450,-0.88155,0.82493
1265,167.5,639,450,-0.52708,0.74795
1265,174,639,450,-0.29985,0.34656
1265,180.5,639,450,0.028853,0.83341
1265,187,639,450,0.45033,0.73154
1265,193.5,639,450,0.7421,0.82711
1265,200,639,450,1.1558,0.84194
1316,5,639,450,-0.32933,0.96421
1316,11.5,639,450,-0.32933,0.96421
1316,18,639,450,-0.28961,0.96433
1316,24.5,639,450,-0.24338,0.96461
1316,31,639,450,-0.17363,0.96509
1316,37.5,639,450,-0.088213,0.96551
1316,44,639,450,0.028592,0.96655
1316,50.5,639,450,0.18567,0.96781
1316,57,639,450,0.42565,0.96883
1316,63.5,639,450,0.67,0.96735
1316,70,639,450,1.0314,0.96241
1316,76.5,639,450,1.5513,0.94623
1316,83,639,450,2.1906,0.92227
1316,89.5,639,450,3.0386,0.90347
1316,96,639,450,-2.2605,0.88141
1316,102.5,639,450,-1.1652,0.8675
1316,109,639,450,0.15969,0.88782
1316,115.5,639,450,1.3757,0.55737
1316,122,639,450,2.1068,0.80542
1316,128.5,639,450,3.014,0.84642
1316,135,639,450,-2.6054,0.69955
1316,141.5,639,450,-2.1883,0.70788
1316,148,639,450,-1.4737,0.76839
1316,154.5,639,450,-1.3337,0.78877
1316,161,639,450,-0.60391,0.84372
1316,167.5,639,450,0.059039,0.63617
1316,174,639,450,-0.021647,0.26706
1316,180.5,639,450,0.51186,0.48557
1316,187,639,450,0.45067,0.46046
1316,193.5,639,450,1.0534,0.91431
1316,200,639,450,1.5259,0.90897
1367,5,639,450,-0.33137,0.96312
1367,11.5,639,450,-0.33137,0.96312
1367,18,639,450,-0.2903,0.96343
1367,24.5,639,450,-0.24235,0.96401
1367,31,639,450,-0.16986,0.96501
1367,37.5,639,450,-0.08111,0.96591
1367,44,639,450,0.040544,0.96717
1367,50.5,639,450,0.20428,0.9681
1367,57,639,450,0.45401,0.96731
1367,63.5,639,450,0.70792,0.96261
1367,70,639,450,1.0818,0.95335
1367,76.5,639,450,1.6175,0.93619
1367,83,639,450,2.2787,0.92184
1367,89.5,639,450,-3.1192,0.91415
1367,96,639,450,-2.0929,0.89166
1367,102.5,639,450,-0.93947,0.81853
1367,109,639,450,0.3117,0.85797
1367,115.5,639,450,1.4428,0.8093
1367,122,639,450,2.4063,0.86402
1367,128.5,639,450,-3.0451,0.68485
1367,135,639,450,-2.5229,0.62342
1367,141.5,639,450,-1.8547,0.82987
1367,148,639,450,-1.0921,0.77241
1367,154.5,639,450,-1.018,0.61875
1367,161,639,450,-0.32281,0.71571
1367,167.5,639,450,0.5072,0.38572
1367,174,639,450,0.35562,0.31025
1367,180.5,639,450,0.91682,0.21401
1367,187,639,450,0.84319,0.70479
1367,193.5,639,450,1.5641,0.92413
1367,200,639,450,2.0379,0.85144
1418,5,639,450,-0.33484,0.95965
1418,11.5,639,450,-0.33484,0.95965
1418,18,639,450,-0.29227,0.9604
1418,24.5,639,450,-0.24244,0.96115
1418,31,639,450,-0.1671,0.96208
1418,37.5,639,450,-0.074886,0.96308
1418,44,639,450,0.051591,0.964
1418,50.5,639,450,0.22138,0.96373
1418,57,639,450,0.47972,0.96071
1418,63.5,639,450,0.74157,0.95453
1418,70,639,450,1.1268,0.94612
1418,76.5,639,450,1.6804,0.93666
1418,83,639,450,2.3706,0.93231
1418,89.5,639,450,-2.9864,0.92093
1418,96,639,450,-1.9221,0.88895
1418,102.5,639,450,-0.64112,0.73535
1418,109,639,450,0.46213,0.82696
1418,115.5,639,450,1.7041,0.85865
1418,122,639,450,2.6192,0.75322
1418,128.5,639,450,-2.9054,0.5544
1418,135,639,450,-2.2362,0.7296
1418,141.5,639,450,-1.4736,0.55306
1418,148,639,450,-0.71745,0.59773
1418,154.5,639,450,-0.567,0.45068
1418,161,639,450,0.14095,0.5446
1418,167.5,639,450,0.90639,0.20049
1418,174,639,450,1.1557,0.18172
1418,180.5,639,450,1.08,0.11296
1418,187,639,450,1.5302,0.58307
1418,193.5,639,450,2.2283,0.48867
1418,200,639,450,2.4336,0.62303
1469,5,639,450,-0.34019,0.95728
1469,11.5,639,450,-0.34019,0.95728
1469,18,639,450,-0.29606,0.95815
1469,24.5,639,450,-0.24421,0.95895
1469,31,639,450,-0.16621,0.95918
1469,37.5,639,450,-0.070616,0.9598
1469,44,639,450,0.060394,0.96015
1469,50.5,639,450,0.23568,0.95909
1469,57,639,450,0.50185,0.95602
1469,63.5,639,450,0.77171,0.95165
1469,70,639,450,1.17,0.9485
1469,76.5,639,450,1.7467,0.94724
1469,83,639,450,2.4694,0.94104
1469,89.5,639,450,-2.8534,0.91556
1469,96,639,450,-1.755,0.8842
1469,102.5,639,450,-0.32004,0.6512
1469,109,639,450,0.69631,0.77192
1469,115.5,639,450,1.8886,0.74622
1469,122,639,450,2.8112,0.65639
1469,128.5,639,450,-2.7613,0.49218
1469,135,639,450,-1.8851,0.51344
1469,141.5,639,450,-1.1509,0.35332
1469,148,639,450,-0.3259,0.41886
1469,154.5,639,450,0.33206,0.38622
1469,161,639,450,0.84146,0.1089
1469,167.5,639,450,0.92073,0.03101
1469,174,639,450,1.279,0.22878
1469,180.5,639,450,1.569,0.11794
1469,187,639,450,2.2818,0.37886
1469,193.5,639,450,2.4933,0.17618
1469,200,639,450,2.6452,0.41759
