500,5,654,450,-0.22914,0.95502
500,11.5,654,450,-0.22914,0.95502
500,18,654,450,-0.21332,0.95601
500,24.5,654,450,-0.19636,0.95713
500,31,654,450,-0.16821,0.95846
500,37.5,654,450,-0.13519,0.96016
500,44,654,450,-0.092948,0.96219
500,50.5,654,450,-0.033877,0.96436
500,57,654,450,0.054849,0.9662
500,63.5,654,450,0.14351,0.96657
500,70,654,450,0.26746,0.96612
500,76.5,654,450,0.44258,0.96182
500,83,654,450,0.65051,0.95402
500,89.5,654,450,0.92994,0.94289
500,96,654,450,1.2745,0.93141
500,102.5,654,450,1.7976,0.92286
500,109,654,450,2.6077,0.74978
500,115.5,654,450,2.4861,0.37749
500,122,654,450,2.9781,0.51358
500,128.5,654,450,-2.7849,0.60372
500,135,654,450,-2.4125,0.64261
500,141.5,654,450,-2.11,0.66532
500,148,654,450,-1.8452,0.66069
500,154.5,654,450,-1.7183,0.58854
500,161,654,450,-1.4215,0.74587
500,167.5,654,450,-1.1443,0.62314
500,174,654,450,-0.98523,0.29417
500,180.5,654,450,-1.4149,0.28197
500,187,654,450,-1.3614,0.55551
500,193.5,654,450,-1.1415,0.70131
500,200,654,450,-0.95005,0.75729
551,5,654,450,-0.23404,0.95363
551,11.5,654,450,-0.23404,0.95363
551,18,654,450,-0.21659,0.95438
551,24.5,654,450,-0.19763,0.95521
551,31,654,450,-0.16683,0.95595
551,37.5,654,450,-0.13049,0.95704
551,44,654,450,-0.083659,0.95821
551,50.5,654,450,-0.018879,0.95915
551,57,654,450,0.078152,0.95946
551,63.5,654,450,0.1752,0.95859
551,70,654,450,0.31131,0.95681
551,76.5,654,450,0.5033,0.9527
551,83,654,450,0.73293,0.94749
551,89.5,654,450,1.0421,0.93933
551,96,654,450,1.4216,0.93138
551,102.5,654,450,1.9752,0.92102
551,109,654,450,2.8067,0.73783
551,115.5,654,450,2.848,0.61034
551,122,654,450,-2.9378,0.70997
551,128.5,654,450,-2.4579,0.79142
551,135,654,450,-2.0688,0.84453
551,141.5,654,450,-1.7319,0.87096
551,148,654,450,-1.4316,0.82357
551,154.5,654,450,-1.1442,0.78602
551,161,654,450,-0.73546,0.41432
551,167.5,654,450,-1.2107,0.25499
551,174,654,450,-1.0558,0.35899
551,180.5,654,450,-1.0806,0.72601
551,187,654,450,-0.82816,0.79373
551,193.5,654,450,-0.62896,0.80405
551,200,654,450,-0.44628,0.80485
602,5,654,450,-0.24589,0.95568
602,11.5,654,450,-0.24589,0.95568
602,18,654,450,-0.22696,0.95595
602,24.5,654,450,-0.20624,0.95621
602,31,654,450,-0.17314,0.95639
602,37.5,654,450,-0.13383,0.95681
602,44,654,450,-0.082893,0.95721
602,50.5,654,450,-0.012951,0.95753
602,57,654,450,0.091784,0.9576
602,63.5,654,450,0.19676,0.95695
602,70,654,450,0.3448,0.95664
602,76.5,654,450,0.5547,0.95529
602,83,654,450,0.80766,0.95338
602,89.5,654,450,1.1474,0.94746
602,96,654,450,1.5581,0.93454
602,102.5,654,450,2.1252,0.91369
602,109,654,450,2.8775,0.64531
602,115.5,654,450,-3.0972,0.84066
602,122,654,450,-2.5932,0.89793
602,128.5,654,450,-2.1125,0.91931
602,135,654,450,-1.6945,0.85075
602,141.5,654,450,-1.4669,0.65766
602,148,654,450,-1.2386,0.77191
602,154.5,654,450,-0.85515,0.73061
602,161,654,450,-1.1496,0.33541
602,167.5,654,450,-0.78027,0.4837
602,174,654,450,-1.1217,0.51629
602,180.5,654,450,-0.63749,0.92332
602,187,654,450,-0.41547,0.93266
602,193.5,654,450,-0.21216,0.9336
602,200,654,450,-0.014074,0.92303
653,5,654,450,-0.24958,0.95938
653,11.5,654,450,-0.24958,0.95938
653,18,654,450,-0.22938,0.95942
653,24.5,654,450,-0.20715,0.95929
653,31,654,450,-0.1719,0.95943
653,37.5,654,450,-0.12986,0.95972
653,44,654,450,-0.07501,0.96016
653,50.5,654,450,7.9491e-05,0.96104
653,57,654,450,0.11293,0.96244
653,63.5,654,450,0.22629,0.96326
653,70,654,450,0.38752,0.96528
653,76.5,654,450,0.61712,0.96676
653,83,654,450,0.89498,0.96535
653,89.5,654,450,1.2655,0.95719
653,96,654,450,1.7043,0.93838
653,102.5,654,450,2.2865,0.91853
653,109,654,450,2.8602,0.89979
653,115.5,654,450,-2.8013,0.92616
653,122,654,450,-2.2995,0.91294
653,128.5,654,450,-1.8165,0.76113
653,135,654,450,-1.6355,0.64964
653,141.5,654,450,-1.3327,0.81327
653,148,654,450,-1.0146,0.82631
653,154.5,654,450,-0.68353,0.69666
653,161,654,450,-0.53449,0.77894
653,167.5,654,450,-0.22649,0.34089
653,174,654,450,-0.55656,0.69769
653,180.5,654,450,-0.15761,0.90199
653,187,654,450,0.078333,0.90532
653,193.5,654,450,0.32227,0.85125
653,200,654,450,0.50215,0.84717
704,5,654,450,-0.25185,0.96145
704,11.5,654,450,-0.25185,0.96145
704,18,654,450,-0.23045,0.96163
704,24.5,654,450,-0.20674,0.96174
704,31,654,450,-0.1692,0.96236
704,37.5,654,450,-0.12431,0.96317
704,44,654,450,-0.065302,0.96438
704,50.5,654,450,0.015461,0.96644
704,57,654,450,0.13724,0.96939
704,63.5,654,450,0.25989,0.9713
704,70,654,450,0.43541,0.97408
704,76.5,654,450,0.68545,0.9745
704,83,654,450,0.98754,0.96904
704,89.5,654,450,1.3869,0.95571
704,96,654,450,1.854,0.93656
704,102.5,654,450,2.4731,0.92327
704,109,654,450,3.034,0.90395
704,115.5,654,450,-2.5857,0.885
704,122,654,450,-2.0858,0.82058
704,128.5,654,450,-1.8465,0.66066
704,135,654,450,-1.4062,0.90224
704,141.5,654,450,-1.0252,0.89925
704,148,654,450,-0.67279,0.83779
704,154.5,654,450,-0.46027,0.59337
704,161,654,450,0.083205,0.70129
704,167.5,654,450,-0.12053,0.15775
704,174,654,450,-0.078308,0.58962
704,180.5,654,450,0.35997,0.65268
704,187,654,450,0.64424,0.49386
704,193.5,654,450,0.35724,0.55332
704,200,654,450,0.67697,0.84202
755,5,654,450,-0.25413,0.96008
755,11.5,654,450,-0.25413,0.96008
755,18,654,450,-0.23137,0.96063
755,24.5,654,450,-0.20596,0.96134
755,31,654,450,-0.16584,0.96255
755,37.5,654,450,-0.11776,0.96401
755,44,654,450,-0.054145,0.96596
755,50.5,654,450,0.032824,0.96861
755,57,654,450,0.16408,0.97159
755,63.5,654,450,0.29616,0.97294
755,70,654,450,0.48581,0.97328
755,76.5,654,450,0.75479,0.96883
755,83,654,450,1.0778,0.95841
755,89.5,654,450,1.5045,0.94432
755,96,654,450,2.0038,0.93164
755,102.5,654,450,2.6843,0.90756
755,109,654,450,3.1401,0.86141
755,115.5,654,450,-2.409,0.83036
755,122,654,450,-1.945,0.6576
755,128.5,654,450,-1.539,0.92021
755,135,654,450,-1.0556,0.87454
755,141.5,654,450,-0.62024,0.75207
755,148,654,450,-0.22843,0.5279
755,154.5,654,450,-0.44462,0.44333
755,161,654,450,0.56481,0.38744
755,167.5,654,450,-0.088485,0.22657
755,174,654,450,0.45165,0.52632
755,180.5,654,450,0.97384,0.31469
755,187,654,450,0.26176,0.10859
755,193.5,654,450,0.74292,0.86833
755,200,654,450,1.1929,0.95889
806,5,654,450,-0.25759,0.95652
806,11.5,654,450,-0.25759,0.95652
806,18,654,450,-0.23326,0.95741
806,24.5,654,450,-0.20585,0.9585
806,31,654,450,-0.16295,0.95986
806,37.5,654,450,-0.11144,0.9615
806,44,654,450,-0.043022,0.96346
806,50.5,654,450,0.050087,0.96546
806,57,654,450,0.19041,0.96685
806,63.5,654,450,0.33126,0.96654
806,70,654,450,0.53341,0.96412
806,76.5,654,450,0.8188,0.95712
806,83,654,450,1.1613,0.94794
806,89.5,654,450,1.6164,0.93841
806,96,654,450,2.1529,0.92699
806,102.5,654,450,2.8964,0.87942
806,109,654,450,-2.9881,0.84029
806,115.5,654,450,-2.1867,0.77554
806,122,654,450,-1.8696,0.81231
806,128.5,654,450,-1.2087,0.79109
806,135,654,450,-0.70185,0.67596
806,141.5,654,450,-0.2405,0.4922
806,148,654,450,0.12379,0.28736
806,154.5,654,450,-0.19721,0.41172
806,161,654,450,0.87035,0.14355
806,167.5,654,450,0.56749,0.47271
806,174,654,450,1.2629,0.13368
806,180.5,654,450,1.107,0.10788
806,187,654,450,0.71533,0.52057
806,193.5,654,450,1.4153,0.80786
806,200,654,450,1.8481,0.79542
857,5,654,450,-0.26256,0.95408
857,11.5,654,450,-0.26256,0.95408
857,18,654,450,-0.23662,0.95504
857,24.5,654,450,-0.20716,0.95583
857,31,654,450,-0.16154,0.95678
857,37.5,654,450,-0.10669,0.95802
857,44,654,450,-0.033672,0.95928
857,50.5,654,450,0.065163,0.96017
857,57,654,450,0.21365,0.95996
857,63.5,654,450,0.36236,0.95852
857,70,654,450,0.5757,0.95599
857,76.5,654,450,0.87733,0.95118
857,83,654,450,1.2421,0.94864
857,89.5,654,450,1.7285,0.94452
857,96,654,450,2.3033,0.93056
857,102.5,654,450,3.0991,0.87874
857,109,654,450,-2.7721,0.8252
857,115.5,654,450,-1.7458,0.43782
857,122,654,450,-1.603,0.74972
857,128.5,654,450,-0.89818,0.63563
857,135,654,450,-0.33326,0.51215
857,141.5,654,450,0.2103,0.37396
857,148,654,450,0.81588,0.23454
857,154.5,654,450,1.0066,0.026782
857,161,654,450,0.58898,0.033055
857,167.5,654,450,0.5999,0.12924
857,174,654,450,1.2553,0.31171
857,180.5,654,450,1.3251,0.054984
857,187,654,450,1.5444,0.4861
857,193.5,654,450,2.1325,0.55875
857,200,654,450,2.5831,0.42072
908,5,654,450,-0.26786,0.95503
908,11.5,654,450,-0.26786,0.95503
908,18,654,450,-0.24039,0.95558
908,24.5,654,450,-0.20911,0.95574
908,31,654,450,-0.16104,0.95614
908,37.5,654,450,-0.10314,0.95677
908,44,654,450,-0.025939,0.95733
908,50.5,654,450,0.078056,0.95771
908,57,654,450,0.23417,0.95762
908,63.5,654,450,0.39061,0.9569
908,70,654,450,0.61601,0.95689
908,76.5,654,450,0.93616,0.95743
908,83,654,450,1.3266,0.95913
908,89.5,654,450,1.8469,0.95452
908,96,654,450,2.4581,0.93639
908,102.5,654,450,-2.9794,0.90484
908,109,654,450,-2.4526,0.74992
908,115.5,654,450,-2.2549,0.25285
908,122,654,450,-1.3323,0.6769
908,128.5,654,450,-0.52417,0.56056
908,135,654,450,0.21338,0.46494
908,141.5,654,450,1.1002,0.33158
908,148,654,450,2.3636,0.1686
908,154.5,654,450,-1.2755,0.25643
908,161,654,450,0.11418,0.092649
908,167.5,654,450,1.2532,0.38835
908,174,654,450,2.0562,0.38553
908,180.5,654,450,1.7053,0.19932
908,187,654,450,2.4552,0.55037
908,193.5,654,450,3.0466,0.55639
908,200,654,450,-2.7789,0.07375
959,5,654,450,-0.2802,0.95834
959,11.5,654,450,-0.2802,0.95834
959,18,654,450,-0.25125,0.95849
959,24.5,654,450,-0.21856,0.9584
959,31,654,450,-0.16829,0.95852
959,37.5,654,450,-0.10757,0.95891
959,44,654,450,-0.026392,0.95943
959,50.5,654,450,0.082789,0.96043
959,57,654,450,0.24695,0.96225
959,63.5,654,450,0.41228,0.96327
959,70,654,450,0.65145,0.96611
959,76.5,654,450,0.99269,0.96927
959,83,654,450,1.4097,0.96811
959,89.5,654,450,1.9614,0.95631
959,96,654,450,2.6035,0.93403
959,102.5,654,450,-2.7849,0.91934
959,109,654,450,-2.0941,0.68293
959,115.5,654,450,-1.9621,0.43291
959,122,654,450,-0.96954,0.64084
959,128.5,654,450,0.051893,0.54663
959,135,654,450,1.1183,0.37056
959,141.5,654,450,2.3384,0.14557
959,148,654,450,-2.3793,0.034052
959,154.5,654,450,-0.16683,0.30702
959,161,654,450,1.148,0.10531
959,167.5,654,450,2.0516,0.42695
959,174,654,450,2.7203,0.46017
959,180.5,654,450,3.0306,0.6708
959,187,654,450,-2.689,0.69255
959,193.5,654,450,-1.821,0.53767
959,200,654,450,2.9674,0.0045562
1010,5,654,450,-0.28263,0.961
1010,11.5,654,450,-0.28263,0.961
1010,18,654,450,-0.25267,0.9612
1010,24.5,654,450,-0.21834,0.96144
1010,31,654,450,-0.16587,0.96181
1010,37.5,654,450,-0.10229,0.96252
1010,44,654,450,-0.016955,0.96367
1010,50.5,654,450,0.097946,0.96582
1010,57,654,450,0.2713,0.96922
1010,63.5,654,450,0.44629,0.97116
1010,70,654,450,0.70044,0.97372
1010,76.5,654,450,1.0626,0.97318
1010,83,654,450,1.5021,0.96373
1010,89.5,654,450,2.0812,0.9476
1010,96,654,450,2.7544,0.93154
1010,102.5,654,450,-2.5897,0.91708
1010,109,654,450,-1.7148,0.66451
1010,115.5,654,450,-1.5086,0.47301
1010,122,654,450,-0.43351,0.59497
1010,128.5,654,450,0.81411,0.44915
1010,135,654,450,1.9992,0.19667
1010,141.5,654,450,3.0914,0.010382
1010,148,654,450,1.4055,0.057777
1010,154.5,654,450,1.531,0.34278
1010,161,654,450,3.001,0.046189
1010,167.5,654,450,2.8578,0.41867
1010,174,654,450,-2.7844,0.44744
1010,180.5,654,450,-2.3743,0.63462
1010,187,654,450,-1.8479,0.63297
1010,193.5,654,450,-0.45477,0.11923
1010,200,654,450,-2.8693,0.2589
1061,5,654,450,-0.28468,0.96082
1061,11.5,654,450,-0.28468,0.96082
1061,18,654,450,-0.25325,0.96148
1061,24.5,654,450,-0.21728,0.96204
1061,31,654,450,-0.16234,0.96302
1061,37.5,654,450,-0.095684,0.96428
1061,44,654,450,-0.0057836,0.96611
1061,50.5,654,450,0.11535,0.96877
1061,57,654,450,0.29831,0.97189
1061,63.5,654,450,0.48291,0.97248
1061,70,654,450,0.7509,0.97126
1061,76.5,654,450,1.1305,0.96399
1061,83,654,450,1.5889,0.95217
1061,89.5,654,450,2.1941,0.93999
1061,96,654,450,2.9042,0.93111
1061,102.5,654,450,-2.411,0.90111
1061,109,654,450,-1.3769,0.73656
1061,115.5,654,450,-0.97477,0.48183
1061,122,654,450,0.16231,0.4987
1061,128.5,654,450,1.4204,0.34584
1061,135,654,450,2.4311,0.062112
1061,141.5,654,450,1.6221,0.16278
1061,148,654,450,2.5624,0.44115
1061,154.5,654,450,2.81,0.57863
1061,161,654,450,-2.2484,0.059078
1061,167.5,654,450,-2.6711,0.41118
1061,174,654,450,-2.5563,0.53519
1061,180.5,654,450,-1.8358,0.69148
1061,187,654,450,-1.1819,0.52827
1061,193.5,654,450,-2.4147,0.14426
1061,200,654,450,-1.5646,0.6703
1112,5,654,450,-0.28802,0.95789
1112,11.5,654,450,-0.28802,0.95789
1112,18,654,450,-0.25469,0.95883
1112,24.5,654,450,-0.21689,0.95971
1112,31,654,450,-0.15924,0.96105
1112,37.5,654,450,-0.089241,0.96259
1112,44,654,450,0.0054057,0.96446
1112,50.5,654,450,0.1327,0.96642
1112,57,654,450,0.32462,0.96755
1112,63.5,654,450,0.51762,0.96605
1112,70,654,450,0.79726,0.96199
1112,76.5,654,450,1.1923,0.95306
1112,83,654,450,1.6696,0.94634
1112,89.5,654,450,2.3049,0.94465
1112,96,654,450,3.0531,0.93508
1112,102.5,654,450,-2.2404,0.90677
1112,109,654,450,-1.0697,0.84073
1112,115.5,654,450,-0.4766,0.49643
1112,122,654,450,0.6422,0.47828
1112,128.5,654,450,1.8551,0.29541
1112,135,654,450,1.6987,0.16473
1112,141.5,654,450,2.5008,0.52629
1112,148,654,450,-3.0637,0.55971
1112,154.5,654,450,-2.9099,0.80125
1112,161,654,450,-2.5165,0.10708
1112,167.5,654,450,-2.08,0.46169
1112,174,654,450,-1.9044,0.80894
1112,180.5,654,450,-1.2322,0.65524
1112,187,654,450,-1.5406,0.29108
1112,193.5,654,450,-1.0966,0.75494
1112,200,654,450,-0.59646,0.81464
1163,5,654,450,-0.29319,0.95764
1163,11.5,654,450,-0.29319,0.95764
1163,18,654,450,-0.25871,0.95848
1163,24.5,654,450,-0.21897,0.9594
1163,31,654,450,-0.15852,0.9605
1163,37.5,654,450,-0.085155,0.96173
1163,44,654,450,0.014055,0.96294
1163,50.5,654,450,0.14698,0.96366
1163,57,654,450,0.34679,0.96312
1163,63.5,654,450,0.54722,0.96097
1163,70,654,450,0.83803,0.95776
1163,76.5,654,450,1.2496,0.95446
1163,83,654,450,1.7514,0.95607
1163,89.5,654,450,2.422,0.95538
1163,96,654,450,-3.0797,0.93835
1163,102.5,654,450,-2.0506,0.92468
1163,109,654,450,-0.82973,0.89991
1163,115.5,654,450,-0.086375,0.58723
1163,122,654,450,1.0365,0.58805
1163,128.5,654,450,1.9351,0.20607
1163,135,654,450,2.2741,0.50466
1163,141.5,654,450,2.9635,0.60693
1163,148,654,450,-2.7743,0.59714
1163,154.5,654,450,-2.5222,0.92214
1163,161,654,450,-2.1452,0.76292
1163,167.5,654,450,-1.6342,0.56083
1163,174,654,450,-1.1329,0.71825
1163,180.5,654,450,-1.1913,0.39284
1163,187,654,450,-0.9734,0.74381
1163,193.5,654,450,-0.52206,0.79794
1163,200,654,450,0.016955,0.74836
1214,5,654,450,-0.29865,0.957
1214,11.5,654,450,-0.29865,0.957
1214,18,654,450,-0.26257,0.9577
1214,24.5,654,450,-0.22097,0.95838
1214,31,654,450,-0.15797,0.95892
1214,37.5,654,450,-0.081458,0.9597
1214,44,654,450,0.021964,0.96031
1214,50.5,654,450,0.16005,0.9606
1214,57,654,450,0.36738,0.96053
1214,63.5,654,450,0.57541,0.96022
1214,70,654,450,0.87863,0.96044
1214,76.5,654,450,1.3099,0.96378
1214,83,654,450,1.8402,0.96701
1214,89.5,654,450,2.5446,0.95768
1214,96,654,450,-2.9263,0.93807
1214,102.5,654,450,-1.8464,0.92029
1214,109,654,450,-0.66564,0.90198
1214,115.5,654,450,0.25345,0.7719
1214,122,654,450,1.4501,0.7026
1214,128.5,654,450,1.9147,0.42341
1214,135,654,450,2.6385,0.65462
1214,141.5,654,450,-3.0497,0.73235
1214,148,654,450,-2.5054,0.76854
1214,154.5,654,450,-2.1616,0.95788
1214,161,654,450,-1.5528,0.91821
1214,167.5,654,450,-1.1259,0.80313
1214,174,654,450,-1.1511,0.26461
1214,180.5,654,450,-1.1582,0.30533
1214,187,654,450,-0.55933,0.88715
1214,193.5,654,450,-0.12485,0.8982
1214,200,654,450,0.16252,0.68345
1265,5,654,450,-0.30339,0.95955
1265,11.5,654,450,-0.30339,0.95955
1265,18,654,450,-0.26585,0.95997
1265,24.5,654,450,-0.22252,0.96031
1265,31,654,450,-0.15727,0.96044
1265,37.5,654,450,-0.077857,0.96091
1265,44,654,450,0.029615,0.96148
1265,50.5,654,450,0.17292,0.96245
1265,57,654,450,0.38851,0.96444
1265,63.5,654,450,0.60563,0.96643
1265,70,654,450,0.92323,0.96952
1265,76.5,654,450,1.3773,0.97411
1265,83,654,450,1.9329,0.96803
1265,89.5,654,450,2.6645,0.95003
1265,96,654,450,-2.775,0.93315
1265,102.5,654,450,-1.6432,0.89754
1265,109,654,450,-0.55375,0.89647
1265,115.5,654,450,0.57757,0.91132
1265,122,654,450,1.8021,0.53683
1265,128.5,654,450,2.1808,0.6675
1265,135,654,450,2.9206,0.82253
1265,141.5,654,450,-2.7129,0.883
1265,148,654,450,-2.1011,0.68382
1265,154.5,654,450,-1.7305,0.79603
1265,161,654,450,-1.4208,0.87997
1265,167.5,654,450,-0.6903,0.63967
1265,174,654,450,-0.66956,0.70177
1265,180.5,654,450,-0.67742,0.73118
1265,187,654,450,-0.085122,0.94295
1265,193.5,654,450,0.36332,0.92019
1265,200,654,450,0.76122,0.81228
1316,5,654,450,-0.31564,0.963
1316,11.5,654,450,-0.31564,0.963
1316,18,654,450,-0.2768,0.96315
1316,24.5,654,450,-0.23185,0.96341
1316,31,654,450,-0.16441,0.96371
1316,37.5,654,450,-0.082135,0.96428
1316,44,654,450,0.02954,0.96537
1316,50.5,654,450,0.17861,0.9675
1316,57,654,450,0.40357,0.97104
1316,63.5,654,450,0.63077,0.97312
1316,70,654,450,0.96347,0.976
1316,76.5,654,450,1.438,0.97221
1316,83,654,450,2.0137,0.95837
1316,89.5,654,450,2.7697,0.94067
1316,96,654,450,-2.6348,0.9313
1316,102.5,654,450,-1.4645,0.87946
1316,109,654,450,-0.43462,0.91071
1316,115.5,654,450,0.82445,0.91282
1316,122,654,450,1.5883,0.44977
1316,128.5,654,450,2.4609,0.86458
1316,135,654,450,-3.0291,0.89868
1316,141.5,654,450,-2.3426,0.68943
1316,148,654,450,-2.1349,0.44266
1316,154.5,654,450,-1.6346,0.44165
1316,161,654,450,-1.1284,0.97481
1316,167.5,654,450,-0.66417,0.84916
1316,174,654,450,0.029886,0.7725
1316,180.5,654,450,-0.097225,0.64296
1316,187,654,450,0.47668,0.68314
1316,193.5,654,450,0.55955,0.65443
1316,200,654,450,1.0726,0.87222
1367,5,654,450,-0.3175,0.96415
1367,11.5,654,450,-0.3175,0.96415
1367,18,654,450,-0.27736,0.96436
1367,24.5,654,450,-0.23081,0.96477
1367,31,654,450,-0.16096,0.9657
1367,37.5,654,450,-0.075669,0.96673
1367,44,654,450,0.040546,0.9684
1367,50.5,654,450,0.19578,0.97099
1367,57,654,450,0.43069,0.97397
1367,63.5,654,450,0.66725,0.97385
1367,70,654,450,1.0136,0.97199
1367,76.5,654,450,1.5038,0.96174
1367,83,654,450,2.0969,0.94962
1367,89.5,654,450,2.8817,0.94332
1367,96,654,450,-2.4862,0.93332
1367,102.5,654,450,-1.2698,0.90571
1367,109,654,450,-0.37714,0.68303
1367,115.5,654,450,1.0052,0.85176
1367,122,654,450,1.8035,0.86641
1367,128.5,654,450,2.7864,0.8917
1367,135,654,450,-2.6999,0.7097
1367,141.5,654,450,-2.2757,0.36305
1367,148,654,450,-1.8715,0.84839
1367,154.5,654,450,-1.0168,0.64985
1367,161,654,450,-0.74764,0.90207
1367,167.5,654,450,-0.17236,0.89043
1367,174,654,450,0.68271,0.48474
1367,180.5,654,450,0.45551,0.49608
1367,187,654,450,1.013,0.22796
1367,193.5,654,450,0.88548,0.91006
1367,200,654,450,1.4909,0.94593
1418,5,654,450,-0.31973,0.96211
1418,11.5,654,450,-0.31973,0.96211
1418,18,654,450,-0.27827,0.96268
1418,24.5,654,450,-0.22994,0.96332
1418,31,654,450,-0.15737,0.96461
1418,37.5,654,450,-0.068841,0.96601
1418,44,654,450,0.052069,0.9677
1418,50.5,654,450,0.21353,0.96952
1418,57,654,450,0.45725,0.97016
1418,63.5,654,450,0.70198,0.96732
1418,70,654,450,1.0592,0.96229
1418,76.5,654,450,1.5636,0.95416
1418,83,654,450,2.178,0.95237
1418,89.5,654,450,2.9982,0.95367
1418,96,654,450,-2.3328,0.93821
1418,102.5,654,450,-1.0709,0.92794
1418,109,654,450,-0.31315,0.71473
1418,115.5,654,450,1.1524,0.7697
1418,122,654,450,2.0986,0.91193
1418,128.5,654,450,3.0759,0.73773
1418,135,654,450,-2.4583,0.43442
1418,141.5,654,450,-2.2242,0.71992
1418,148,654,450,-1.3033,0.65273
1418,154.5,654,450,-0.48047,0.41951
1418,161,654,450,-0.19378,0.4889
1418,167.5,654,450,0.2716,0.76208
1418,174,654,450,1.1383,0.20369
1418,180.5,654,450,1.349,0.27758
1418,187,654,450,0.59368,0.099483
1418,193.5,654,450,1.5008,0.87872
1418,200,654,450,2.155,0.76943
1469,5,654,450,-0.32374,0.95887
1469,11.5,654,450,-0.32374,0.95887
1469,18,654,450,-0.2808,0.95959
1469,24.5,654,450,-0.23057,0.96051
1469,31,654,450,-0.15515,0.96145
1469,37.5,654,450,-0.063288,0.96279
1469,44,654,450,0.062167,0.96396
1469,50.5,654,450,0.22921,0.96457
1469,57,654,450,0.48057,0.96348
1469,63.5,654,450,0.73257,0.96022
1469,70,654,450,1.1002,0.95758
1469,76.5,654,450,1.622,0.95776
1469,83,654,450,2.2639,0.96329
1469,89.5,654,450,3.1195,0.95854
1469,96,654,450,-2.1795,0.93689
1469,102.5,654,450,-0.86925,0.91565
1469,109,654,450,-0.14168,0.71938
1469,115.5,654,450,1.2144,0.70743
1469,122,654,450,2.3293,0.81976
1469,128.5,654,450,-2.9309,0.57884
1469,135,654,450,-2.662,0.30266
1469,141.5,654,450,-1.6632,0.61014
1469,148,654,450,-0.84878,0.35402
1469,154.5,654,450,-0.058013,0.28653
1469,161,654,450,0.44147,0.21404
1469,167.5,654,450,0.93545,0.4492
1469,174,654,450,1.2695,0.10643
1469,180.5,654,450,1.2594,0.22798
1469,187,654,450,1.1829,0.27597
1469,193.5,654,450,2.2272,0.56807
1469,200,654,450,2.129,0.35981
