500,5,686,450,-0.21286,0.95772
500,11.5,686,450,-0.21286,0.95772
500,18,686,450,-0.19794,0.95867
500,24.5,686,450,-0.18215,0.95982
500,31,686,450,-0.15612,0.96137
500,37.5,686,450,-0.12593,0.96321
500,44,686,450,-0.087594,0.96553
500,50.5,686,450,-0.034808,0.96839
500,57,686,450,0.042784,0.97187
500,63.5,686,450,0.11863,0.97459
500,70,686,450,0.22295,0.97782
500,76.5,686,450,0.36577,0.97929
500,83,686,450,0.52876,0.9801
500,89.5,686,450,0.74102,0.97744
500,96,686,450,0.99139,0.97457
500,102.5,686,450,1.3472,0.97172
500,109,686,450,1.7668,0.97206
500,115.5,686,450,2.4035,0.96164
500,122,686,450,-2.6933,0.43091
500,128.5,686,450,2.2334,0.28723
500,135,686,450,2.9261,0.54963
500,141.5,686,450,-2.9267,0.63112
500,148,686,450,-2.5909,0.68218
500,154.5,686,450,-2.3072,0.73088
500,161,686,450,-2.0274,0.76201
500,167.5,686,450,-1.6111,0.62608
500,174,686,450,-1.7371,0.88705
500,180.5,686,450,-1.4711,0.88904
500,187,686,450,-1.2245,0.88116
500,193.5,686,450,-0.77612,0.76416
500,200,686,450,-2.8368,0.0095574
551,5,686,450,-0.21639,0.95514
551,11.5,686,450,-0.21639,0.95514
551,18,686,450,-0.19988,0.95605
551,24.5,686,450,-0.18223,0.95721
551,31,686,450,-0.15362,0.95839
551,37.5,686,450,-0.12023,0.95988
551,44,686,450,-0.077508,0.96164
551,50.5,686,450,-0.019275,0.96348
551,57,686,450,0.066053,0.9654
551,63.5,686,450,0.1492,0.96677
551,70,686,450,0.2643,0.96749
551,76.5,686,450,0.4214,0.96723
551,83,686,450,0.60103,0.96727
551,89.5,686,450,0.83534,0.96543
551,96,686,450,1.1125,0.96754
551,102.5,686,450,1.5047,0.97143
551,109,686,450,1.9566,0.98102
551,115.5,686,450,2.6131,0.99318
551,122,686,450,-1.8662,0.045621
551,128.5,686,450,2.9671,0.68437
551,135,686,450,-2.7954,0.79229
551,141.5,686,450,-2.4202,0.84271
551,148,686,450,-2.1057,0.88519
551,154.5,686,450,-1.8285,0.91968
551,161,686,450,-1.5474,0.94626
551,167.5,686,450,-1.6497,0.86958
551,174,686,450,-1.0958,0.96568
551,180.5,686,450,-0.66387,0.89212
551,187,686,450,0.47268,0.099206
551,193.5,686,450,-1.4919,0.50155
551,200,686,450,-1.0479,0.69919
602,5,686,450,-0.22669,0.955
602,11.5,686,450,-0.22669,0.955
602,18,686,450,-0.20867,0.95562
602,24.5,686,450,-0.18922,0.95644
602,31,686,450,-0.1583,0.957
602,37.5,686,450,-0.122,0.95781
602,44,686,450,-0.075295,0.95867
602,50.5,686,450,-0.0122,0.95948
602,57,686,450,0.080085,0.96026
602,63.5,686,450,0.17004,0.96111
602,70,686,450,0.29507,0.96193
602,76.5,686,450,0.46588,0.96256
602,83,686,450,0.66259,0.96606
602,89.5,686,450,0.92036,0.96887
602,96,686,450,1.2264,0.97639
602,102.5,686,450,1.6535,0.97944
602,109,686,450,2.1289,0.97829
602,115.5,686,450,2.7555,0.97558
602,122,686,450,2.774,0.74633
602,128.5,686,450,-2.811,0.91413
602,135,686,450,-2.3751,0.94586
602,141.5,686,450,-2.0139,0.96735
602,148,686,450,-1.7007,0.97981
602,154.5,686,450,-1.413,0.9879
602,161,686,450,-1.0916,0.98343
602,167.5,686,450,-0.84689,0.98522
602,174,686,450,0.12242,0.48894
602,180.5,686,450,-1.1473,0.47723
602,187,686,450,-2.8246,0.011219
602,193.5,686,450,-0.76662,0.8651
602,200,686,450,-0.53204,0.85844
653,5,686,450,-0.23089,0.95751
653,11.5,686,450,-0.23089,0.95751
653,18,686,450,-0.21159,0.95778
653,24.5,686,450,-0.19052,0.95819
653,31,686,450,-0.15753,0.9584
653,37.5,686,450,-0.11863,0.95876
653,44,686,450,-0.068303,0.95918
653,50.5,686,450,-0.00066949,0.95986
653,57,686,450,0.098422,0.96118
653,63.5,686,450,0.19522,0.96279
653,70,686,450,0.33064,0.96552
653,76.5,686,450,0.51654,0.96983
653,83,686,450,0.73268,0.97741
653,89.5,686,450,1.0168,0.98388
653,96,686,450,1.3531,0.99011
653,102.5,686,450,1.813,0.98586
653,109,686,450,2.3044,0.97248
653,115.5,686,450,2.8714,0.96216
653,122,686,450,-2.9792,0.96095
653,128.5,686,450,-2.483,0.97623
653,135,686,450,-2.0683,0.98276
653,141.5,686,450,-1.7052,0.98006
653,148,686,450,-1.3761,0.97525
653,154.5,686,450,-0.96884,0.95865
653,161,686,450,-1.0566,0.92097
653,167.5,686,450,-0.35127,0.90885
653,174,686,450,-0.78862,0.7724
653,180.5,686,450,-0.23693,0.70018
653,187,686,450,-0.65589,0.95599
653,193.5,686,450,-0.25273,0.96379
653,200,686,450,-0.012717,0.94972
704,5,686,450,-0.23385,0.96074
704,11.5,686,450,-0.23385,0.96074
704,18,686,450,-0.21341,0.96083
704,24.5,686,450,-0.1909,0.96106
704,31,686,450,-0.15588,0.96147
704,37.5,686,450,-0.11444,0.96198
704,44,686,450,-0.060514,0.96276
704,50.5,686,450,0.011883,0.96433
704,57,686,450,0.11832,0.96715
704,63.5,686,450,0.2227,0.97039
704,70,686,450,0.36978,0.97533
704,76.5,686,450,0.57263,0.9819
704,83,686,450,0.80977,0.98935
704,89.5,686,450,1.121,0.99327
704,96,686,450,1.4848,0.99147
704,102.5,686,450,1.974,0.98089
704,109,686,450,2.4884,0.97027
704,115.5,686,450,3.0989,0.96612
704,122,686,450,-2.752,0.97989
704,128.5,686,450,-2.2554,0.97953
704,135,686,450,-1.8369,0.97006
704,141.5,686,450,-1.4546,0.95716
704,148,686,450,-0.23528,0.28503
704,154.5,686,450,-1.0183,0.95481
704,161,686,450,-0.69083,0.96112
704,167.5,686,450,-0.62313,0.93291
704,174,686,450,-0.16368,0.97862
704,180.5,686,450,1.3295,0.10635
704,187,686,450,-0.090481,0.81144
704,193.5,686,450,0.24803,0.85306
704,200,686,450,0.50897,0.83024
755,5,686,450,-0.23582,0.96198
755,11.5,686,450,-0.23582,0.96198
755,18,686,450,-0.21417,0.96229
755,24.5,686,450,-0.19023,0.96274
755,31,686,450,-0.15298,0.96369
755,37.5,686,450,-0.10881,0.9648
755,44,686,450,-0.050935,0.96642
755,50.5,686,450,0.026782,0.96906
755,57,686,450,0.1414,0.97308
755,63.5,686,450,0.25404,0.97703
755,70,686,450,0.41357,0.98172
755,76.5,686,450,0.63372,0.98731
755,83,686,450,0.89038,0.98881
755,89.5,686,450,1.2251,0.98641
755,96,686,450,1.6129,0.9773
755,102.5,686,450,2.1328,0.97047
755,109,686,450,2.6854,0.97157
755,115.5,686,450,2.4238,0.60087
755,122,686,450,-2.5825,0.98523
755,128.5,686,450,-2.0586,0.96773
755,135,686,450,-1.6088,0.94601
755,141.5,686,450,-1.5917,0.99285
755,148,686,450,-1.0095,0.99175
755,154.5,686,450,-0.67987,0.98972
755,161,686,450,-0.33803,0.99096
755,167.5,686,450,-0.077539,0.97605
755,174,686,450,0.33858,0.96961
755,180.5,686,450,-0.39245,0.27074
755,187,686,450,0.37677,0.71122
755,193.5,686,450,0.73637,0.7152
755,200,686,450,1.2382,0.46738
806,5,686,450,-0.23764,0.96019
806,11.5,686,450,-0.23764,0.96019
806,18,686,450,-0.21464,0.9609
806,24.5,686,450,-0.18908,0.96187
806,31,686,450,-0.14935,0.96323
806,37.5,686,450,-0.10213,0.96488
806,44,686,450,-0.039928,0.96705
806,50.5,686,450,0.043414,0.96993
806,57,686,450,0.16654,0.97349
806,63.5,686,450,0.28733,0.97647
806,70,686,450,0.45866,0.97886
806,76.5,686,450,0.6942,0.97966
806,83,686,450,0.96754,0.97689
806,89.5,686,450,1.3222,0.97097
806,96,686,450,1.7335,0.96739
806,102.5,686,450,2.2892,0.96915
806,109,686,450,2.8942,0.9681
806,115.5,686,450,2.9272,0.85277
806,122,686,450,-2.4012,0.98443
806,128.5,686,450,-1.7989,0.95434
806,135,686,450,-2.486,0.32821
806,141.5,686,450,-1.1268,0.99131
806,148,686,450,-0.7115,0.9873
806,154.5,686,450,-0.33357,0.96649
806,161,686,450,0.10313,0.91363
806,167.5,686,450,0.27118,0.96183
806,174,686,450,0.82944,0.84955
806,180.5,686,450,0.34754,0.62372
806,187,686,450,0.98327,0.79414
806,193.5,686,450,1.5893,0.73079
806,200,686,450,0.32568,0.80441
857,5,686,450,-0.2406,0.95696
857,11.5,686,450,-0.2406,0.95696
857,18,686,450,-0.21613,0.95784
857,24.5,686,450,-0.18865,0.95916
857,31,686,450,-0.14635,0.96051
857,37.5,686,450,-0.095942,0.96217
857,44,686,450,-0.029321,0.96413
857,50.5,686,450,0.059634,0.96625
857,57,686,450,0.19047,0.96849
857,63.5,686,450,0.31868,0.9692
857,70,686,450,0.50045,0.96923
857,76.5,686,450,0.74883,0.96746
857,83,686,450,1.0375,0.96553
857,89.5,686,450,1.4133,0.96467
857,96,686,450,1.8525,0.97259
857,102.5,686,450,2.4495,0.97646
857,109,686,450,3.1025,0.95759
857,115.5,686,450,-3.1081,0.82272
857,122,686,450,-2.1441,0.95195
857,128.5,686,450,-1.1555,0.68268
857,135,686,450,-1.4541,0.9581
857,141.5,686,450,-0.84517,0.98286
857,148,686,450,-0.37506,0.95323
857,154.5,686,450,0.072193,0.90322
857,161,686,450,0.61393,0.79351
857,167.5,686,450,0.78327,0.83216
857,174,686,450,1.4471,0.60225
857,180.5,686,450,1.6093,0.7993
857,187,686,450,2.852,0.075622
857,193.5,686,450,1.9295,0.15251
857,200,686,450,1.4285,0.8367
908,5,686,450,-0.24491,0.95493
908,11.5,686,450,-0.24491,0.95493
908,18,686,450,-0.21885,0.95568
908,24.5,686,450,-0.1894,0.95686
908,31,686,450,-0.14466,0.95784
908,37.5,686,450,-0.091202,0.959
908,44,686,450,-0.020444,0.96022
908,50.5,686,450,0.073518,0.96123
908,57,686,450,0.21133,0.96218
908,63.5,686,450,0.34627,0.96218
908,70,686,450,0.53734,0.96205
908,76.5,686,450,0.79906,0.96315
908,83,686,450,1.1045,0.96752
908,89.5,686,450,1.5059,0.97559
908,96,686,450,1.9782,0.98765
908,102.5,686,450,2.615,0.98224
908,109,686,450,-2.9718,0.95499
908,115.5,686,450,-2.8053,0.76436
908,122,686,450,-1.7455,0.83275
908,128.5,686,450,-2.5944,0.21395
908,135,686,450,-1.1236,0.94822
908,141.5,686,450,-0.48519,0.93758
908,148,686,450,0.067984,0.89099
908,154.5,686,450,0.61794,0.82571
908,161,686,450,1.328,0.74814
908,167.5,686,450,1.6152,0.33033
908,174,686,450,2.4482,0.13874
908,180.5,686,450,0.29099,0.059516
908,187,686,450,1.5089,0.58824
908,193.5,686,450,0.90779,0.2162
908,200,686,450,2.1287,0.71455
959,5,686,450,-0.25662,0.95584
959,11.5,686,450,-0.25662,0.95584
959,18,686,450,-0.22909,0.95649
959,24.5,686,450,-0.19798,0.9569
959,31,686,450,-0.151,0.95743
959,37.5,686,450,-0.094769,0.95805
959,44,686,450,-0.020252,0.95866
959,50.5,686,450,0.078308,0.95928
959,57,686,450,0.22283,0.96027
959,63.5,686,450,0.3643,0.9617
959,70,686,450,0.56567,0.96463
959,76.5,686,450,0.8428,0.97075
959,83,686,450,1.1691,0.98068
959,89.5,686,450,1.5998,0.99102
959,96,686,450,2.1038,0.99262
959,102.5,686,450,2.7754,0.98071
959,109,686,450,-2.7797,0.96766
959,115.5,686,450,-2.4478,0.694
959,122,686,450,-1.2046,0.57084
959,128.5,686,450,-1.8454,0.59746
959,135,686,450,-0.72087,0.87295
959,141.5,686,450,0.0034888,0.82877
959,148,686,450,0.68989,0.71895
959,154.5,686,450,1.3637,0.5678
959,161,686,450,2.2184,0.46599
959,167.5,686,450,2.6038,0.0095669
959,174,686,450,-0.59066,0.13264
959,180.5,686,450,1.5752,0.61011
959,187,686,450,2.4604,0.67931
959,193.5,686,450,2.2181,0.76181
959,200,686,450,2.9113,0.86285
1010,5,686,450,-0.26023,0.9591
1010,11.5,686,450,-0.26023,0.9591
1010,18,686,450,-0.23149,0.95902
1010,24.5,686,450,-0.19903,0.95926
1010,31,686,450,-0.14992,0.95964
1010,37.5,686,450,-0.091112,0.96011
1010,44,686,450,-0.012977,0.96078
1010,50.5,686,450,0.090254,0.96208
1010,57,686,450,0.242,0.96477
1010,63.5,686,450,0.39102,0.96809
1010,70,686,450,0.60433,0.97389
1010,76.5,686,450,0.8995,0.98292
1010,83,686,450,1.2482,0.99068
1010,89.5,686,450,1.7057,0.99212
1010,96,686,450,2.2353,0.9818
1010,102.5,686,450,2.9363,0.97062
1010,109,686,450,-2.5792,0.9792
1010,115.5,686,450,-2.0196,0.6946
1010,122,686,450,-0.62373,0.35318
1010,128.5,686,450,-1.288,0.60264
1010,135,686,450,-0.19708,0.71634
1010,141.5,686,450,0.62347,0.61249
1010,148,686,450,1.3832,0.44807
1010,154.5,686,450,2.0889,0.31475
1010,161,686,450,3.0335,0.19474
1010,167.5,686,450,0.72896,0.15073
1010,174,686,450,1.159,0.19285
1010,180.5,686,450,2.4549,0.66403
1010,187,686,450,-3.1366,0.59517
1010,193.5,686,450,-2.9142,0.8422
1010,200,686,450,-2.3882,0.8555
1061,5,686,450,-0.26253,0.96162
1061,11.5,686,450,-0.26253,0.96162
1061,18,686,450,-0.23273,0.96181
1061,24.5,686,450,-0.1988,0.96208
1061,31,686,450,-0.14759,0.96268
1061,37.5,686,450,-0.086124,0.96353
1061,44,686,450,-0.0041679,0.96482
1061,50.5,686,450,0.10424,0.96724
1061,57,686,450,0.26411,0.97146
1061,63.5,686,450,0.42156,0.97575
1061,70,686,450,0.64789,0.98164
1061,76.5,686,450,0.96089,0.98702
1061,83,686,450,1.3289,0.98704
1061,89.5,686,450,1.8077,0.97861
1061,96,686,450,2.3581,0.96902
1061,102.5,686,450,3.0925,0.97045
1061,109,686,450,-2.3834,0.9698
1061,115.5,686,450,-1.6125,0.80353
1061,122,686,450,-0.079871,0.30458
1061,128.5,686,450,-0.70768,0.51948
1061,135,686,450,0.37351,0.57012
1061,141.5,686,450,1.2165,0.46962
1061,148,686,450,1.9982,0.36361
1061,154.5,686,450,2.8381,0.21778
1061,161,686,450,1.0313,0.0053364
1061,167.5,686,450,2.3578,0.71031
1061,174,686,450,2.1545,0.11736
1061,180.5,686,450,-3.0908,0.59615
1061,187,686,450,-2.6971,0.64356
1061,193.5,686,450,-2.2254,0.687
1061,200,686,450,-1.5827,0.75334
1112,5,686,450,-0.26432,0.96111
1112,11.5,686,450,-0.26432,0.96111
1112,18,686,450,-0.23324,0.96242
1112,24.5,686,450,-0.19774,0.96302
1112,31,686,450,-0.14425,0.96403
1112,37.5,686,450,-0.079891,0.9654
1112,44,686,450,0.0062521,0.96735
1112,50.5,686,450,0.12029,0.97027
1112,57,686,450,0.28877,0.97436
1112,63.5,686,450,0.45462,0.97735
1112,70,686,450,0.69304,0.98037
1112,76.5,686,450,1.0211,0.97919
1112,83,686,450,1.404,0.97353
1112,89.5,686,450,1.9009,0.966
1112,96,686,450,2.4763,0.96944
1112,102.5,686,450,-3.0318,0.97847
1112,109,686,450,-2.1918,0.966
1112,115.5,686,450,-1.2479,0.90695
1112,122,686,450,0.49332,0.30463
1112,128.5,686,450,-0.13474,0.52266
1112,135,686,450,0.90811,0.57407
1112,141.5,686,450,1.7668,0.52977
1112,148,686,450,2.6873,0.40573
1112,154.5,686,450,-2.2849,0.010378
1112,161,686,450,2.4702,0.56257
1112,167.5,686,450,-2.911,0.88994
1112,174,686,450,2.9054,0.15718
1112,180.5,686,450,-2.3688,0.52335
1112,187,686,450,-2.2057,0.76468
1112,193.5,686,450,-1.6889,0.76246
1112,200,686,450,-0.1209,0.45609
1163,5,686,450,-0.26769,0.96181
1163,11.5,686,450,-0.26769,0.96181
1163,18,686,450,-0.23506,0.96252
1163,24.5,686,450,-0.19784,0.9634
1163,31,686,450,-0.14184,0.96472
1163,37.5,686,450,-0.074369,0.9663
1163,44,686,450,0.01616,0.96824
1163,50.5,686,450,0.13586,0.97047
1163,57,686,450,0.3124,0.9727
1163,63.5,686,450,0.48561,0.97346
1163,70,686,450,0.73414,0.97276
1163,76.5,686,450,1.0744,0.96912
1163,83,686,450,1.4719,0.96687
1163,89.5,686,450,1.9911,0.97096
1163,96,686,450,2.5996,0.98303
1163,102.5,686,450,-2.8681,0.98293
1163,109,686,450,-2.0042,0.96705
1163,115.5,686,450,-0.96781,0.97118
1163,122,686,450,1.1581,0.14478
1163,128.5,686,450,0.40278,0.65858
1163,135,686,450,1.3974,0.72607
1163,141.5,686,450,2.344,0.6906
1163,148,686,450,-2.565,0.15901
1163,154.5,686,450,2.3413,0.43531
1163,161,686,450,-2.9904,0.757
1163,167.5,686,450,-2.4046,0.87557
1163,174,686,450,-2.6109,0.49391
1163,180.5,686,450,-1.2711,0.20313
1163,187,686,450,-1.6362,0.93821
1163,193.5,686,450,-0.9286,0.8305
1163,200,686,450,-1.4626,0.71938
1214,5,686,450,-0.27114,0.95871
1214,11.5,686,450,-0.27114,0.95871
1214,18,686,450,-0.23702,0.95959
1214,24.5,686,450,-0.19797,0.9605
1214,31,686,450,-0.13945,0.96177
1214,37.5,686,450,-0.068907,0.96311
1214,44,686,450,0.025842,0.96454
1214,50.5,686,450,0.15071,0.96567
1214,57,686,450,0.33427,0.96627
1214,63.5,686,450,0.51406,0.96608
1214,70,686,450,0.77163,0.96492
1214,76.5,686,450,1.1245,0.96544
1214,83,686,450,1.5397,0.97188
1214,89.5,686,450,2.0874,0.98441
1214,96,686,450,2.7302,0.99178
1214,102.5,686,450,-2.704,0.9799
1214,109,686,450,-1.8063,0.97112
1214,115.5,686,450,-0.75945,0.98973
1214,122,686,450,-0.8484,0.17665
1214,128.5,686,450,0.86979,0.84924
1214,135,686,450,1.846,0.90295
1214,141.5,686,450,3.0329,0.65086
1214,148,686,450,2.1914,0.38562
1214,154.5,686,450,3.114,0.75679
1214,161,686,450,-2.526,0.83002
1214,167.5,686,450,-2.0785,0.92331
1214,174,686,450,-1.8252,0.93404
1214,180.5,686,450,-1.8145,0.78533
1214,187,686,450,-0.92825,0.98348
1214,193.5,686,450,-1.2151,0.36566
1214,200,686,450,-0.73007,0.77446
1265,5,686,450,-0.27567,0.95746
1265,11.5,686,450,-0.27567,0.95746
1265,18,686,450,-0.24006,0.95819
1265,24.5,686,450,-0.19923,0.95891
1265,31,686,450,-0.13828,0.95977
1265,37.5,686,450,-0.064831,0.96068
1265,44,686,450,0.033808,0.96148
1265,50.5,686,450,0.16334,0.96199
1265,57,686,450,0.35344,0.96258
1265,63.5,686,450,0.53958,0.96342
1265,70,686,450,0.80724,0.96598
1265,76.5,686,450,1.1759,0.97321
1265,83,686,450,1.6135,0.98478
1265,89.5,686,450,2.1912,0.99337
1265,96,686,450,2.8623,0.98739
1265,102.5,686,450,-2.5425,0.97343
1265,109,686,450,-1.6057,0.97173
1265,115.5,686,450,-0.59516,0.98072
1265,122,686,450,0.1325,0.86685
1265,128.5,686,450,1.2385,0.96501
1265,135,686,450,2.2163,0.97272
1265,141.5,686,450,1.6718,0.17091
1265,148,686,450,2.973,0.82584
1265,154.5,686,450,-2.7131,0.91486
1265,161,686,450,-2.122,0.95978
1265,167.5,686,450,-1.7371,0.97416
1265,174,686,450,-1.289,0.97485
1265,180.5,686,450,-0.98021,0.90917
1265,187,686,450,-1.1908,0.39394
1265,193.5,686,450,-0.97283,0.97982
1265,200,686,450,-0.2858,0.88213
1316,5,686,450,-0.28806,0.95907
1316,11.5,686,450,-0.28806,0.95907
1316,18,686,450,-0.25103,0.95952
1316,24.5,686,450,-0.20858,0.95993
1316,31,686,450,-0.14543,0.96035
1316,37.5,686,450,-0.069255,0.96101
1316,44,686,450,0.033062,0.96165
1316,50.5,686,450,0.16719,0.96262
1316,57,686,450,0.36433,0.96489
1316,63.5,686,450,0.55791,0.96805
1316,70,686,450,0.83754,0.9743
1316,76.5,686,450,1.2248,0.98456
1316,83,686,450,1.6854,0.99188
1316,89.5,686,450,2.2882,0.98768
1316,96,686,450,2.9794,0.97307
1316,102.5,686,450,-2.3937,0.97132
1316,109,686,450,-1.4093,0.96816
1316,115.5,686,450,-0.4483,0.97127
1316,122,686,450,0.50901,0.97159
1316,128.5,686,450,1.4949,0.98914
1316,135,686,450,2.6122,0.94981
1316,141.5,686,450,2.7174,0.88804
1316,148,686,450,-2.8935,0.96127
1316,154.5,686,450,-2.3418,0.97972
1316,161,686,450,-1.7166,0.97263
1316,167.5,686,450,-1.2273,0.83123
1316,174,686,450,-0.84051,0.86648
1316,180.5,686,450,-1.369,0.35728
1316,187,686,450,-0.3143,0.77464
1316,193.5,686,450,-0.31181,0.95855
1316,200,686,450,0.21781,0.96048
1367,5,686,450,-0.29124,0.96228
1367,11.5,686,450,-0.29124,0.96228
1367,18,686,450,-0.25295,0.96255
1367,24.5,686,450,-0.20897,0.96278
1367,31,686,450,-0.14381,0.96314
1367,37.5,686,450,-0.06496,0.96387
1367,44,686,450,0.041122,0.96493
1367,50.5,686,450,0.1802,0.96708
1367,57,686,450,0.38536,0.97141
1367,63.5,686,450,0.58754,0.97588
1367,70,686,450,0.88044,0.98259
1367,76.5,686,450,1.2863,0.98836
1367,83,686,450,1.7653,0.98542
1367,89.5,686,450,2.3862,0.9731
1367,96,686,450,3.0995,0.96954
1367,102.5,686,450,-2.2332,0.97638
1367,109,686,450,-1.2146,0.96422
1367,115.5,686,450,-0.24042,0.9734
1367,122,686,450,0.7191,0.98437
1367,128.5,686,450,1.6904,0.97657
1367,135,686,450,2.3335,0.91916
1367,141.5,686,450,3.0941,0.9747
1367,148,686,450,-2.5639,0.97296
1367,154.5,686,450,-2.0043,0.93821
1367,161,686,450,-1.2726,0.82211
1367,167.5,686,450,-2.9137,0.0020905
1367,174,686,450,-0.81318,0.98676
1367,180.5,686,450,-0.321,0.97457
1367,187,686,450,0.49458,0.88393
1367,193.5,686,450,0.25218,0.79497
1367,200,686,450,0.81816,0.74754
1418,5,686,450,-0.29317,0.9644
1418,11.5,686,450,-0.29317,0.9644
1418,18,686,450,-0.25367,0.96455
1418,24.5,686,450,-0.20817,0.96499
1418,31,686,450,-0.14088,0.96582
1418,37.5,686,450,-0.059239,0.96684
1418,44,686,450,0.050918,0.96853
1418,50.5,686,450,0.19562,0.9714
1418,57,686,450,0.40945,0.97609
1418,63.5,686,450,0.62026,0.97949
1418,70,686,450,0.92569,0.98252
1418,76.5,686,450,1.3462,0.98018
1418,83,686,450,1.8386,0.97266
1418,89.5,686,450,2.4772,0.96732
1418,96,686,450,-3.0627,0.98035
1418,102.5,686,450,-2.0698,0.98392
1418,109,686,450,-1.0143,0.96606
1418,115.5,686,450,0.10403,0.91546
1418,122,686,450,0.88629,0.98232
1418,128.5,686,450,1.8832,0.95606
1418,135,686,450,2.6536,0.97983
1418,141.5,686,450,-2.9125,0.9722
1418,148,686,450,-2.269,0.93223
1418,154.5,686,450,-1.6425,0.87692
1418,161,686,450,-2.5796,0.086924
1418,167.5,686,450,-2.5963,0.0064724
1418,174,686,450,-0.44211,0.98997
1418,180.5,686,450,0.19992,0.97474
1418,187,686,450,1.7495,0.3073
1418,193.5,686,450,0.76046,0.66189
1418,200,686,450,2.0459,0.037567
1469,5,686,450,-0.29491,0.96345
1469,11.5,686,450,-0.29491,0.96345
1469,18,686,450,-0.25407,0.9638
1469,24.5,686,450,-0.20701,0.96452
1469,31,686,450,-0.13726,0.96611
1469,37.5,686,450,-0.052686,0.96745
1469,44,686,450,0.061789,0.96938
1469,50.5,686,450,0.21221,0.97194
1469,57,686,450,0.43436,0.97486
1469,63.5,686,450,0.65289,0.97562
1469,70,686,450,0.96833,0.97424
1469,76.5,686,450,1.4004,0.96894
1469,83,686,450,1.9065,0.96712
1469,89.5,686,450,2.5697,0.97681
1469,96,686,450,-2.9338,0.99117
1469,102.5,686,450,-1.9046,0.97875
1469,109,686,450,-0.81815,0.97304
1469,115.5,686,450,0.5951,0.67602
1469,122,686,450,1.077,0.97612
1469,128.5,686,450,1.379,0.74391
1469,135,686,450,2.8774,0.9876
1469,141.5,686,450,-2.6413,0.94882
1469,148,686,450,-1.8961,0.90275
1469,154.5,686,450,-0.50454,0.27413
1469,161,686,450,-1.1393,0.86527
1469,167.5,686,450,-1.5483,0.3033
1469,174,686,450,0.11422,0.85477
1469,180.5,686,450,0.66215,0.9133
1469,187,686,450,0.054527,0.20086
1469,193.5,686,450,1.564,0.77096
1469,200,686,450,0.94482,0.86573
