500,5,605,450,-0.26087,0.95238
500,11.5,605,450,-0.26087,0.95238
500,18,605,450,-0.24351,0.95316
500,24.5,605,450,-0.22465,0.954
500,31,605,450,-0.19298,0.95444
500,37.5,605,450,-0.15529,0.95488
500,44,605,450,-0.10615,0.95534
500,50.5,605,450,-0.036481,0.954
500,57,605,450,0.071646,0.94883
500,63.5,605,450,0.18274,0.94021
500,70,605,450,0.34328,0.92795
500,76.5,605,450,0.58394,0.90508
500,83,605,450,0.90034,0.87857
500,89.5,605,450,1.3853,0.85223
500,96,605,450,2.1691,0.66399
500,102.5,605,450,2.545,0.2349
500,109,605,450,3.078,0.36248
500,115.5,605,450,-2.6196,0.44523
500,122,605,450,-2.2173,0.53185
500,128.5,605,450,-1.8376,0.62073
500,135,605,450,-1.5262,0.65141
500,141.5,605,450,-1.2542,0.62323
500,148,605,450,-1.0615,0.486
500,154.5,605,450,-1.0332,0.40428
500,161,605,450,-1.0173,0.42981
500,167.5,605,450,-0.99055,0.53486
500,174,605,450,-0.82955,0.6542
500,180.5,605,450,-0.63102,0.68978
500,187,605,450,-0.47774,0.68815
500,193.5,605,450,-0.29839,0.64387
500,200,605,450,-0.11102,0.52805
551,5,605,450,-0.26692,0.95501
551,11.5,605,450,-0.26692,0.95501
551,18,605,450,-0.24792,0.95535
551,24.5,605,450,-0.22715,0.95571
551,31,605,450,-0.1928,0.95549
551,37.5,605,450,-0.15162,0.95514
551,44,605,450,-0.097531,0.95465
551,50.5,605,450,-0.021493,0.95236
551,57,605,450,0.096542,0.94652
551,63.5,605,450,0.21807,0.93794
551,70,605,450,0.39502,0.9263
551,76.5,605,450,0.66083,0.90673
551,83,605,450,1.0103,0.88525
551,89.5,605,450,1.5281,0.86743
551,96,605,450,2.3048,0.70834
551,102.5,605,450,2.7053,0.51176
551,109,605,450,-2.8766,0.67565
551,115.5,605,450,-2.2541,0.729
551,122,605,450,-1.8351,0.72629
551,128.5,605,450,-1.5017,0.70485
551,135,605,450,-1.2268,0.69455
551,141.5,605,450,-0.91272,0.62065
551,148,605,450,-0.91017,0.32818
551,154.5,605,450,-0.9492,0.4144
551,161,605,450,-0.92306,0.59997
551,167.5,605,450,-0.69393,0.83509
551,174,605,450,-0.47879,0.88181
551,180.5,605,450,-0.25861,0.88633
551,187,605,450,-0.085393,0.86776
551,193.5,605,450,0.083917,0.78961
551,200,605,450,0.21435,0.75371
602,5,605,450,-0.27946,0.95937
602,11.5,605,450,-0.27946,0.95937
602,18,605,450,-0.25911,0.95942
602,24.5,605,450,-0.2366,0.95962
602,31,605,450,-0.1998,0.95928
602,37.5,605,450,-0.15546,0.95866
602,44,605,450,-0.096756,0.958
602,50.5,605,450,-0.014513,0.9561
602,57,605,450,0.1136,0.95155
602,63.5,605,450,0.24614,0.94445
602,70,605,450,0.44075,0.93564
602,76.5,605,450,0.73386,0.91973
602,83,605,450,1.1176,0.89993
602,89.5,605,450,1.6633,0.88162
602,96,605,450,2.3713,0.77248
602,102.5,605,450,3.0239,0.81152
602,109,605,450,-2.57,0.8335
602,115.5,605,450,-1.9948,0.75333
602,122,605,450,-1.6467,0.69252
602,128.5,605,450,-1.3664,0.72368
602,135,605,450,-1.0813,0.75455
602,141.5,605,450,-0.74857,0.65211
602,148,605,450,-0.74404,0.5509
602,154.5,605,450,-0.61371,0.54188
602,161,605,450,-0.51857,0.76186
602,167.5,605,450,-0.25399,0.89975
602,174,605,450,-0.030049,0.90256
602,180.5,605,450,0.19134,0.86979
602,187,605,450,0.34946,0.88348
602,193.5,605,450,0.56337,0.9012
602,200,605,450,0.7794,0.84563
653,5,605,450,-0.28188,0.96108
653,11.5,605,450,-0.28188,0.96108
653,18,605,450,-0.26021,0.96118
653,24.5,605,450,-0.23595,0.96173
653,31,605,450,-0.19656,0.9619
653,37.5,605,450,-0.14897,0.96177
653,44,605,450,-0.085442,0.96186
653,50.5,605,450,0.0035608,0.96119
653,57,605,450,0.14288,0.95826
653,63.5,605,450,0.28744,0.95245
653,70,605,450,0.50113,0.94447
653,76.5,605,450,0.82289,0.92724
653,83,605,450,1.24,0.90251
653,89.5,605,450,1.8151,0.87894
653,96,605,450,2.4712,0.87247
653,102.5,605,450,-3.0307,0.86615
653,109,605,450,-2.3833,0.82887
653,115.5,605,450,-1.8886,0.73662
653,122,605,450,-1.5553,0.78608
653,128.5,605,450,-1.1806,0.83806
653,135,605,450,-0.85618,0.81462
653,141.5,605,450,-0.47858,0.80872
653,148,605,450,-0.30038,0.49833
653,154.5,605,450,-0.24566,0.41856
653,161,605,450,-0.10498,0.59773
653,167.5,605,450,0.16321,0.59347
653,174,605,450,0.30909,0.52223
653,180.5,605,450,0.39076,0.66479
653,187,605,450,0.6315,0.83585
653,193.5,605,450,0.91171,0.90094
653,200,605,450,1.1571,0.88032
704,5,605,450,-0.2851,0.95842
704,11.5,605,450,-0.2851,0.95842
704,18,605,450,-0.2619,0.95895
704,24.5,605,450,-0.23566,0.95988
704,31,605,450,-0.19334,0.96064
704,37.5,605,450,-0.14212,0.96122
704,44,605,450,-0.073266,0.96211
704,50.5,605,450,0.02312,0.96206
704,57,605,450,0.17415,0.95907
704,63.5,605,450,0.33101,0.95235
704,70,605,450,0.56333,0.94181
704,76.5,605,450,0.91127,0.91903
704,83,605,450,1.3586,0.88955
704,89.5,605,450,1.9702,0.8626
704,96,605,450,2.5708,0.79122
704,102.5,605,450,-2.8945,0.85786
704,109,605,450,-2.2792,0.82618
704,115.5,605,450,-1.7433,0.87003
704,122,605,450,-1.3127,0.82747
704,128.5,605,450,-0.92201,0.70901
704,135,605,450,-0.62877,0.62407
704,141.5,605,450,-0.18616,0.61047
704,148,605,450,-0.083891,0.36405
704,154.5,605,450,0.0056379,0.35872
704,161,605,450,0.28974,0.41541
704,167.5,605,450,0.46724,0.34498
704,174,605,450,0.45235,0.3932
704,180.5,605,450,0.74211,0.77273
704,187,605,450,1.0835,0.9
704,193.5,605,450,1.3968,0.93616
704,200,605,450,1.6652,0.93821
755,5,605,450,-0.29085,0.95422
755,11.5,605,450,-0.29085,0.95422
755,18,605,450,-0.26593,0.95509
755,24.5,605,450,-0.23755,0.9561
755,31,605,450,-0.19212,0.95689
755,37.5,605,450,-0.137,0.95765
755,44,605,450,-0.062581,0.95853
755,50.5,605,450,0.04114,0.95778
755,57,605,450,0.20328,0.953
755,63.5,605,450,0.37135,0.9443
755,70,605,450,0.62007,0.93104
755,76.5,605,450,0.99138,0.90645
755,83,605,450,1.4691,0.88072
755,89.5,605,450,2.1295,0.85038
755,96,605,450,2.6315,0.75435
755,102.5,605,450,-2.7693,0.84511
755,109,605,450,-2.1133,0.87068
755,115.5,605,450,-1.5204,0.75409
755,122,605,450,-1.1138,0.65761
755,128.5,605,450,-0.72984,0.51971
755,135,605,450,-0.41467,0.44404
755,141.5,605,450,-0.038202,0.34121
755,148,605,450,0.11459,0.30905
755,154.5,605,450,0.46781,0.34005
755,161,605,450,0.76463,0.17492
755,167.5,605,450,0.67623,0.16027
755,174,605,450,0.78776,0.36466
755,180.5,605,450,1.3249,0.59286
755,187,605,450,1.6865,0.59038
755,193.5,605,450,1.9465,0.52166
755,200,605,450,2.1037,0.62421
806,5,605,450,-0.298,0.95288
806,11.5,605,450,-0.298,0.95288
806,18,605,450,-0.27131,0.95363
806,24.5,605,450,-0.24086,0.95437
806,31,605,450,-0.19247,0.95463
806,37.5,605,450,-0.13358,0.95492
806,44,605,450,-0.053853,0.95505
806,50.5,605,450,0.056577,0.95308
806,57,605,450,0.22872,0.94704
806,63.5,605,450,0.4071,0.93801
806,70,605,450,0.67188,0.92544
806,76.5,605,450,1.0679,0.90577
806,83,605,450,1.5807,0.88641
806,89.5,605,450,2.2957,0.85226
806,96,605,450,2.7504,0.71623
806,102.5,605,450,-2.5702,0.76119
806,109,605,450,-1.9531,0.70327
806,115.5,605,450,-1.3571,0.60704
806,122,605,450,-0.9037,0.5258
806,128.5,605,450,-0.40526,0.35414
806,135,605,450,0.063796,0.15463
806,141.5,605,450,-0.16965,0.21171
806,148,605,450,0.27514,0.21946
806,154.5,605,450,0.83819,0.20646
806,161,605,450,1.1548,0.1163
806,167.5,605,450,1.0995,0.11304
806,174,605,450,1.44,0.25962
806,180.5,605,450,1.995,0.30528
806,187,605,450,2.2262,0.24504
806,193.5,605,450,2.2574,0.36327
806,200,605,450,2.5084,0.49064
857,5,605,450,-0.30432,0.95566
857,11.5,605,450,-0.30432,0.95566
857,18,605,450,-0.27594,0.95595
857,24.5,605,450,-0.24366,0.95645
857,31,605,450,-0.19264,0.95624
857,37.5,605,450,-0.13031,0.95592
857,44,605,450,-0.045717,0.95543
857,50.5,605,450,0.070955,0.9533
857,57,605,450,0.25297,0.94811
857,63.5,605,450,0.44198,0.94052
857,70,605,450,0.72394,0.93181
857,76.5,605,450,1.1488,0.91871
857,83,605,450,1.7007,0.8986
857,89.5,605,450,2.4715,0.8582
857,96,605,450,2.9482,0.65678
857,102.5,605,450,-2.4617,0.43515
857,109,605,450,-1.8005,0.59973
857,115.5,605,450,-1.1003,0.49091
857,122,605,450,-0.46114,0.32203
857,128.5,605,450,-0.014341,0.05138
857,135,605,450,-0.65138,0.053237
857,141.5,605,450,0.024186,0.20905
857,148,605,450,0.67984,0.20711
857,154.5,605,450,1.4393,0.18824
857,161,605,450,2.0199,0.11447
857,167.5,605,450,2.0705,0.13884
857,174,605,450,2.6352,0.25334
857,180.5,605,450,-3.0044,0.18463
857,187,605,450,-3.0862,0.061643
857,193.5,605,450,2.8537,0.13322
857,200,605,450,2.9734,0.44272
908,5,605,450,-0.30814,0.95967
908,11.5,605,450,-0.30814,0.95967
908,18,605,450,-0.27836,0.95974
908,24.5,605,450,-0.2443,0.96025
908,31,605,450,-0.1908,0.96009
908,37.5,605,450,-0.12524,0.95965
908,44,605,450,-0.035923,0.9593
908,50.5,605,450,0.087229,0.95807
908,57,605,450,0.28008,0.95487
908,63.5,605,450,0.48127,0.94938
908,70,605,450,0.78278,0.94244
908,76.5,605,450,1.2377,0.92643
908,83,605,450,1.8277,0.89794
908,89.5,605,450,2.6427,0.85607
908,96,605,450,-3.0564,0.58935
908,102.5,605,450,-2.4416,0.40047
908,109,605,450,-1.5229,0.50392
908,115.5,605,450,-0.55287,0.26026
908,122,605,450,-0.32871,0.025232
908,128.5,605,450,-0.63901,0.056135
908,135,605,450,0.11067,0.065944
908,141.5,605,450,0.90311,0.10864
908,148,605,450,1.7424,0.091318
908,154.5,605,450,2.3548,0.17914
908,161,605,450,3.0553,0.23151
908,167.5,605,450,-2.7222,0.33649
908,174,605,450,-2.1596,0.32812
908,180.5,605,450,-1.3351,0.13372
908,187,605,450,-1.7563,0.00052952
908,193.5,605,450,-3.1051,0.12779
908,200,605,450,-2.4721,0.27284
959,5,605,450,-0.32092,0.961
959,11.5,605,450,-0.32092,0.961
959,18,605,450,-0.28992,0.96106
959,24.5,605,450,-0.25385,0.96182
959,31,605,450,-0.19765,0.96217
959,37.5,605,450,-0.12874,0.96219
959,44,605,450,-0.034421,0.96255
959,50.5,605,450,0.09586,0.96228
959,57,605,450,0.30051,0.95982
959,63.5,605,450,0.51427,0.95377
959,70,605,450,0.83522,0.94381
959,76.5,605,450,1.3175,0.91948
959,83,605,450,1.9358,0.88458
959,89.5,605,450,2.7902,0.84741
959,96,605,450,-2.7123,0.56232
959,102.5,605,450,-2.1895,0.37334
959,109,605,450,-1.0189,0.34375
959,115.5,605,450,-0.088844,0.016342
959,122,605,450,-0.77187,0.053581
959,128.5,605,450,0.44451,0.062336
959,135,605,450,1.7292,0.092595
959,141.5,605,450,2.8046,0.1553
959,148,605,450,-2.8118,0.07507
959,154.5,605,450,-2.9024,0.19091
959,161,605,450,-2.4607,0.32744
959,167.5,605,450,-1.9265,0.41602
959,174,605,450,-1.4151,0.34696
959,180.5,605,450,-0.75657,0.047449
959,187,605,450,-2.2666,0.069998
959,193.5,605,450,-1.7716,0.21795
959,200,605,450,-1.6432,0.15591
1010,5,605,450,-0.32412,0.9583
1010,11.5,605,450,-0.32412,0.9583
1010,18,605,450,-0.29134,0.95887
1010,24.5,605,450,-0.25344,0.95954
1010,31,605,450,-0.19424,0.96031
1010,37.5,605,450,-0.12167,0.96085
1010,44,605,450,-0.021974,0.96166
1010,50.5,605,450,0.11572,0.96128
1010,57,605,450,0.3319,0.95724
1010,63.5,605,450,0.55733,0.94865
1010,70,605,450,0.89503,0.93419
1010,76.5,605,450,1.3991,0.9069
1010,83,605,450,2.0474,0.87924
1010,89.5,605,450,2.945,0.85492
1010,96,605,450,-2.3141,0.58465
1010,102.5,605,450,-1.7483,0.31121
1010,109,605,450,-0.28097,0.15637
1010,115.5,605,450,-0.74089,0.017393
1010,122,605,450,0.45268,0.063988
1010,128.5,605,450,1.9734,0.14248
1010,135,605,450,2.8556,0.22334
1010,141.5,605,450,-2.6127,0.34238
1010,148,605,450,-2.1295,0.12859
1010,154.5,605,450,-2.3253,0.24598
1010,161,605,450,-1.9491,0.52618
1010,167.5,605,450,-1.4662,0.5151
1010,174,605,450,-1.1406,0.30825
1010,180.5,605,450,-1.2785,0.33024
1010,187,605,450,-0.92022,0.47626
1010,193.5,605,450,-0.43149,0.30642
1010,200,605,450,-0.5593,0.15
1061,5,605,450,-0.3294,0.9545
1061,11.5,605,450,-0.3294,0.9545
1061,18,605,450,-0.2951,0.955
1061,24.5,605,450,-0.25509,0.95592
1061,31,605,450,-0.19284,0.95652
1061,37.5,605,450,-0.11647,0.95711
1061,44,605,450,-0.011329,0.95766
1061,50.5,605,450,0.13337,0.95621
1061,57,605,450,0.35985,0.95027
1061,63.5,605,450,0.5955,0.93994
1061,70,605,450,0.94799,0.92612
1061,76.5,605,450,1.4752,0.90548
1061,83,605,450,2.1596,0.88918
1061,89.5,605,450,3.1048,0.86811
1061,96,605,450,-1.9637,0.65173
1061,102.5,605,450,-1.223,0.26585
1061,109,605,450,0.34247,0.086915
1061,115.5,605,450,0.60366,0.059262
1061,122,605,450,1.7747,0.15088
1061,128.5,605,450,2.7704,0.27353
1061,135,605,450,-2.9973,0.31652
1061,141.5,605,450,-2.3555,0.5004
1061,148,605,450,-2.1412,0.32767
1061,154.5,605,450,-1.8271,0.57252
1061,161,605,450,-1.3681,0.63353
1061,167.5,605,450,-1.0813,0.49256
1061,174,605,450,-0.97812,0.54373
1061,180.5,605,450,-0.57247,0.65364
1061,187,605,450,-0.16547,0.59485
1061,193.5,605,450,0.10521,0.24943
1061,200,605,450,0.16581,0.16801
1112,5,605,450,-0.33626,0.95373
1112,11.5,605,450,-0.33626,0.95373
1112,18,605,450,-0.30065,0.95388
1112,24.5,605,450,-0.25851,0.9547
1112,31,605,450,-0.19343,0.95479
1112,37.5,605,450,-0.11337,0.95495
1112,44,605,450,-0.0030975,0.9549
1112,50.5,605,450,0.148,0.95267
1112,57,605,450,0.38407,0.94682
1112,63.5,605,450,0.62968,0.93826
1112,70,605,450,0.99907,0.92908
1112,76.5,605,450,1.5551,0.91747
1112,83,605,450,2.2806,0.90074
1112,89.5,605,450,-3.0147,0.8679
1112,96,605,450,-1.7017,0.71852
1112,102.5,605,450,-0.76394,0.32025
1112,109,605,450,0.71008,0.14059
1112,115.5,605,450,1.527,0.17619
1112,122,605,450,2.3752,0.26397
1112,128.5,605,450,3.0571,0.41626
1112,135,605,450,-2.7506,0.57957
1112,141.5,605,450,-2.1553,0.79167
1112,148,605,450,-1.6827,0.79458
1112,154.5,605,450,-1.2423,0.71775
1112,161,605,450,-0.98048,0.42064
1112,167.5,605,450,-0.96952,0.44427
1112,174,605,450,-0.66401,0.76805
1112,180.5,605,450,-0.18781,0.79806
1112,187,605,450,0.17797,0.61641
1112,193.5,605,450,0.35692,0.55658
1112,200,605,450,0.59428,0.47209
1163,5,605,450,-0.34373,0.9598
1163,11.5,605,450,-0.34373,0.9598
1163,18,605,450,-0.30603,0.96016
1163,24.5,605,450,-0.26193,0.96056
1163,31,605,450,-0.19423,0.96034
1163,37.5,605,450,-0.11074,0.96005
1163,44,605,450,0.0043609,0.95966
1163,50.5,605,450,0.16181,0.95775
1163,57,605,450,0.40826,0.95367
1163,63.5,605,450,0.6657,0.94758
1163,70,605,450,1.0547,0.94197
1163,76.5,605,450,1.6421,0.92797
1163,83,605,450,2.4034,0.89915
1163,89.5,605,450,-2.8539,0.85916
1163,96,605,450,-1.5276,0.77351
1163,102.5,605,450,-0.35666,0.50797
1163,109,605,450,1.0755,0.25786
1163,115.5,605,450,1.9168,0.29157
1163,122,605,450,2.596,0.44814
1163,128.5,605,450,-2.9697,0.73273
1163,135,605,450,-2.336,0.83469
1163,141.5,605,450,-1.8511,0.80917
1163,148,605,450,-1.3878,0.86436
1163,154.5,605,450,-0.89867,0.67094
1163,161,605,450,-0.82829,0.48192
1163,167.5,605,450,-0.70966,0.70032
1163,174,605,450,-0.25591,0.94218
1163,180.5,605,450,0.20641,0.95284
1163,187,605,450,0.56556,0.94191
1163,193.5,605,450,0.96926,0.8329
1163,200,605,450,1.3983,0.63938
1214,5,605,450,-0.34772,0.96376
1214,11.5,605,450,-0.34772,0.96376
1214,18,605,450,-0.30861,0.96382
1214,24.5,605,450,-0.26268,0.96396
1214,31,605,450,-0.19241,0.96393
1214,37.5,605,450,-0.1056,0.96366
1214,44,605,450,0.014375,0.96358
1214,50.5,605,450,0.17866,0.96273
1214,57,605,450,0.4367,0.96025
1214,63.5,605,450,0.70688,0.955
1214,70,605,450,1.1164,0.94671
1214,76.5,605,450,1.7318,0.9234
1214,83,605,450,2.5216,0.88671
1214,89.5,605,450,-2.6962,0.85255
1214,96,605,450,-1.4179,0.81543
1214,102.5,605,450,0.021031,0.69975
1214,109,605,450,1.2773,0.32506
1214,115.5,605,450,2.0778,0.50511
1214,122,605,450,2.8901,0.78747
1214,128.5,605,450,-2.6278,0.85634
1214,135,605,450,-2.0475,0.84303
1214,141.5,605,450,-1.7085,0.70108
1214,148,605,450,-1.1801,0.92763
1214,154.5,605,450,-0.69836,0.7433
1214,161,605,450,-0.33191,0.48471
1214,167.5,605,450,-0.21727,0.66388
1214,174,605,450,0.23039,0.69575
1214,180.5,605,450,0.52727,0.76555
1214,187,605,450,0.93598,0.89059
1214,193.5,605,450,1.3894,0.83375
1214,200,605,450,1.7605,0.54502
1265,5,605,450,-0.35013,0.96464
1265,11.5,605,450,-0.35013,0.96464
1265,18,605,450,-0.30965,0.96468
1265,24.5,605,450,-0.26197,0.96497
1265,31,605,450,-0.18888,0.96539
1265,37.5,605,450,-0.0986,0.96547
1265,44,605,450,0.026531,0.96588
1265,50.5,605,450,0.19815,0.96547
1265,57,605,450,0.46812,0.9622
1265,63.5,605,450,0.75081,0.95425
1265,70,605,450,1.1778,0.94023
1265,76.5,605,450,1.8149,0.9104
1265,83,605,450,2.632,0.88317
1265,89.5,605,450,-2.5401,0.85949
1265,96,605,450,-1.3272,0.86907
1265,102.5,605,450,0.2809,0.76437
1265,109,605,450,1.294,0.47046
1265,115.5,605,450,2.3635,0.82649
1265,122,605,450,-3.0821,0.85811
1265,128.5,605,450,-2.4371,0.82195
1265,135,605,450,-1.8072,0.85083
1265,141.5,605,450,-1.4684,0.63157
1265,148,605,450,-0.88862,0.85428
1265,154.5,605,450,-0.30544,0.74837
1265,161,605,450,0.0060531,0.2912
1265,167.5,605,450,0.20197,0.44571
1265,174,605,450,0.46308,0.38272
1265,180.5,605,450,0.81278,0.84656
1265,187,605,450,1.325,0.94959
1265,193.5,605,450,1.7792,0.92392
1265,200,605,450,2.1684,0.90298
1316,5,605,450,-0.36486,0.96156
1316,11.5,605,450,-0.36486,0.96156
1316,18,605,450,-0.32289,0.962
1316,24.5,605,450,-0.27333,0.96258
1316,31,605,450,-0.19727,0.96317
1316,37.5,605,450,-0.1033,0.96355
1316,44,605,450,0.02718,0.96407
1316,50.5,605,450,0.20605,0.96296
1316,57,605,450,0.48686,0.95717
1316,63.5,605,450,0.78001,0.94666
1316,70,605,450,1.2214,0.93069
1316,76.5,605,450,1.8806,0.90797
1316,83,605,450,2.7348,0.89216
1316,89.5,605,450,-2.3827,0.86807
1316,96,605,450,-1.1881,0.84192
1316,102.5,605,450,0.41586,0.76643
1316,109,605,450,1.4694,0.80042
1316,115.5,605,450,2.6212,0.85793
1316,122,605,450,-2.9289,0.81089
1316,128.5,605,450,-2.2264,0.87148
1316,135,605,450,-1.5599,0.72564
1316,141.5,605,450,-1.2087,0.43835
1316,148,605,450,-0.66333,0.5243
1316,154.5,605,450,0.026462,0.50411
1316,161,605,450,0.22903,0.24596
1316,167.5,605,450,0.73384,0.25972
1316,174,605,450,0.65801,0.26969
1316,180.5,605,450,1.3426,0.75261
1316,187,605,450,1.8695,0.70365
1316,193.5,605,450,2.2664,0.75466
1316,200,605,450,2.6401,0.7882
1367,5,605,450,-0.37006,0.95784
1367,11.5,605,450,-0.37006,0.95784
1367,18,605,450,-0.32646,0.95861
1367,24.5,605,450,-0.27479,0.95943
1367,31,605,450,-0.1958,0.9597
1367,37.5,605,450,-0.098144,0.95999
1367,44,605,450,0.037608,0.96014
1367,50.5,605,450,0.22317,0.95793
1367,57,605,450,0.51347,0.95107
1367,63.5,605,450,0.81639,0.94106
1367,70,605,450,1.2731,0.92981
1367,76.5,605,450,1.9603,0.9174
1367,83,605,450,2.8569,0.90166
1367,89.5,605,450,-2.2158,0.86357
1367,96,605,450,-1.1285,0.62595
1367,102.5,605,450,0.48543,0.79277
1367,109,605,450,1.717,0.86741
1367,115.5,605,450,2.7668,0.80492
1367,122,605,450,-2.7496,0.88158
1367,128.5,605,450,-1.9424,0.66658
1367,135,605,450,-1.34,0.52314
1367,141.5,605,450,-0.87843,0.29578
1367,148,605,450,-0.30696,0.28524
1367,154.5,605,450,0.33832,0.1933
1367,161,605,450,0.78414,0.1571
1367,167.5,605,450,1.0586,0.1084
1367,174,605,450,1.126,0.21731
1367,180.5,605,450,1.9531,0.35859
1367,187,605,450,2.1399,0.37659
1367,193.5,605,450,2.6052,0.51396
1367,200,605,450,3.0466,0.85708
1418,5,605,450,-0.37681,0.95718
1418,11.5,605,450,-0.37681,0.95718
1418,18,605,450,-0.33139,0.95783
1418,24.5,605,450,-0.27766,0.95864
1418,31,605,450,-0.19594,0.95863
1418,37.5,605,450,-0.09472,0.95855
1418,44,605,450,0.046058,0.95834
1418,50.5,605,450,0.23783,0.95606
1418,57,605,450,0.53788,0.95071
1418,63.5,605,450,0.85159,0.94404
1418,70,605,450,1.3274,0.93874
1418,76.5,605,450,2.0476,0.92773
1418,83,605,450,2.9807,0.89699
1418,89.5,605,450,-2.0582,0.8539
1418,96,605,450,-1.1017,0.57384
1418,102.5,605,450,0.63148,0.86372
1418,109,605,450,1.8711,0.80831
1418,115.5,605,450,2.9114,0.83621
1418,122,605,450,-2.4892,0.69956
1418,128.5,605,450,-1.722,0.4634
1418,135,605,450,-0.99054,0.34553
1418,141.5,605,450,-0.202,0.20105
1418,148,605,450,-0.99833,0.00040211
1418,154.5,605,450,-0.0067065,0.086055
1418,161,605,450,1.0539,0.14577
1418,167.5,605,450,1.8339,0.10274
1418,174,605,450,1.9892,0.1808
1418,180.5,605,450,2.7924,0.14896
1418,187,605,450,2.7521,0.20117
1418,193.5,605,450,2.9775,0.52587
1418,200,605,450,-2.639,0.75009
1469,5,605,450,-0.38292,0.96004
1469,11.5,605,450,-0.38292,0.96004
1469,18,605,450,-0.33581,0.96047
1469,24.5,605,450,-0.28012,0.96084
1469,31,605,450,-0.19585,0.96099
1469,37.5,605,450,-0.091237,0.96078
1469,44,605,450,0.054455,0.9606
1469,50.5,605,450,0.25275,0.95926
1469,57,605,450,0.56389,0.95653
1469,63.5,605,450,0.89035,0.95222
1469,70,605,450,1.3877,0.94643
1469,76.5,605,450,2.1372,0.92392
1469,83,605,450,3.0966,0.88442
1469,89.5,605,450,-1.9019,0.85578
1469,96,605,450,-0.95622,0.54863
1469,102.5,605,450,0.74684,0.74969
1469,109,605,450,2.022,0.74915
1469,115.5,605,450,-3.1276,0.67987
1469,122,605,450,-2.2958,0.52562
1469,128.5,605,450,-1.3402,0.32297
1469,135,605,450,0.024277,0.084186
1469,141.5,605,450,1.1341,0.059654
1469,148,605,450,-1.4444,0.074268
1469,154.5,605,450,0.54248,0.092588
1469,161,605,450,1.9102,0.18374
1469,167.5,605,450,2.781,0.19316
1469,174,605,450,-2.8012,0.3248
1469,180.5,605,450,-1.5735,0.054848
1469,187,605,450,2.9087,0.061927
1469,193.5,605,450,-2.5463,0.26506
1469,200,605,450,-2.1725,0.49727
