500,25,626,260,-0.14706,0.95839
500,30,626,260,-0.077939,0.96084
500,35,626,260,-0.0038918,0.96311
500,40,626,260,0.10476,0.96483
500,45,626,260,0.20127,0.9649
500,50,626,260,0.33855,0.96479
500,55,626,260,0.48963,0.96374
500,60,626,260,0.69556,0.96009
500,65,626,260,0.88942,0.95703
500,70,626,260,1.132,0.95642
500,75,626,260,1.3752,0.95474
500,80,626,260,1.671,0.95163
500,85,626,260,2.0265,0.95106
500,90,626,260,2.3785,0.95264
500,95,626,260,2.6986,0.9522
500,100,626,260,3.061,0.95857
500,105,626,260,-2.8521,0.96446
500,110,626,260,-2.4667,0.96888
500,115,626,260,-2.1048,0.95511
500,120,626,260,-1.7032,0.91013
500,125,626,260,-1.3294,0.85104
500,130,626,260,-0.8862,0.78663
500,135,626,260,-0.46771,0.75416
500,140,626,260,-0.31134,0.75587
500,145,626,260,-0.12147,0.77614
500,150,626,260,-0.0034448,0.79367
510,25,626,260,-0.15765,0.95668
510,30,626,260,-0.087425,0.95881
510,35,626,260,-0.011827,0.96066
510,40,626,260,0.098596,0.9619
510,45,626,260,0.19652,0.96169
510,50,626,260,0.33603,0.96126
510,55,626,260,0.48989,0.9602
510,60,626,260,0.69901,0.95699
510,65,626,260,0.89604,0.95499
510,70,626,260,1.1439,0.95611
510,75,626,260,1.3921,0.95567
510,80,626,260,1.6939,0.95445
510,85,626,260,2.0577,0.95594
510,90,626,260,2.4187,0.95813
510,95,626,260,2.7461,0.95956
510,100,626,260,3.1178,0.96637
510,105,626,260,-2.7859,0.96993
510,110,626,260,-2.3921,0.96199
510,115,626,260,-2.0237,0.9359
510,120,626,260,-1.6241,0.87957
510,125,626,260,-1.2537,0.82244
510,130,626,260,-0.8129,0.77409
510,135,626,260,-0.38882,0.76803
510,140,626,260,-0.22605,0.78268
510,145,626,260,-0.0239,0.81846
510,150,626,260,0.10351,0.84201
520,25,626,260,-0.15158,0.95691
520,30,626,260,-0.080035,0.95874
520,35,626,260,-0.0030089,0.96027
520,40,626,260,0.10939,0.96115
520,45,626,260,0.20904,0.96072
520,50,626,260,0.35094,0.96014
520,55,626,260,0.50752,0.95933
520,60,626,260,0.7204,0.95671
520,65,626,260,0.92129,0.95583
520,70,626,260,1.1746,0.95872
520,75,626,260,1.4282,0.95963
520,80,626,260,1.7366,0.95959
520,85,626,260,2.1091,0.96276
520,90,626,260,2.4788,0.96605
520,95,626,260,2.8155,0.96754
520,100,626,260,-3.0853,0.97333
520,105,626,260,-2.6952,0.96936
520,110,626,260,-2.2935,0.94975
520,115,626,260,-1.9227,0.91597
520,120,626,260,-1.5241,0.85381
520,125,626,260,-1.1577,0.80323
520,130,626,260,-0.7136,0.77903
520,135,626,260,-0.2749,0.80355
520,140,626,260,-0.10062,0.82881
520,145,626,260,0.11997,0.87602
520,150,626,260,0.25892,0.90171
530,25,626,260,-0.16095,0.95548
530,30,626,260,-0.088366,0.95698
530,35,626,260,-0.0098786,0.95815
530,40,626,260,0.1042,0.95872
530,45,626,260,0.20523,0.95821
530,50,626,260,0.3493,0.9576
530,55,626,260,0.50869,0.95719
530,60,626,260,0.72492,0.9555
530,65,626,260,0.92921,0.95598
530,70,626,260,1.1883,0.96057
530,75,626,260,1.4473,0.9626
530,80,626,260,1.7622,0.96412
530,85,626,260,2.143,0.96669
530,90,626,260,2.5219,0.97154
530,95,626,260,2.8658,0.97016
530,100,626,260,-3.0262,0.97208
530,105,626,260,-2.6269,0.96382
530,110,626,260,-2.2219,0.93183
530,115,626,260,-1.8489,0.89129
530,120,626,260,-1.4539,0.83043
530,125,626,260,-1.0885,0.79195
530,130,626,260,-0.63749,0.79158
530,135,626,260,-0.1788,0.84125
530,140,626,260,0.0074182,0.87473
530,145,626,260,0.24611,0.92146
530,150,626,260,0.39577,0.94091
540,25,626,260,-0.15577,0.95593
540,30,626,260,-0.081937,0.95714
540,35,626,260,-0.002087,0.95805
540,40,626,260,0.1139,0.95842
540,45,626,260,0.21662,0.9579
540,50,626,260,0.36307,0.95741
540,55,626,260,0.52527,0.9576
540,60,626,260,0.74543,0.95691
540,65,626,260,0.95389,0.95874
540,70,626,260,1.2188,0.96489
540,75,626,260,1.4836,0.968
540,80,626,260,1.8057,0.97048
540,85,626,260,2.1958,0.97406
540,90,626,260,2.5846,0.97618
540,95,626,260,2.9361,0.97432
540,100,626,260,-2.9462,0.97023
540,105,626,260,-2.5398,0.95416
540,110,626,260,-2.1302,0.91382
540,115,626,260,-1.7568,0.87081
540,120,626,260,-1.3651,0.81992
540,125,626,260,-0.99682,0.79558
540,130,626,260,-0.5318,0.82134
540,135,626,260,-0.04312,0.89136
540,140,626,260,0.15774,0.92322
540,145,626,260,0.41499,0.95403
540,150,626,260,0.5739,0.95763
550,25,626,260,-0.14318,0.95669
550,30,626,260,-0.068119,0.95763
550,35,626,260,0.013065,0.95832
550,40,626,260,0.13093,0.95859
550,45,626,260,0.23535,0.95812
550,50,626,260,0.3842,0.95786
550,55,626,260,0.54928,0.95875
550,60,626,260,0.77352,0.95918
550,65,626,260,0.98633,0.96237
550,70,626,260,1.2573,0.96987
550,75,626,260,1.528,0.97377
550,80,626,260,1.8574,0.97695
550,85,626,260,2.2566,0.97967
550,90,626,260,2.6545,0.9797
550,95,626,260,3.0142,0.97456
550,100,626,260,-2.8587,0.96524
550,105,626,260,-2.4484,0.94134
550,110,626,260,-2.0372,0.89471
550,115,626,260,-1.6624,0.85705
550,120,626,260,-1.2704,0.81755
550,125,626,260,-0.89519,0.81324
550,130,626,260,-0.41022,0.86132
550,135,626,260,0.11264,0.93476
550,140,626,260,0.32695,0.95378
550,145,626,260,0.59649,0.95507
550,150,626,260,0.75764,0.93834
560,25,626,260,-0.15341,0.95555
560,30,626,260,-0.077404,0.95626
560,35,626,260,0.0051452,0.95676
560,40,626,260,0.12464,0.95704
560,45,626,260,0.23044,0.95681
560,50,626,260,0.38153,0.95697
560,55,626,260,0.54964,0.95872
560,60,626,260,0.77767,0.96051
560,65,626,260,0.99453,0.96502
560,70,626,260,1.2718,0.97339
560,75,626,260,1.5483,0.97756
560,80,626,260,1.8845,0.98084
560,85,626,260,2.2919,0.98242
560,90,626,260,2.6981,0.97974
560,95,626,260,3.0643,0.97024
560,100,626,260,-2.803,0.95514
560,105,626,260,-2.387,0.92451
560,110,626,260,-1.9753,0.87921
560,115,626,260,-1.6,0.84654
560,120,626,260,-1.2063,0.82218
560,125,626,260,-0.82244,0.83336
560,130,626,260,-0.31346,0.89731
560,135,626,260,0.23868,0.95616
560,140,626,260,0.46124,0.95564
560,145,626,260,0.73318,0.92527
560,150,626,260,0.89292,0.89359
570,25,626,260,-0.14846,0.95649
570,30,626,260,-0.071277,0.95701
570,35,626,260,0.012575,0.95741
570,40,626,260,0.13395,0.95781
570,45,626,260,0.2415,0.95785
570,50,626,260,0.39507,0.95847
570,55,626,260,0.56626,0.96112
570,60,626,260,0.79853,0.96414
570,65,626,260,1.0202,0.96972
570,70,626,260,1.3038,0.97862
570,75,626,260,1.5863,0.98287
570,80,626,260,1.9301,0.98562
570,85,626,260,2.3461,0.9852
570,90,626,260,2.7611,0.97704
570,95,626,260,3.1335,0.96539
570,100,626,260,-2.7272,0.9425
570,105,626,260,-2.3069,0.91128
570,110,626,260,-1.8962,0.86889
570,115,626,260,-1.5179,0.84382
570,120,626,260,-1.1172,0.83916
570,125,626,260,-0.71791,0.86785
570,130,626,260,-0.17934,0.93598
570,135,626,260,0.39823,0.9555
570,140,626,260,0.62379,0.93171
570,145,626,260,0.8906,0.87511
570,150,626,260,1.0443,0.83618
580,25,626,260,-0.15736,0.95578
580,30,626,260,-0.079278,0.95618
580,35,626,260,0.0059046,0.95654
580,40,626,260,0.12894,0.95717
580,45,626,260,0.23794,0.95759
580,50,626,260,0.39388,0.95882
580,55,626,260,0.56833,0.96241
580,60,626,260,0.80475,0.96673
580,65,626,260,1.0308,0.97314
580,70,626,260,1.3209,0.98188
580,75,626,260,1.6092,0.98556
580,80,626,260,1.9597,0.98696
580,85,626,260,2.3834,0.9829
580,90,626,260,2.8053,0.97181
580,95,626,260,-3.0999,0.95695
580,100,626,260,-2.6732,0.93035
580,105,626,260,-2.2498,0.89666
580,110,626,260,-1.8381,0.86085
580,115,626,260,-1.4554,0.84806
580,120,626,260,-1.0453,0.85877
580,125,626,260,-0.62865,0.89965
580,130,626,260,-0.064648,0.95553
580,135,626,260,0.5257,0.9308
580,140,626,260,0.74884,0.88864
580,145,626,260,1.0054,0.822
580,150,626,260,1.1523,0.78336
590,25,626,260,-0.15199,0.95695
590,30,626,260,-0.072762,0.95726
590,35,626,260,0.01372,0.95768
590,40,626,260,0.13868,0.95862
590,45,626,260,0.24949,0.95944
590,50,626,260,0.40804,0.96129
590,55,626,260,0.58579,0.96576
590,60,626,260,0.82688,0.97107
590,65,626,260,1.0578,0.97801
590,70,626,260,1.3543,0.98625
590,75,626,260,1.6486,0.98907
590,80,626,260,2.0062,0.98897
590,85,626,260,2.4378,0.98202
590,90,626,260,2.8666,0.96778
590,95,626,260,-3.0328,0.94905
590,100,626,260,-2.6009,0.91982
590,105,626,260,-2.1752,0.88866
590,110,626,260,-1.7597,0.86208
590,115,626,260,-1.3687,0.86243
590,120,626,260,-0.94375,0.88935
590,125,626,260,-0.50747,0.93478
590,130,626,260,0.079867,0.96182
590,135,626,260,0.67245,0.88863
590,140,626,260,0.8886,0.83811
590,145,626,260,1.1333,0.77428
590,150,626,260,1.274,0.7426
600,25,626,260,-0.14709,0.9583
600,30,626,260,-0.066726,0.95858
600,35,626,260,0.021065,0.95909
600,40,626,260,0.148,0.96039
600,45,626,260,0.26068,0.96164
600,50,626,260,0.42191,0.96409
600,55,626,260,0.60308,0.96936
600,60,626,260,0.84892,0.97557
600,65,626,260,1.0848,0.98268
600,70,626,260,1.3876,0.98985
600,75,626,260,1.6878,0.99144
600,80,626,260,2.0523,0.98927
600,85,626,260,2.4913,0.97935
600,90,626,260,2.9266,0.96131
600,95,626,260,-2.9674,0.94168
600,100,626,260,-2.533,0.91113
600,105,626,260,-2.1029,0.88621
600,110,626,260,-1.6808,0.87169
600,115,626,260,-1.2803,0.88156
600,120,626,260,-0.83721,0.92036
600,125,626,260,-0.37985,0.95941
600,130,626,260,0.22329,0.94519
600,135,626,260,0.80652,0.84135
600,140,626,260,1.0142,0.79304
600,145,626,260,1.2491,0.742
600,150,626,260,1.3863,0.72097
