500,5,619,450,-0.25096,0.95276
500,11.5,619,450,-0.25096,0.95276
500,18,619,450,-0.23405,0.95362
500,24.5,619,450,-0.21577,0.9545
500,31,619,450,-0.18516,0.95516
500,37.5,619,450,-0.14894,0.95595
500,44,619,450,-0.10198,0.95682
500,50.5,619,450,-0.035655,0.95624
500,57,619,450,0.066091,0.9527
500,63.5,619,450,0.16954,0.94623
500,70,619,450,0.31735,0.93667
500,76.5,619,450,0.53391,0.91759
500,83,619,450,0.80797,0.89391
500,89.5,619,450,1.2043,0.87004
500,96,619,450,1.7661,0.83637
500,102.5,619,450,2.6506,0.31927
500,109,619,450,2.7651,0.31241
500,115.5,619,450,-2.9431,0.40428
500,122,619,450,-2.5246,0.47717
500,128.5,619,450,-2.1206,0.57515
500,135,619,450,-1.7921,0.63721
500,141.5,619,450,-1.5124,0.65919
500,148,619,450,-1.2652,0.60645
500,154.5,619,450,-1.1021,0.47966
500,161,619,450,-1.0747,0.42382
500,167.5,619,450,-1.0582,0.42128
500,174,619,450,-1.0312,0.54473
500,180.5,619,450,-0.83931,0.65098
500,187,619,450,-0.68857,0.6753
500,193.5,619,450,-0.52131,0.66495
500,200,619,450,-0.3388,0.62081
551,5,619,450,-0.25697,0.95406
551,11.5,619,450,-0.25697,0.95406
551,18,619,450,-0.23843,0.95454
551,24.5,619,450,-0.2182,0.95487
551,31,619,450,-0.18493,0.95485
551,37.5,619,450,-0.14528,0.95486
551,44,619,450,-0.093492,0.95477
551,50.5,619,450,-0.021045,0.95311
551,57,619,450,0.090003,0.94854
551,63.5,619,450,0.20319,0.9417
551,70,619,450,0.36566,0.93194
551,76.5,619,450,0.60445,0.91524
551,83,619,450,0.90799,0.89577
551,89.5,619,450,1.3398,0.87707
551,96,619,450,1.9196,0.85684
551,102.5,619,450,2.627,0.35864
551,109,619,450,3.0358,0.5984
551,115.5,619,450,-2.6126,0.70873
551,122,619,450,-2.1452,0.76086
551,128.5,619,450,-1.7371,0.76308
551,135,619,450,-1.4271,0.72356
551,141.5,619,450,-1.1615,0.69441
551,148,619,450,-0.84857,0.52194
551,154.5,619,450,-0.96763,0.32895
551,161,619,450,-0.97147,0.42524
551,167.5,619,450,-0.94708,0.64074
551,174,619,450,-0.70951,0.81176
551,180.5,619,450,-0.46738,0.84424
551,187,619,450,-0.29398,0.84346
551,193.5,619,450,-0.10408,0.80009
551,200,619,450,0.048019,0.67113
602,5,619,450,-0.2695,0.95817
602,11.5,619,450,-0.2695,0.95817
602,18,619,450,-0.24958,0.95823
602,24.5,619,450,-0.22769,0.95825
602,31,619,450,-0.19204,0.95794
602,37.5,619,450,-0.14931,0.95753
602,44,619,450,-0.093105,0.95708
602,50.5,619,450,-0.014836,0.9555
602,57,619,450,0.10549,0.95181
602,63.5,619,450,0.22848,0.94613
602,70,619,450,0.40668,0.93892
602,76.5,619,450,0.66933,0.92596
602,83,619,450,1.0039,0.90892
602,89.5,619,450,1.47,0.89081
602,96,619,450,2.0489,0.87077
602,102.5,619,450,2.6724,0.70019
602,109,619,450,-2.9271,0.83843
602,115.5,619,450,-2.2935,0.83064
602,122,619,450,-1.8591,0.76831
602,128.5,619,450,-1.5425,0.71837
602,135,619,450,-1.2725,0.72812
602,141.5,619,450,-0.99688,0.72727
602,148,619,450,-0.73969,0.46037
602,154.5,619,450,-0.75573,0.52421
602,161,619,450,-0.71292,0.57509
602,167.5,619,450,-0.52702,0.85381
602,174,619,450,-0.28319,0.93591
602,180.5,619,450,-0.033369,0.94584
602,187,619,450,0.14922,0.93304
602,193.5,619,450,0.33798,0.93617
602,200,619,450,0.55003,0.91554
653,5,619,450,-0.27212,0.96109
653,11.5,619,450,-0.27212,0.96109
653,18,619,450,-0.2509,0.96109
653,24.5,619,450,-0.22741,0.96133
653,31,619,450,-0.18933,0.96141
653,37.5,619,450,-0.14355,0.96133
653,44,619,450,-0.082837,0.96145
653,50.5,619,450,0.0016618,0.96098
653,57,619,450,0.13209,0.95903
653,63.5,619,450,0.26596,0.95491
653,70,619,450,0.46131,0.94929
653,76.5,619,450,0.74982,0.93673
653,83,619,450,1.1157,0.91663
653,89.5,619,450,1.6157,0.89376
653,96,619,450,2.1991,0.87317
653,102.5,619,450,2.9278,0.86921
653,109,619,450,-2.6976,0.86751
653,115.5,619,450,-2.1074,0.78418
653,122,619,450,-1.7465,0.72991
653,128.5,619,450,-1.4132,0.80608
653,135,619,450,-1.0813,0.83038
653,141.5,619,450,-0.78683,0.8129
653,148,619,450,-0.42536,0.7019
653,154.5,619,450,-0.26536,0.48238
653,161,619,450,-0.32161,0.51369
653,167.5,619,450,-0.070952,0.69734
653,174,619,450,0.18201,0.67084
653,180.5,619,450,0.34973,0.57399
653,187,619,450,0.42983,0.70792
653,193.5,619,450,0.68092,0.83756
653,200,619,450,0.9334,0.87627
704,5,619,450,-0.27459,0.95993
704,11.5,619,450,-0.27459,0.95993
704,18,619,450,-0.25195,0.96034
704,24.5,619,450,-0.22661,0.96107
704,31,619,450,-0.18581,0.9618
704,37.5,619,450,-0.13664,0.96243
704,44,619,450,-0.070955,0.96343
704,50.5,619,450,0.020426,0.96384
704,57,619,450,0.16184,0.96243
704,63.5,619,450,0.30705,0.95812
704,70,619,450,0.51977,0.95087
704,76.5,619,450,0.83292,0.93358
704,83,619,450,1.2275,0.90811
704,89.5,619,450,1.7613,0.88197
704,96,619,450,2.3854,0.8487
704,102.5,619,450,3.0743,0.85431
704,109,619,450,-2.5542,0.83838
704,115.5,619,450,-2.0187,0.80594
704,122,619,450,-1.5832,0.87048
704,128.5,619,450,-1.1435,0.8129
704,135,619,450,-0.79467,0.71187
704,141.5,619,450,-0.54522,0.64043
704,148,619,450,-0.078311,0.5251
704,154.5,619,450,-0.0011438,0.32337
704,161,619,450,0.017044,0.43373
704,167.5,619,450,0.33232,0.45425
704,174,619,450,0.46997,0.36712
704,180.5,619,450,0.43742,0.54035
704,187,619,450,0.74934,0.83677
704,193.5,619,450,1.0929,0.94363
704,200,619,450,1.3746,0.95292
755,5,619,450,-0.279,0.95598
755,11.5,619,450,-0.279,0.95598
755,18,619,450,-0.25476,0.95679
755,24.5,619,450,-0.22732,0.95781
755,31,619,450,-0.18351,0.95877
755,37.5,619,450,-0.13063,0.95975
755,44,619,450,-0.059648,0.96099
755,50.5,619,450,0.038778,0.96106
755,57,619,450,0.19085,0.95826
755,63.5,619,450,0.34675,0.95214
755,70,619,450,0.57495,0.94168
755,76.5,619,450,0.91015,0.92053
755,83,619,450,1.3311,0.89625
755,89.5,619,450,1.9023,0.87093
755,96,619,450,2.6048,0.79344
755,102.5,619,450,-3.0887,0.83546
755,109,619,450,-2.4267,0.81607
755,115.5,619,450,-1.7978,0.85254
755,122,619,450,-1.3356,0.75263
755,128.5,619,450,-0.90747,0.60165
755,135,619,450,-0.57418,0.49411
755,141.5,619,450,-0.35286,0.45893
755,148,619,450,0.1099,0.33594
755,154.5,619,450,0.18151,0.28286
755,161,619,450,0.57904,0.35994
755,167.5,619,450,0.81478,0.2063
755,174,619,450,0.66873,0.20132
755,180.5,619,450,0.89519,0.59929
755,187,619,450,1.3216,0.74036
755,193.5,619,450,1.6933,0.75052
755,200,619,450,1.9609,0.66926
806,5,619,450,-0.28523,0.95323
806,11.5,619,450,-0.28523,0.95323
806,18,619,450,-0.25924,0.95407
806,24.5,619,450,-0.22969,0.95485
806,31,619,450,-0.18292,0.95543
806,37.5,619,450,-0.12635,0.95609
806,44,619,450,-0.05019,0.95674
806,50.5,619,450,0.054764,0.95574
806,57,619,450,0.21646,0.95128
806,63.5,619,450,0.38202,0.94391
806,70,619,450,0.62459,0.93325
806,76.5,619,450,0.98001,0.91487
806,83,619,450,1.4299,0.89575
806,89.5,619,450,2.0444,0.87523
806,96,619,450,2.8386,0.74397
806,102.5,619,450,-2.9217,0.80169
806,109,619,450,-2.2384,0.68831
806,115.5,619,450,-1.6115,0.67475
806,122,619,450,-1.1448,0.59618
806,128.5,619,450,-0.67064,0.44531
806,135,619,450,-0.24418,0.3345
806,141.5,619,450,0.14867,0.18674
806,148,619,450,0.17573,0.17952
806,154.5,619,450,0.44443,0.2092
806,161,619,450,0.92077,0.1537
806,167.5,619,450,1.1079,0.1202
806,174,619,450,1.0333,0.17051
806,180.5,619,450,1.5544,0.40892
806,187,619,450,1.9656,0.40407
806,193.5,619,450,2.1737,0.30882
806,200,619,450,2.2512,0.47794
857,5,619,450,-0.29161,0.9543
857,11.5,619,450,-0.29161,0.9543
857,18,619,450,-0.2639,0.95486
857,24.5,619,450,-0.23252,0.95519
857,31,619,450,-0.18311,0.95516
857,37.5,619,450,-0.12314,0.95519
857,44,619,450,-0.042233,0.9551
857,50.5,619,450,0.06871,0.95337
857,57,619,450,0.23942,0.94904
857,63.5,619,450,0.41436,0.94229
857,70,619,450,0.67209,0.93475
857,76.5,619,450,1.0519,0.9223
857,83,619,450,1.5347,0.90836
857,89.5,619,450,2.1941,0.88668
857,96,619,450,3.0717,0.73351
857,102.5,619,450,-2.65,0.70821
857,109,619,450,-2.1559,0.5442
857,115.5,619,450,-1.423,0.55866
857,122,619,450,-0.85578,0.48249
857,128.5,619,450,-0.15753,0.27134
857,135,619,450,0.4776,0.058522
857,141.5,619,450,-0.94877,0.037978
857,148,619,450,0.16063,0.16214
857,154.5,619,450,0.72558,0.23936
857,161,619,450,1.504,0.16982
857,167.5,619,450,1.844,0.10285
857,174,619,450,1.8316,0.18628
857,180.5,619,450,2.4746,0.30486
857,187,619,450,2.8982,0.21784
857,193.5,619,450,2.683,0.17249
857,200,619,450,2.7197,0.28888
908,5,619,450,-0.29615,0.95816
908,11.5,619,450,-0.29615,0.95816
908,18,619,450,-0.26703,0.95838
908,24.5,619,450,-0.23398,0.95852
908,31,619,450,-0.18218,0.95826
908,37.5,619,450,-0.11908,0.95799
908,44,619,450,-0.033689,0.95776
908,50.5,619,450,0.083198,0.9566
908,57,619,450,0.26355,0.95405
908,63.5,619,450,0.44904,0.94969
908,70,619,450,0.72372,0.94513
908,76.5,619,450,1.1308,0.93448
908,83,619,450,1.6484,0.9161
908,89.5,619,450,2.3495,0.88285
908,96,619,450,-2.9865,0.75828
908,102.5,619,450,-2.2546,0.48029
908,109,619,450,-1.9723,0.49537
908,115.5,619,450,-1.0775,0.45976
908,122,619,450,-0.23962,0.27811
908,128.5,619,450,0.72479,0.016976
908,135,619,450,-0.76082,0.023511
908,141.5,619,450,-0.19475,0.070923
908,148,619,450,0.87444,0.12486
908,154.5,619,450,1.5219,0.18055
908,161,619,450,2.3501,0.2205
908,167.5,619,450,2.7359,0.21919
908,174,619,450,-3.0569,0.37841
908,180.5,619,450,-2.3472,0.32904
908,187,619,450,-1.6819,0.084105
908,193.5,619,450,3.026,0.029354
908,200,619,450,-3.0441,0.32163
959,5,619,450,-0.30854,0.96102
959,11.5,619,450,-0.30854,0.96102
959,18,619,450,-0.27816,0.96094
959,24.5,619,450,-0.24331,0.96149
959,31,619,450,-0.18905,0.96165
959,37.5,619,450,-0.1228,0.96168
959,44,619,450,-0.032761,0.96203
959,50.5,619,450,0.090622,0.96202
959,57,619,450,0.28173,0.96082
959,63.5,619,450,0.47888,0.95725
959,70,619,450,0.77173,0.95165
959,76.5,619,450,1.2048,0.93554
959,83,619,450,1.7516,0.90747
959,89.5,619,450,2.4875,0.87213
959,96,619,450,-2.7971,0.78831
959,102.5,619,450,-1.8865,0.24926
959,109,619,450,-1.6312,0.43404
959,115.5,619,450,-0.43331,0.28043
959,122,619,450,0.69832,0.025233
959,128.5,619,450,-0.74545,0.012955
959,135,619,450,0.44285,0.043869
959,141.5,619,450,1.5144,0.078016
959,148,619,450,2.5823,0.12506
959,154.5,619,450,2.6915,0.094823
959,161,619,450,-2.9849,0.29466
959,167.5,619,450,-2.5671,0.39025
959,174,619,450,-2.057,0.42471
959,180.5,619,450,-1.3232,0.28711
959,187,619,450,-0.77103,0.014981
959,193.5,619,450,-2.671,0.12166
959,200,619,450,-2.0211,0.25784
1010,5,619,450,-0.31095,0.95999
1010,11.5,619,450,-0.31095,0.95999
1010,18,619,450,-0.27905,0.96064
1010,24.5,619,450,-0.24229,0.96116
1010,31,619,450,-0.18527,0.96194
1010,37.5,619,450,-0.11561,0.96253
1010,44,619,450,-0.020535,0.96351
1010,50.5,619,450,0.10986,0.96391
1010,57,619,450,0.31205,0.96205
1010,63.5,619,450,0.52052,0.95663
1010,70,619,450,0.82995,0.94671
1010,76.5,619,450,1.2846,0.92383
1010,83,619,450,1.8561,0.89505
1010,89.5,619,450,2.6277,0.87022
1010,96,619,450,-2.6331,0.81787
1010,102.5,619,450,-1.5528,0.17444
1010,109,619,450,-1.0965,0.34371
1010,115.5,619,450,0.45247,0.094381
1010,122,619,450,-0.31257,0.0041535
1010,128.5,619,450,0.88254,0.04876
1010,135,619,450,2.0191,0.14502
1010,141.5,619,450,2.7228,0.23025
1010,148,619,450,-2.5941,0.27731
1010,154.5,619,450,-2.6798,0.10465
1010,161,619,450,-2.4288,0.28325
1010,167.5,619,450,-2.0053,0.51387
1010,174,619,450,-1.5252,0.46586
1010,180.5,619,450,-1.0117,0.13795
1010,187,619,450,-1.7304,0.20232
1010,193.5,619,450,-1.2559,0.4147
1010,200,619,450,-0.81761,0.21812
1061,5,619,450,-0.31486,0.9565
1061,11.5,619,450,-0.31486,0.9565
1061,18,619,450,-0.28136,0.95708
1061,24.5,619,450,-0.24262,0.95795
1061,31,619,450,-0.1826,0.95886
1061,37.5,619,450,-0.10929,0.95966
1061,44,619,450,-0.008988,0.96067
1061,50.5,619,450,0.12829,0.96028
1061,57,619,450,0.34067,0.95623
1061,63.5,619,450,0.5591,0.94863
1061,70,619,450,0.88228,0.93619
1061,76.5,619,450,1.3562,0.91482
1061,83,619,450,1.9559,0.89581
1061,89.5,619,450,2.7703,0.88
1061,96,619,450,-2.4945,0.83951
1061,102.5,619,450,-1.1746,0.18408
1061,109,619,450,-0.5008,0.28352
1061,115.5,619,450,0.93718,0.043436
1061,122,619,450,0.91503,0.053569
1061,128.5,619,450,2.0595,0.20118
1061,135,619,450,2.8685,0.30017
1061,141.5,619,450,3.1364,0.35904
1061,148,619,450,-2.2504,0.40523
1061,154.5,619,450,-2.315,0.28714
1061,161,619,450,-1.9742,0.56911
1061,167.5,619,450,-1.4769,0.64138
1061,174,619,450,-1.1901,0.43722
1061,180.5,619,450,-1.0773,0.51633
1061,187,619,450,-0.7345,0.62982
1061,193.5,619,450,-0.23167,0.50832
1061,200,619,450,-0.14379,0.18426
1112,5,619,450,-0.32088,0.95426
1112,11.5,619,450,-0.32088,0.95426
1112,18,619,450,-0.28585,0.95416
1112,24.5,619,450,-0.24505,0.95508
1112,31,619,450,-0.18212,0.95556
1112,37.5,619,450,-0.10518,0.95606
1112,44,619,450,0.00014848,0.95649
1112,50.5,619,450,0.14369,0.95509
1112,57,619,450,0.36511,0.94986
1112,63.5,619,450,0.59236,0.94209
1112,70,619,450,0.92957,0.9326
1112,76.5,619,450,1.4262,0.92
1112,83,619,450,2.0605,0.90894
1112,89.5,619,450,2.9206,0.8897
1112,96,619,450,-2.3437,0.84941
1112,102.5,619,450,-0.89696,0.2061
1112,109,619,450,-0.020143,0.33142
1112,115.5,619,450,1.0981,0.11009
1112,122,619,450,1.7558,0.18979
1112,128.5,619,450,2.6141,0.33929
1112,135,619,450,-3.0816,0.42481
1112,141.5,619,450,-2.8099,0.68344
1112,148,619,450,-2.1174,0.65976
1112,154.5,619,450,-1.761,0.72614
1112,161,619,450,-1.3042,0.67768
1112,167.5,619,450,-1.0259,0.45596
1112,174,619,450,-1.0271,0.45994
1112,180.5,619,450,-0.61016,0.73143
1112,187,619,450,-0.22664,0.73035
1112,193.5,619,450,0.16382,0.40181
1112,200,619,450,0.27104,0.32598
1163,5,619,450,-0.32833,0.95764
1163,11.5,619,450,-0.32833,0.95764
1163,18,619,450,-0.29156,0.95824
1163,24.5,619,450,-0.24876,0.95881
1163,31,619,450,-0.18322,0.9587
1163,37.5,619,450,-0.10289,0.95867
1163,44,619,450,0.0071095,0.95855
1163,50.5,619,450,0.15656,0.95693
1163,57,619,450,0.38706,0.9528
1163,63.5,619,450,0.62438,0.94724
1163,70,619,450,0.97795,0.942
1163,76.5,619,450,1.5021,0.93394
1163,83,619,450,2.172,0.91684
1163,89.5,619,450,3.0702,0.88498
1163,96,619,450,-2.1579,0.83776
1163,102.5,619,450,-0.85784,0.27059
1163,109,619,450,0.37375,0.49951
1163,115.5,619,450,1.4714,0.24317
1163,122,619,450,2.1435,0.31444
1163,128.5,619,450,2.8465,0.50997
1163,135,619,450,-2.8401,0.6966
1163,141.5,619,450,-2.339,0.85428
1163,148,619,450,-1.8075,0.88826
1163,154.5,619,450,-1.3399,0.82067
1163,161,619,450,-0.88098,0.46126
1163,167.5,619,450,-0.88354,0.4222
1163,174,619,450,-0.78815,0.72871
1163,180.5,619,450,-0.24483,0.90299
1163,187,619,450,0.13223,0.86909
1163,193.5,619,450,0.44813,0.8247
1163,200,619,450,0.79308,0.71387
1214,5,619,450,-0.33331,0.96142
1214,11.5,619,450,-0.33331,0.96142
1214,18,619,450,-0.29505,0.96162
1214,24.5,619,450,-0.25041,0.9619
1214,31,619,450,-0.18245,0.96168
1214,37.5,619,450,-0.098961,0.96147
1214,44,619,450,0.015639,0.96142
1214,50.5,619,450,0.17123,0.96066
1214,57,619,450,0.41189,0.95875
1214,63.5,619,450,0.66052,0.95563
1214,70,619,450,1.0328,0.95145
1214,76.5,619,450,1.5852,0.93851
1214,83,619,450,2.2844,0.90978
1214,89.5,619,450,-3.0678,0.87323
1214,96,619,450,-1.945,0.76822
1214,102.5,619,450,-0.77826,0.5722
1214,109,619,450,0.73436,0.64524
1214,115.5,619,450,1.6636,0.34315
1214,122,619,450,2.3287,0.53125
1214,128.5,619,450,3.1226,0.80393
1214,135,619,450,-2.4896,0.85229
1214,141.5,619,450,-1.9418,0.80937
1214,148,619,450,-1.6656,0.81663
1214,154.5,619,450,-1.092,0.86372
1214,161,619,450,-0.77184,0.5811
1214,167.5,619,450,-0.5187,0.46862
1214,174,619,450,-0.29135,0.82826
1214,180.5,619,450,0.23147,0.87469
1214,187,619,450,0.55365,0.88118
1214,193.5,619,450,0.96391,0.86503
1214,200,619,450,1.3891,0.76848
1265,5,619,450,-0.33613,0.96435
1265,11.5,619,450,-0.33613,0.96435
1265,18,619,450,-0.29651,0.96436
1265,24.5,619,450,-0.25017,0.96459
1265,31,619,450,-0.17968,0.96483
1265,37.5,619,450,-0.092963,0.96491
1265,44,619,450,0.026437,0.96537
1265,50.5,619,450,0.18877,0.96556
1265,57,619,450,0.44062,0.96441
1265,63.5,619,450,0.70128,0.96016
1265,70,619,450,1.0914,0.95254
1265,76.5,619,450,1.6663,0.92915
1265,83,619,450,2.3893,0.89845
1265,89.5,619,450,-2.9266,0.87263
1265,96,619,450,-1.7226,0.71408
1265,102.5,619,450,-0.48044,0.84766
1265,109,619,450,0.96938,0.65129
1265,115.5,619,450,1.7646,0.56447
1265,122,619,450,2.627,0.83347
1265,128.5,619,450,-2.8506,0.83602
1265,135,619,450,-2.283,0.79376
1265,141.5,619,450,-1.5985,0.68278
1265,148,619,450,-1.46,0.86248
1265,154.5,619,450,-0.83009,0.89575
1265,161,619,450,-0.21675,0.64597
1265,167.5,619,450,-0.14961,0.34735
1265,174,619,450,0.19739,0.566
1265,180.5,619,450,0.44308,0.49152
1265,187,619,450,0.82478,0.86253
1265,193.5,619,450,1.3227,0.90237
1265,200,619,450,1.7533,0.75338
1316,5,619,450,-0.34914,0.96362
1316,11.5,619,450,-0.34914,0.96362
1316,18,619,450,-0.30817,0.96387
1316,24.5,619,450,-0.26006,0.96429
1316,31,619,450,-0.18677,0.96497
1316,37.5,619,450,-0.096597,0.96552
1316,44,619,450,0.02788,0.96634
1316,50.5,619,450,0.19724,0.9664
1316,57,619,450,0.46,0.96359
1316,63.5,619,450,0.73135,0.95658
1316,70,619,450,1.1362,0.94332
1316,76.5,619,450,1.7294,0.91889
1316,83,619,450,2.4788,0.89852
1316,89.5,619,450,-2.7928,0.88361
1316,96,619,450,-1.5076,0.70205
1316,102.5,619,450,-0.29187,0.87062
1316,109,619,450,1.0313,0.6268
1316,115.5,619,450,2.0209,0.84718
1316,122,619,450,2.9011,0.84705
1316,128.5,619,450,-2.7035,0.76404
1316,135,619,450,-2.0763,0.86667
1316,141.5,619,450,-1.317,0.65321
1316,148,619,450,-1.188,0.71223
1316,154.5,619,450,-0.56229,0.64441
1316,161,619,450,0.18694,0.4044
1316,167.5,619,450,0.14656,0.31007
1316,174,619,450,0.59534,0.34155
1316,180.5,619,450,0.63779,0.60367
1316,187,619,450,1.2681,0.91455
1316,193.5,619,450,1.7833,0.93251
1316,200,619,450,2.2202,0.92059
1367,5,619,450,-0.35269,0.96007
1367,11.5,619,450,-0.35269,0.96007
1367,18,619,450,-0.31021,0.96065
1367,24.5,619,450,-0.26017,0.96142
1367,31,619,450,-0.1839,0.96205
1367,37.5,619,450,-0.09012,0.96266
1367,44,619,450,0.039473,0.96331
1367,50.5,619,450,0.21546,0.96241
1367,57,619,450,0.48781,0.95731
1367,63.5,619,450,0.76826,0.94822
1367,70,619,450,1.186,0.93544
1367,76.5,619,450,1.8001,0.91963
1367,83,619,450,2.5837,0.90978
1367,89.5,619,450,-2.6411,0.88911
1367,96,619,450,-1.2838,0.72528
1367,102.5,619,450,-0.16331,0.85536
1367,109,619,450,1.0933,0.82565
1367,115.5,619,450,2.2714,0.83552
1367,122,619,450,3.0609,0.76618
1367,128.5,619,450,-2.5032,0.84813
1367,135,619,450,-1.7455,0.68701
1367,141.5,619,450,-0.9617,0.4838
1367,148,619,450,-0.82453,0.47016
1367,154.5,619,450,-0.31909,0.46077
1367,161,619,450,0.50586,0.22735
1367,167.5,619,450,0.84689,0.26304
1367,174,619,450,1.0384,0.16209
1367,180.5,619,450,1.2225,0.55547
1367,187,619,450,1.8924,0.58369
1367,193.5,619,450,2.1825,0.59635
1367,200,619,450,2.5933,0.6665
1418,5,619,450,-0.35832,0.95715
1418,11.5,619,450,-0.35832,0.95715
1418,18,619,450,-0.3141,0.95795
1418,24.5,619,450,-0.26207,0.95879
1418,31,619,450,-0.18303,0.95902
1418,37.5,619,450,-0.085683,0.95929
1418,44,619,450,0.048795,0.95947
1418,50.5,619,450,0.23086,0.9577
1418,57,619,450,0.51187,0.95244
1418,63.5,619,450,0.80123,0.94497
1418,70,619,450,1.2338,0.93813
1418,76.5,619,450,1.8748,0.93097
1418,83,619,450,2.6962,0.91653
1418,89.5,619,450,-2.4907,0.8807
1418,96,619,450,-1.08,0.74785
1418,102.5,619,450,-0.02805,0.83932
1418,109,619,450,1.3052,0.83993
1418,115.5,619,450,2.426,0.74882
1418,122,619,450,-3.0808,0.77588
1418,128.5,619,450,-2.1848,0.64562
1418,135,619,450,-1.4889,0.45365
1418,141.5,619,450,-0.67669,0.33277
1418,148,619,450,-0.17986,0.2788
1418,154.5,619,450,0.30138,0.09932
1418,161,619,450,0.65718,0.069933
1418,167.5,619,450,1.0771,0.12907
1418,174,619,450,1.6373,0.10994
1418,180.5,619,450,1.9377,0.32614
1418,187,619,450,2.3931,0.21289
1418,193.5,619,450,2.6177,0.41566
1418,200,619,450,2.9742,0.81866
1469,5,619,450,-0.36468,0.95776
1469,11.5,619,450,-0.36468,0.95776
1469,18,619,450,-0.3188,0.95853
1469,24.5,619,450,-0.26473,0.95906
1469,31,619,450,-0.18325,0.95893
1469,37.5,619,450,-0.082595,0.95881
1469,44,619,450,0.056545,0.95879
1469,50.5,619,450,0.2445,0.9574
1469,57,619,450,0.53482,0.95435
1469,63.5,619,450,0.83468,0.95036
1469,70,619,450,1.2857,0.94801
1469,76.5,619,450,1.9562,0.93852
1469,83,619,450,2.8085,0.90931
1469,89.5,619,450,-2.3481,0.87173
1469,96,619,450,-0.91306,0.76972
1469,102.5,619,450,0.1846,0.78689
1469,109,619,450,1.4462,0.74883
1469,115.5,619,450,2.5886,0.67741
1469,122,619,450,-2.821,0.64948
1469,128.5,619,450,-1.9424,0.44727
1469,135,619,450,-1.1149,0.31622
1469,141.5,619,450,-0.21294,0.19996
1469,148,619,450,1.4982,0.11646
1469,154.5,619,450,-1.1967,0.053159
1469,161,619,450,0.56726,0.11592
1469,167.5,619,450,1.7666,0.20268
1469,174,619,450,2.3632,0.1249
1469,180.5,619,450,3.047,0.29392
1469,187,619,450,-3.0152,0.058505
1469,193.5,619,450,2.8979,0.27883
1469,200,619,450,-2.5794,0.5777
