500,5,607,450,-0.25942,0.95241
500,11.5,607,450,-0.25942,0.95241
500,18,607,450,-0.24212,0.9532
500,24.5,607,450,-0.22335,0.95404
500,31,607,450,-0.19183,0.95452
500,37.5,607,450,-0.15436,0.95501
500,44,607,450,-0.10554,0.95554
500,50.5,607,450,-0.036392,0.95431
500,57,607,450,0.070773,0.94939
500,63.5,607,450,0.18074,0.94107
500,70,607,450,0.33924,0.92906
500,76.5,607,450,0.57613,0.90665
500,83,607,450,0.88562,0.88043
500,89.5,607,450,1.3551,0.85472
500,96,607,450,2.1017,0.71032
500,102.5,607,450,2.5414,0.22769
500,109,607,450,3.029,0.35562
500,115.5,607,450,-2.666,0.43783
500,122,607,450,-2.2622,0.52304
500,128.5,607,450,-1.8785,0.61539
500,135,607,450,-1.5633,0.65216
500,141.5,607,450,-1.2905,0.63168
500,148,607,450,-1.0835,0.50551
500,154.5,607,450,-1.0392,0.40859
500,161,607,450,-1.0237,0.42681
500,167.5,607,450,-1.0089,0.51296
500,174,607,450,-0.85987,0.6428
500,180.5,607,450,-0.66012,0.68583
500,187,607,450,-0.50797,0.68734
500,193.5,607,450,-0.33074,0.64828
500,200,607,450,-0.1401,0.54351
551,5,607,450,-0.26547,0.95485
551,11.5,607,450,-0.26547,0.95485
551,18,607,450,-0.24654,0.95521
551,24.5,607,450,-0.22586,0.95556
551,31,607,450,-0.19167,0.95537
551,37.5,607,450,-0.15071,0.95508
551,44,607,450,-0.096964,0.95465
551,50.5,607,450,-0.021479,0.95243
551,57,607,450,0.095495,0.94682
551,63.5,607,450,0.21572,0.93837
551,70,607,450,0.39048,0.92696
551,76.5,607,450,0.65196,0.90775
551,83,607,450,0.99414,0.88647
551,89.5,607,450,1.4973,0.86843
551,96,607,450,2.2412,0.75548
551,102.5,607,450,2.6607,0.48594
551,109,607,450,-2.9318,0.66751
551,115.5,607,450,-2.3048,0.7308
551,122,607,450,-1.8766,0.73333
551,128.5,607,450,-1.5325,0.7118
551,135,607,450,-1.255,0.69708
551,141.5,607,450,-0.95289,0.64038
551,148,607,450,-0.878,0.32847
551,154.5,607,450,-0.95748,0.40349
551,161,607,450,-0.94217,0.56256
551,167.5,607,450,-0.73046,0.81627
551,174,607,450,-0.51059,0.8735
551,180.5,607,450,-0.288,0.88069
551,187,607,450,-0.11542,0.86468
551,193.5,607,450,0.059152,0.78719
551,200,607,450,0.18199,0.73688
602,5,607,450,-0.27802,0.95921
602,11.5,607,450,-0.27802,0.95921
602,18,607,450,-0.25773,0.95925
602,24.5,607,450,-0.23532,0.95943
602,31,607,450,-0.19869,0.95909
602,37.5,607,450,-0.15459,0.9585
602,44,607,450,-0.096254,0.95787
602,50.5,607,450,-0.014627,0.95601
602,57,607,450,0.1123,0.95159
602,63.5,607,450,0.24337,0.94464
602,70,607,450,0.43539,0.93611
602,76.5,607,450,0.72372,0.92048
602,83,607,450,1.0997,0.90094
602,89.5,607,450,1.6324,0.88249
602,96,607,450,2.3221,0.80987
602,102.5,607,450,2.9699,0.80481
602,109,607,450,-2.6213,0.83727
602,115.5,607,450,-2.0337,0.76674
602,122,607,450,-1.6737,0.69965
602,128.5,607,450,-1.3923,0.72102
602,135,607,450,-1.1107,0.75149
602,141.5,607,450,-0.78633,0.68088
602,148,607,450,-0.77058,0.53644
602,154.5,607,450,-0.63149,0.53881
602,161,607,450,-0.55331,0.7408
602,167.5,607,450,-0.29205,0.90012
602,174,607,450,-0.065157,0.91318
602,180.5,607,450,0.1623,0.88444
602,187,607,450,0.3223,0.88676
602,193.5,607,450,0.53217,0.90783
602,200,607,450,0.74704,0.85558
653,5,607,450,-0.28045,0.96112
653,11.5,607,450,-0.28045,0.96112
653,18,607,450,-0.25885,0.9612
653,24.5,607,450,-0.2347,0.96172
653,31,607,450,-0.19551,0.96187
653,37.5,607,450,-0.14819,0.96176
653,44,607,450,-0.085077,0.96186
653,50.5,607,450,0.0032267,0.9612
653,57,607,450,0.1412,0.95845
653,63.5,607,450,0.28411,0.95279
653,70,607,450,0.49494,0.94528
653,76.5,607,450,0.81151,0.92854
653,83,607,450,1.2206,0.90438
653,89.5,607,450,1.7839,0.88083
653,96,607,450,2.4285,0.86973
653,102.5,607,450,-3.0792,0.86691
653,109,607,450,-2.4274,0.83744
653,115.5,607,450,-1.9164,0.73824
653,122,607,450,-1.5863,0.77428
653,128.5,607,450,-1.215,0.83668
653,135,607,450,-0.88783,0.81824
653,141.5,607,450,-0.54437,0.8388
653,148,607,450,-0.31185,0.51694
653,154.5,607,450,-0.2478,0.41757
653,161,607,450,-0.14082,0.59636
653,167.5,607,450,0.13589,0.61378
653,174,607,450,0.30225,0.53743
653,180.5,607,450,0.37046,0.63771
653,187,607,450,0.5989,0.81932
653,193.5,607,450,0.87672,0.89434
653,200,607,450,1.1281,0.85971
704,5,607,450,-0.28353,0.95867
704,11.5,607,450,-0.28353,0.95867
704,18,607,450,-0.26042,0.95918
704,24.5,607,450,-0.23431,0.96009
704,31,607,450,-0.19222,0.96085
704,37.5,607,450,-0.1413,0.96145
704,44,607,450,-0.072913,0.96236
704,50.5,607,450,0.0227,0.96237
704,57,607,450,0.17227,0.95962
704,63.5,607,450,0.32736,0.95315
704,70,607,450,0.5566,0.94324
704,76.5,607,450,0.89926,0.92092
704,83,607,450,1.3385,0.89171
704,89.5,607,450,1.938,0.86433
704,96,607,450,2.5485,0.73728
704,102.5,607,450,-2.9398,0.85744
704,109,607,450,-2.3174,0.82638
704,115.5,607,450,-1.7856,0.8674
704,122,607,450,-1.3493,0.83826
704,128.5,607,450,-0.95069,0.7236
704,135,607,450,-0.65009,0.63161
704,141.5,607,450,-0.25128,0.69197
704,148,607,450,-0.082602,0.37011
704,154.5,607,450,-0.010871,0.3479
704,161,607,450,0.2542,0.4276
704,167.5,607,450,0.45614,0.3577
704,174,607,450,0.45038,0.37554
704,180.5,607,450,0.69173,0.75135
704,187,607,450,1.0359,0.89921
704,193.5,607,450,1.3521,0.94248
704,200,607,450,1.6221,0.9449
755,5,607,450,-0.28908,0.95446
755,11.5,607,450,-0.28908,0.95446
755,18,607,450,-0.26426,0.95533
755,24.5,607,450,-0.23601,0.95634
755,31,607,450,-0.19082,0.95716
755,37.5,607,450,-0.13603,0.95796
755,44,607,450,-0.062124,0.9589
755,50.5,607,450,0.040784,0.95825
755,57,607,450,0.20141,0.95376
755,63.5,607,450,0.36764,0.94526
755,70,607,450,0.61319,0.9323
755,76.5,607,450,0.97903,0.90785
755,83,607,450,1.4478,0.88146
755,89.5,607,450,2.0934,0.85605
755,96,607,450,2.5613,0.64745
755,102.5,607,450,-2.8152,0.8429
755,109,607,450,-2.1651,0.87308
755,115.5,607,450,-1.5566,0.76904
755,122,607,450,-1.1433,0.67058
755,128.5,607,450,-0.75491,0.52987
755,135,607,450,-0.44202,0.44901
755,141.5,607,450,-0.033209,0.38269
755,148,607,450,0.097971,0.30465
755,154.5,607,450,0.4026,0.34509
755,161,607,450,0.76963,0.18977
755,167.5,607,450,0.69794,0.15696
755,174,607,450,0.73912,0.34023
755,180.5,607,450,1.2661,0.60584
755,187,607,450,1.6386,0.61794
755,193.5,607,450,1.9262,0.55112
755,200,607,450,2.074,0.61748
806,5,607,450,-0.29612,0.95288
806,11.5,607,450,-0.29612,0.95288
806,18,607,450,-0.26953,0.95365
806,24.5,607,450,-0.23922,0.95438
806,31,607,450,-0.19106,0.95469
806,37.5,607,450,-0.13251,0.95504
806,44,607,450,-0.053312,0.95525
806,50.5,607,450,0.056301,0.95339
806,57,607,450,0.22687,0.94754
806,63.5,607,450,0.40323,0.93858
806,70,607,450,0.66456,0.92676
806,76.5,607,450,1.0543,0.90765
806,83,607,450,1.5576,0.88789
806,89.5,607,450,2.2561,0.85976
806,96,607,450,2.6596,0.63044
806,102.5,607,450,-2.618,0.77618
806,109,607,450,-1.9965,0.7065
806,115.5,607,450,-1.3935,0.61545
806,122,607,450,-0.93938,0.53457
806,128.5,607,450,-0.44895,0.37111
806,135,607,450,0.031036,0.19204
806,141.5,607,450,-0.23265,0.19534
806,148,607,450,0.24023,0.20943
806,154.5,607,450,0.7781,0.2164
806,161,607,450,1.119,0.12317
806,167.5,607,450,1.0962,0.10768
806,174,607,450,1.3662,0.25434
806,180.5,607,450,1.935,0.32261
806,187,607,450,2.2054,0.26334
806,193.5,607,450,2.2151,0.35022
806,200,607,450,2.4788,0.48949
857,5,607,450,-0.30248,0.95543
857,11.5,607,450,-0.30248,0.95543
857,18,607,450,-0.27419,0.95575
857,24.5,607,450,-0.24205,0.95623
857,31,607,450,-0.19127,0.95603
857,37.5,607,450,-0.12928,0.95577
857,44,607,450,-0.045238,0.95534
857,50.5,607,450,0.070545,0.95324
857,57,607,450,0.25083,0.94815
857,63.5,607,450,0.43779,0.94055
857,70,607,450,0.71606,0.93216
857,76.5,607,450,1.1332,0.91928
857,83,607,450,1.6757,0.89956
857,89.5,607,450,2.4251,0.86588
857,96,607,450,2.8536,0.58649
857,102.5,607,450,-2.4262,0.42645
857,109,607,450,-1.8516,0.59867
857,115.5,607,450,-1.1506,0.50432
857,122,607,450,-0.52506,0.35622
857,128.5,607,450,0.078614,0.071493
857,135,607,450,-0.63676,0.039852
857,141.5,607,450,-0.079514,0.21981
857,148,607,450,0.58345,0.20452
857,154.5,607,450,1.3475,0.20127
857,161,607,450,1.9441,0.12051
857,167.5,607,450,1.9886,0.12273
857,174,607,450,2.5035,0.25236
857,180.5,607,450,-3.1342,0.20819
857,187,607,450,-3.0864,0.073714
857,193.5,607,450,2.854,0.13881
857,200,607,450,2.9101,0.42022
908,5,607,450,-0.3064,0.95947
908,11.5,607,450,-0.3064,0.95947
908,18,607,450,-0.27671,0.95956
908,24.5,607,450,-0.24281,0.96002
908,31,607,450,-0.18957,0.95984
908,37.5,607,450,-0.12437,0.95943
908,44,607,450,-0.035644,0.9591
908,50.5,607,450,0.086534,0.95787
908,57,607,450,0.27747,0.95477
908,63.5,607,450,0.47622,0.9495
908,70,607,450,0.77379,0.94301
908,76.5,607,450,1.2215,0.92766
908,83,607,450,1.7991,0.90138
908,89.5,607,450,2.5928,0.85891
908,96,607,450,3.1312,0.53286
908,102.5,607,450,-2.4862,0.33921
908,109,607,450,-1.5886,0.51345
908,115.5,607,450,-0.63406,0.30353
908,122,607,450,-0.062937,0.035622
908,128.5,607,450,-0.73136,0.044152
908,135,607,450,-0.023806,0.065684
908,141.5,607,450,0.73907,0.11573
908,148,607,450,1.6152,0.097824
908,154.5,607,450,2.2323,0.17593
908,161,607,450,2.9564,0.22558
908,167.5,607,450,-2.8521,0.33233
908,174,607,450,-2.2828,0.33824
908,180.5,607,450,-1.4808,0.16102
908,187,607,450,-1.3441,0.0025188
908,193.5,607,450,3.0861,0.11067
908,200,607,450,-2.5373,0.29176
959,5,607,450,-0.3191,0.96106
959,11.5,607,450,-0.3191,0.96106
959,18,607,450,-0.28819,0.96109
959,24.5,607,450,-0.25231,0.96185
959,31,607,450,-0.1964,0.96217
959,37.5,607,450,-0.12788,0.96221
959,44,607,450,-0.0342,0.96256
959,50.5,607,450,0.095023,0.96233
959,57,607,450,0.29761,0.96012
959,63.5,607,450,0.50888,0.95435
959,70,607,450,0.8257,0.94503
959,76.5,607,450,1.3,0.92242
959,83,607,450,1.9081,0.88788
959,89.5,607,450,2.7432,0.85391
959,96,607,450,-2.819,0.52734
959,102.5,607,450,-2.2667,0.33369
959,109,607,450,-1.1157,0.37184
959,115.5,607,450,0.07502,0.034034
959,122,607,450,-0.87762,0.040366
959,128.5,607,450,0.26756,0.057052
959,135,607,450,1.5447,0.083884
959,141.5,607,450,2.6357,0.14915
959,148,607,450,-2.8815,0.084155
959,154.5,607,450,-3.0154,0.18119
959,161,607,450,-2.5325,0.30551
959,167.5,607,450,-2.013,0.41599
959,174,607,450,-1.5049,0.36145
959,180.5,607,450,-0.75188,0.071706
959,187,607,450,-2.3699,0.04609
959,193.5,607,450,-1.8973,0.21424
959,200,607,450,-1.666,0.16078
1010,5,607,450,-0.32215,0.95859
1010,11.5,607,450,-0.32215,0.95859
1010,18,607,450,-0.2895,0.95917
1010,24.5,607,450,-0.25177,0.95982
1010,31,607,450,-0.19289,0.96061
1010,37.5,607,450,-0.12075,0.96116
1010,44,607,450,-0.021738,0.96201
1010,50.5,607,450,0.11485,0.96173
1010,57,607,450,0.3289,0.95805
1010,63.5,607,450,0.55179,0.94981
1010,70,607,450,0.88522,0.93615
1010,76.5,607,450,1.3817,0.90918
1010,83,607,450,2.0173,0.88119
1010,89.5,607,450,2.8947,0.85962
1010,96,607,450,-2.4403,0.60323
1010,102.5,607,450,-1.8348,0.28742
1010,109,607,450,-0.40778,0.19574
1010,115.5,607,450,-0.69604,0.0086041
1010,122,607,450,0.27759,0.056212
1010,128.5,607,450,1.8218,0.12937
1010,135,607,450,2.7664,0.21685
1010,141.5,607,450,-2.7014,0.34791
1010,148,607,450,-2.1208,0.15296
1010,154.5,607,450,-2.3806,0.23149
1010,161,607,450,-2.0396,0.50124
1010,167.5,607,450,-1.5361,0.52136
1010,174,607,450,-1.1621,0.33023
1010,180.5,607,450,-1.3575,0.27349
1010,187,607,450,-1.0345,0.45765
1010,193.5,607,450,-0.53145,0.339
1010,200,607,450,-0.6163,0.15108
1061,5,607,450,-0.32722,0.95477
1061,11.5,607,450,-0.32722,0.95477
1061,18,607,450,-0.29303,0.95527
1061,24.5,607,450,-0.25321,0.95618
1061,31,607,450,-0.19129,0.95683
1061,37.5,607,450,-0.11537,0.95747
1061,44,607,450,-0.010945,0.95809
1061,50.5,607,450,0.13263,0.95677
1061,57,607,450,0.35694,0.95111
1061,63.5,607,450,0.59008,0.9412
1061,70,607,450,0.938,0.92712
1061,76.5,607,450,1.457,0.90648
1061,83,607,450,2.1276,0.89017
1061,89.5,607,450,3.0519,0.86976
1061,96,607,450,-2.0812,0.69071
1061,102.5,607,450,-1.3192,0.25369
1061,109,607,450,0.24569,0.11826
1061,115.5,607,450,0.50676,0.047035
1061,122,607,450,1.6403,0.13865
1061,128.5,607,450,2.6831,0.2668
1061,135,607,450,-3.0212,0.31344
1061,141.5,607,450,-2.413,0.50276
1061,148,607,450,-2.1094,0.28902
1061,154.5,607,450,-1.9058,0.5349
1061,161,607,450,-1.4443,0.64942
1061,167.5,607,450,-1.1175,0.51105
1061,174,607,450,-1.025,0.51218
1061,180.5,607,450,-0.64183,0.64537
1061,187,607,450,-0.24413,0.61138
1061,193.5,607,450,0.10171,0.26395
1061,200,607,450,0.12093,0.17726
1112,5,607,450,-0.33399,0.95375
1112,11.5,607,450,-0.33399,0.95375
1112,18,607,450,-0.29847,0.95384
1112,24.5,607,450,-0.25652,0.95468
1112,31,607,450,-0.19175,0.95481
1112,37.5,607,450,-0.11216,0.95503
1112,44,607,450,-0.0026193,0.95505
1112,50.5,607,450,0.14734,0.95288
1112,57,607,450,0.38113,0.94714
1112,63.5,607,450,0.62401,0.93843
1112,70,607,450,0.98832,0.92954
1112,76.5,607,450,1.5349,0.91742
1112,83,607,450,2.2465,0.90201
1112,89.5,607,450,-3.0686,0.87124
1112,96,607,450,-1.8197,0.76618
1112,102.5,607,450,-0.87355,0.3095
1112,109,607,450,0.6475,0.16453
1112,115.5,607,450,1.4294,0.16459
1112,122,607,450,2.2937,0.25471
1112,128.5,607,450,3.0004,0.39955
1112,135,607,450,-2.792,0.53846
1112,141.5,607,450,-2.2187,0.77166
1112,148,607,450,-1.7511,0.78735
1112,154.5,607,450,-1.3142,0.73415
1112,161,607,450,-0.99065,0.44528
1112,167.5,607,450,-0.96571,0.42098
1112,174,607,450,-0.7306,0.73854
1112,180.5,607,450,-0.24773,0.79072
1112,187,607,450,0.13958,0.63838
1112,193.5,607,450,0.29629,0.5218
1112,200,607,450,0.50836,0.43338
1163,5,607,450,-0.34151,0.95944
1163,11.5,607,450,-0.34151,0.95944
1163,18,607,450,-0.30393,0.95984
1163,24.5,607,450,-0.26002,0.96026
1163,31,607,450,-0.19265,0.96004
1163,37.5,607,450,-0.10963,0.95978
1163,44,607,450,0.0047108,0.95944
1163,50.5,607,450,0.16094,0.95753
1163,57,607,450,0.40493,0.95351
1163,63.5,607,450,0.65932,0.94751
1163,70,607,450,1.0427,0.94198
1163,76.5,607,450,1.6206,0.92848
1163,83,607,450,2.3676,0.90119
1163,89.5,607,450,-2.9111,0.86482
1163,96,607,450,-1.6478,0.82191
1163,102.5,607,450,-0.48482,0.50378
1163,109,607,450,1.0093,0.28334
1163,115.5,607,450,1.848,0.28119
1163,122,607,450,2.5297,0.42088
1163,128.5,607,450,-3.0453,0.69712
1163,135,607,450,-2.4083,0.83204
1163,141.5,607,450,-1.9022,0.82735
1163,148,607,450,-1.4455,0.87109
1163,154.5,607,450,-0.95976,0.70996
1163,161,607,450,-0.86814,0.46427
1163,167.5,607,450,-0.77168,0.63125
1163,174,607,450,-0.32946,0.93037
1163,180.5,607,450,0.14121,0.95335
1163,187,607,450,0.49509,0.94068
1163,193.5,607,450,0.90103,0.84247
1163,200,607,450,1.3147,0.67559
1214,5,607,450,-0.34564,0.96347
1214,11.5,607,450,-0.34564,0.96347
1214,18,607,450,-0.30665,0.96355
1214,24.5,607,450,-0.26091,0.9637
1214,31,607,450,-0.19099,0.96364
1214,37.5,607,450,-0.10468,0.96338
1214,44,607,450,0.014492,0.96331
1214,50.5,607,450,0.17745,0.96247
1214,57,607,450,0.43285,0.96021
1214,63.5,607,450,0.69976,0.95509
1214,70,607,450,1.1035,0.948
1214,76.5,607,450,1.7093,0.92491
1214,83,607,450,2.4846,0.88888
1214,89.5,607,450,-2.7568,0.85584
1214,96,607,450,-1.5303,0.857
1214,102.5,607,450,-0.10681,0.72024
1214,109,607,450,1.2387,0.34446
1214,115.5,607,450,2.0061,0.47026
1214,122,607,450,2.8017,0.75577
1214,128.5,607,450,-2.6983,0.86206
1214,135,607,450,-2.1178,0.83816
1214,141.5,607,450,-1.7388,0.69921
1214,148,607,450,-1.2431,0.93577
1214,154.5,607,450,-0.75067,0.75408
1214,161,607,450,-0.37428,0.52507
1214,167.5,607,450,-0.29065,0.64544
1214,174,607,450,0.16818,0.73738
1214,180.5,607,450,0.48321,0.7449
1214,187,607,450,0.87694,0.88111
1214,193.5,607,450,1.3266,0.84117
1214,200,607,450,1.7375,0.56343
1265,5,607,450,-0.34806,0.96471
1265,11.5,607,450,-0.34806,0.96471
1265,18,607,450,-0.30772,0.96473
1265,24.5,607,450,-0.26023,0.96501
1265,31,607,450,-0.18753,0.96541
1265,37.5,607,450,-0.09778,0.96552
1265,44,607,450,0.026495,0.96594
1265,50.5,607,450,0.19672,0.96563
1265,57,607,450,0.46397,0.96278
1265,63.5,607,450,0.7434,0.95546
1265,70,607,450,1.1645,0.94246
1265,76.5,607,450,1.7922,0.91359
1265,83,607,450,2.595,0.88482
1265,89.5,607,450,-2.6008,0.86476
1265,96,607,450,-1.421,0.88717
1265,102.5,607,450,0.16249,0.7992
1265,109,607,450,1.2539,0.44495
1265,115.5,607,450,2.2688,0.7989
1265,122,607,450,3.1259,0.86542
1265,128.5,607,450,-2.4958,0.81538
1265,135,607,450,-1.8916,0.85929
1265,141.5,607,450,-1.4928,0.63972
1265,148,607,450,-0.96069,0.89424
1265,154.5,607,450,-0.39564,0.79809
1265,161,607,450,0.016391,0.31376
1265,167.5,607,450,0.13442,0.45512
1265,174,607,450,0.4553,0.39442
1265,180.5,607,450,0.73305,0.80915
1265,187,607,450,1.2519,0.94622
1265,193.5,607,450,1.7116,0.92119
1265,200,607,450,2.0899,0.88688
1316,5,607,450,-0.36249,0.96192
1316,11.5,607,450,-0.36249,0.96192
1316,18,607,450,-0.32067,0.96233
1316,24.5,607,450,-0.27133,0.96289
1316,31,607,450,-0.19567,0.9635
1316,37.5,607,450,-0.10226,0.96393
1316,44,607,450,0.027327,0.96449
1316,50.5,607,450,0.20478,0.96355
1316,57,607,450,0.4829,0.95819
1316,63.5,607,450,0.77282,0.94803
1316,70,607,450,1.2086,0.93224
1316,76.5,607,450,1.8573,0.90864
1316,83,607,450,2.6944,0.89313
1316,89.5,607,450,-2.4476,0.86959
1316,96,607,450,-1.2715,0.85585
1316,102.5,607,450,0.30962,0.80823
1316,109,607,450,1.3749,0.76494
1316,115.5,607,450,2.5413,0.86512
1316,122,607,450,-2.9897,0.80948
1316,128.5,607,450,-2.3067,0.87462
1316,135,607,450,-1.6267,0.74364
1316,141.5,607,450,-1.2207,0.4424
1316,148,607,450,-0.70254,0.54972
1316,154.5,607,450,-0.062306,0.57574
1316,161,607,450,0.21603,0.23291
1316,167.5,607,450,0.65874,0.29822
1316,174,607,450,0.66775,0.24395
1316,180.5,607,450,1.2413,0.76981
1316,187,607,450,1.7932,0.76154
1316,193.5,607,450,2.2,0.77997
1316,200,607,450,2.5895,0.78401
1367,5,607,450,-0.36745,0.95812
1367,11.5,607,450,-0.36745,0.95812
1367,18,607,450,-0.32401,0.95887
1367,24.5,607,450,-0.27259,0.95969
1367,31,607,450,-0.19399,0.96
1367,37.5,607,450,-0.096903,0.96033
1367,44,607,450,0.037938,0.96056
1367,50.5,607,450,0.22209,0.95851
1367,57,607,450,0.50967,0.95171
1367,63.5,607,450,0.80909,0.94186
1367,70,607,450,1.2598,0.93024
1367,76.5,607,450,1.9352,0.91746
1367,83,607,450,2.8143,0.90324
1367,89.5,607,450,-2.2826,0.86815
1367,96,607,450,-1.0671,0.608
1367,102.5,607,450,0.40129,0.81833
1367,109,607,450,1.6295,0.87172
1367,115.5,607,450,2.6995,0.8032
1367,122,607,450,-2.8353,0.86881
1367,128.5,607,450,-2.0087,0.70224
1367,135,607,450,-1.3968,0.52008
1367,141.5,607,450,-0.91327,0.30247
1367,148,607,450,-0.38452,0.30776
1367,154.5,607,450,0.30547,0.2401
1367,161,607,450,0.70193,0.17687
1367,167.5,607,450,1.0267,0.1128
1367,174,607,450,1.0503,0.19206
1367,180.5,607,450,1.8672,0.40033
1367,187,607,450,2.1039,0.35173
1367,193.5,607,450,2.5637,0.52826
1367,200,607,450,2.9671,0.8439
1418,5,607,450,-0.37408,0.95706
1418,11.5,607,450,-0.37408,0.95706
1418,18,607,450,-0.32884,0.95774
1418,24.5,607,450,-0.27536,0.95856
1418,31,607,450,-0.19403,0.95856
1418,37.5,607,450,-0.093386,0.95853
1418,44,607,450,0.046455,0.95837
1418,50.5,607,450,0.23676,0.9561
1418,57,607,450,0.5339,0.95065
1418,63.5,607,450,0.84381,0.94389
1418,70,607,450,1.313,0.93859
1418,76.5,607,450,2.0208,0.92851
1418,83,607,450,2.9368,0.89989
1418,89.5,607,450,-2.1255,0.85622
1418,96,607,450,-1.028,0.35995
1418,102.5,607,450,0.53498,0.87052
1418,109,607,450,1.7923,0.80944
1418,115.5,607,450,2.8287,0.80708
1418,122,607,450,-2.5609,0.73012
1418,128.5,607,450,-1.7863,0.48345
1418,135,607,450,-1.0861,0.35412
1418,141.5,607,450,-0.3459,0.20864
1418,148,607,450,0.83786,0.0094587
1418,154.5,607,450,-0.037511,0.07576
1418,161,607,450,0.92121,0.14292
1418,167.5,607,450,1.7257,0.11409
1418,174,607,450,1.8378,0.16072
1418,180.5,607,450,2.6738,0.18013
1418,187,607,450,2.6648,0.21877
1418,193.5,607,450,2.8793,0.48188
1418,200,607,450,-2.722,0.78859
1469,5,607,450,-0.38028,0.95964
1469,11.5,607,450,-0.38028,0.95964
1469,18,607,450,-0.33334,0.96013
1469,24.5,607,450,-0.27789,0.96052
1469,31,607,450,-0.19405,0.96062
1469,37.5,607,450,-0.090032,0.96042
1469,44,607,450,0.054683,0.96026
1469,50.5,607,450,0.25141,0.95887
1469,57,607,450,0.55937,0.95611
1469,63.5,607,450,0.88178,0.95189
1469,70,607,450,1.3719,0.94713
1469,76.5,607,450,2.1095,0.92652
1469,83,607,450,3.0526,0.88765
1469,89.5,607,450,-1.9715,0.85762
1469,96,607,450,-0.98016,0.2987
1469,102.5,607,450,0.65394,0.72646
1469,109,607,450,1.9395,0.74878
1469,115.5,607,450,3.0717,0.70054
1469,122,607,450,-2.3693,0.54263
1469,128.5,607,450,-1.4457,0.34365
1469,135,607,450,-0.24134,0.14336
1469,141.5,607,450,0.64278,0.05637
1469,148,607,450,-1.8007,0.059228
1469,154.5,607,450,0.35119,0.092941
1469,161,607,450,1.7243,0.1798
1469,167.5,607,450,2.6577,0.18733
1469,174,607,450,-3.0285,0.31683
1469,180.5,607,450,-1.809,0.087574
1469,187,607,450,2.9016,0.045899
1469,193.5,607,450,-2.6256,0.3081
1469,200,607,450,-2.2598,0.49895
