500,5,634,450,-0.24108,0.95355
500,11.5,634,450,-0.24108,0.95355
500,18,634,450,-0.22465,0.95448
500,24.5,634,450,-0.20693,0.95545
500,31,634,450,-0.17739,0.9564
500,37.5,634,450,-0.14258,0.95745
500,44,634,450,-0.097722,0.95876
500,50.5,634,450,-0.03479,0.95926
500,57,634,450,0.060964,0.95771
500,63.5,634,450,0.15754,0.95368
500,70,634,450,0.29403,0.94709
500,76.5,634,450,0.49012,0.93281
500,83,634,450,0.73055,0.91471
500,89.5,634,450,1.0651,0.89274
500,96,634,450,1.5002,0.87407
500,102.5,634,450,2.2647,0.77134
500,109,634,450,2.6038,0.23843
500,115.5,634,450,3.0058,0.38549
500,122,634,450,-2.8443,0.44846
500,128.5,634,450,-2.4058,0.53591
500,135,634,450,-2.0659,0.59804
500,141.5,634,450,-1.7927,0.64086
500,148,634,450,-1.5461,0.66447
500,154.5,634,450,-1.3093,0.61734
500,161,634,450,-1.1329,0.4894
500,167.5,634,450,-1.0994,0.39725
500,174,634,450,-1.1549,0.40714
500,180.5,634,450,-1.0796,0.57061
500,187,634,450,-0.92978,0.64754
500,193.5,634,450,-0.76326,0.67553
500,200,634,450,-0.59498,0.67688
551,5,634,450,-0.24674,0.95354
551,11.5,634,450,-0.24674,0.95354
551,18,634,450,-0.22868,0.95414
551,24.5,634,450,-0.20898,0.95461
551,31,634,450,-0.17677,0.95488
551,37.5,634,450,-0.13859,0.95521
551,44,634,450,-0.089014,0.95555
551,50.5,634,450,-0.020153,0.95486
551,57,634,450,0.084399,0.95201
551,63.5,634,450,0.19006,0.94701
551,70,634,450,0.33978,0.93972
551,76.5,634,450,0.55557,0.92686
551,83,634,450,0.82172,0.91188
551,89.5,634,450,1.19,0.89364
551,96,634,450,1.6568,0.87922
551,102.5,634,450,2.4243,0.79789
551,109,634,450,2.7109,0.46178
551,115.5,634,450,-2.9775,0.6459
551,122,634,450,-2.4982,0.73468
551,128.5,634,450,-2.0465,0.80456
551,135,634,450,-1.6739,0.79836
551,141.5,634,450,-1.3859,0.74294
551,148,634,450,-1.1155,0.69814
551,154.5,634,450,-0.83141,0.44074
551,161,634,450,-1.0348,0.37388
551,167.5,634,450,-1.0291,0.39442
551,174,634,450,-0.98847,0.65871
551,180.5,634,450,-0.69559,0.79862
551,187,634,450,-0.5146,0.81339
551,193.5,634,450,-0.32867,0.80169
551,200,634,450,-0.12933,0.74711
602,5,634,450,-0.25914,0.95693
602,11.5,634,450,-0.25914,0.95693
602,18,634,450,-0.23965,0.95704
602,24.5,634,450,-0.21829,0.95701
602,31,634,450,-0.18375,0.95685
602,37.5,634,450,-0.14255,0.95663
602,44,634,450,-0.088719,0.9564
602,50.5,634,450,-0.014378,0.95547
602,57,634,450,0.098654,0.95294
602,63.5,634,450,0.21319,0.94878
602,70,634,450,0.3769,0.9436
602,76.5,634,450,0.61347,0.93412
602,83,634,450,0.90727,0.92246
602,89.5,634,450,1.309,0.9059
602,96,634,450,1.7996,0.88655
602,102.5,634,450,2.5185,0.82357
602,109,634,450,2.9927,0.79126
602,115.5,634,450,-2.6467,0.85758
602,122,634,450,-2.1596,0.85552
602,128.5,634,450,-1.7469,0.78033
602,135,634,450,-1.4592,0.7212
602,141.5,634,450,-1.2087,0.72396
602,148,634,450,-0.91139,0.6866
602,154.5,634,450,-0.84238,0.36688
602,161,634,450,-0.76751,0.49499
602,167.5,634,450,-0.81809,0.621
602,174,634,450,-0.56883,0.88854
602,180.5,634,450,-0.28749,0.95023
602,187,634,450,-0.095546,0.95536
602,193.5,634,450,0.10138,0.94359
602,200,634,450,0.28166,0.93616
653,5,634,450,-0.2622,0.96055
653,11.5,634,450,-0.2622,0.96055
653,18,634,450,-0.24142,0.96052
653,24.5,634,450,-0.21856,0.96044
653,31,634,450,-0.18174,0.96049
653,37.5,634,450,-0.13765,0.9604
653,44,634,450,-0.07961,0.96052
653,50.5,634,450,0.00043401,0.96052
653,57,634,450,0.12265,0.95974
653,63.5,634,450,0.24687,0.95714
653,70,634,450,0.42585,0.95406
653,76.5,634,450,0.68544,0.9464
653,83,634,450,1.0078,0.93352
653,89.5,634,450,1.4433,0.9141
653,96,634,450,1.9569,0.88999
653,102.5,634,450,2.6261,0.8732
653,109,634,450,-3.0246,0.88168
653,115.5,634,450,-2.3989,0.85091
653,122,634,450,-1.9482,0.77798
653,128.5,634,450,-1.6334,0.74636
653,135,634,450,-1.3174,0.80564
653,141.5,634,450,-1.0167,0.8155
653,148,634,450,-0.74079,0.78215
653,154.5,634,450,-0.43889,0.70348
653,161,634,450,-0.32245,0.43154
653,167.5,634,450,-0.36523,0.63292
653,174,634,450,-0.085444,0.78568
653,180.5,634,450,0.20924,0.76649
653,187,634,450,0.3751,0.66441
653,193.5,634,450,0.47693,0.77587
653,200,634,450,0.69942,0.80999
704,5,634,450,-0.26434,0.96096
704,11.5,634,450,-0.26434,0.96096
704,18,634,450,-0.24226,0.96126
704,24.5,634,450,-0.21772,0.96166
704,31,634,450,-0.17839,0.96235
704,37.5,634,450,-0.13115,0.9629
704,44,634,450,-0.068511,0.96392
704,50.5,634,450,0.017883,0.96501
704,57,634,450,0.15017,0.96525
704,63.5,634,450,0.28486,0.96322
704,70,634,450,0.47987,0.95962
704,76.5,634,450,0.76244,0.94882
704,83,634,450,1.1112,0.93101
704,89.5,634,450,1.5793,0.90706
704,96,634,450,2.1248,0.88264
704,102.5,634,450,2.7925,0.70991
704,109,634,450,-2.8543,0.85401
704,115.5,634,450,-2.2529,0.78778
704,122,634,450,-1.8666,0.78649
704,128.5,634,450,-1.4256,0.87774
704,135,634,450,-1.0308,0.83173
704,141.5,634,450,-0.69935,0.72628
704,148,634,450,-0.49217,0.70381
704,154.5,634,450,0.020944,0.54503
704,161,634,450,-0.072947,0.29062
704,167.5,634,450,0.041302,0.51591
704,174,634,450,0.35514,0.50516
704,180.5,634,450,0.491,0.3568
704,187,634,450,0.42842,0.5738
704,193.5,634,450,0.77011,0.87201
704,200,634,450,1.0902,0.92421
755,5,634,450,-0.26759,0.9579
755,11.5,634,450,-0.26759,0.9579
755,18,634,450,-0.24402,0.95861
755,24.5,634,450,-0.21751,0.95954
755,31,634,450,-0.17534,0.96066
755,37.5,634,450,-0.12461,0.96174
755,44,634,450,-0.056953,0.96324
755,50.5,634,450,0.036157,0.9644
755,57,634,450,0.17865,0.9638
755,63.5,634,450,0.32351,0.96044
755,70,634,450,0.53324,0.95368
755,76.5,634,450,0.83639,0.93925
755,83,634,450,1.2089,0.91685
755,89.5,634,450,1.7086,0.89488
755,96,634,450,2.2964,0.86966
755,102.5,634,450,2.7631,0.57953
755,109,634,450,-2.712,0.82203
755,115.5,634,450,-2.1465,0.7963
755,122,634,450,-1.6208,0.86491
755,128.5,634,450,-1.1303,0.73978
755,135,634,450,-0.73976,0.61147
755,141.5,634,450,-0.44638,0.46811
755,148,634,450,-0.31348,0.5578
755,154.5,634,450,0.29016,0.33221
755,161,634,450,0.13968,0.30323
755,167.5,634,450,0.58531,0.4177
755,174,634,450,0.81708,0.26005
755,180.5,634,450,0.4888,0.3048
755,187,634,450,0.88055,0.73594
755,193.5,634,450,1.3162,0.88325
755,200,634,450,1.6548,0.89006
806,5,634,450,-0.27261,0.95434
806,11.5,634,450,-0.27261,0.95434
806,18,634,450,-0.24734,0.95523
806,24.5,634,450,-0.21871,0.95615
806,31,634,450,-0.17362,0.95712
806,37.5,634,450,-0.11929,0.95809
806,44,634,450,-0.046604,0.95921
806,50.5,634,450,0.052951,0.95929
806,57,634,450,0.20477,0.95687
806,63.5,634,450,0.35878,0.95188
806,70,634,450,0.58156,0.94353
806,76.5,634,450,0.90347,0.92848
806,83,634,450,1.2997,0.91125
806,89.5,634,450,1.8342,0.89461
806,96,634,450,2.4698,0.86342
806,102.5,634,450,2.8543,0.58543
806,109,634,450,-2.515,0.77264
806,115.5,634,450,-1.9219,0.7435
806,122,634,450,-1.3978,0.69132
806,128.5,634,450,-0.88936,0.54162
806,135,634,450,-0.47238,0.42606
806,141.5,634,450,-0.13588,0.3178
806,148,634,450,0.13012,0.29653
806,154.5,634,450,0.44442,0.16887
806,161,634,450,0.74228,0.25534
806,167.5,634,450,0.96901,0.14885
806,174,634,450,1.1379,0.13961
806,180.5,634,450,1.0104,0.37872
806,187,634,450,1.5388,0.55671
806,193.5,634,450,1.9715,0.54183
806,200,634,450,2.1926,0.38434
857,5,634,450,-0.2786,0.95364
857,11.5,634,450,-0.2786,0.95364
857,18,634,450,-0.25165,0.95444
857,24.5,634,450,-0.22109,0.95482
857,31,634,450,-0.17331,0.95518
857,37.5,634,450,-0.1156,0.95555
857,44,634,450,-0.038242,0.95587
857,50.5,634,450,0.067048,0.95506
857,57,634,450,0.22743,0.9519
857,63.5,634,450,0.38982,0.94646
857,70,634,450,0.62581,0.94038
857,76.5,634,450,0.96716,0.92961
857,83,634,450,1.3916,0.91965
857,89.5,634,450,1.9655,0.90456
857,96,634,450,2.6479,0.87008
857,102.5,634,450,3.0631,0.56062
857,109,634,450,-2.1635,0.5667
857,115.5,634,450,-1.7518,0.60446
857,122,634,450,-1.1797,0.57225
857,128.5,634,450,-0.5622,0.41969
857,135,634,450,0.046077,0.28676
857,141.5,634,450,0.75635,0.10925
857,148,634,450,-0.95207,0.045435
857,154.5,634,450,0.24509,0.10926
857,161,634,450,0.88722,0.21802
857,167.5,634,450,1.4707,0.19125
857,174,634,450,1.7536,0.10116
857,180.5,634,450,1.7949,0.32929
857,187,634,450,2.3021,0.37719
857,193.5,634,450,2.6734,0.24726
857,200,634,450,2.5107,0.31197
908,5,634,450,-0.28371,0.95655
908,11.5,634,450,-0.28371,0.95655
908,18,634,450,-0.25531,0.95693
908,24.5,634,450,-0.22308,0.95683
908,31,634,450,-0.17292,0.95671
908,37.5,634,450,-0.11214,0.9566
908,44,634,450,-0.030471,0.95653
908,50.5,634,450,0.080317,0.95581
908,57,634,450,0.24928,0.95384
908,63.5,634,450,0.42082,0.95049
908,70,634,450,0.67169,0.94767
908,76.5,634,450,1.0366,0.94204
908,83,634,450,1.4921,0.93115
908,89.5,634,450,2.1039,0.91268
908,96,634,450,2.8279,0.87347
908,102.5,634,450,-2.9182,0.51104
908,109,634,450,-2.0292,0.18321
908,115.5,634,450,-1.5132,0.53004
908,122,634,450,-0.80941,0.48687
908,128.5,634,450,0.13469,0.27882
908,135,634,450,1.2467,0.060031
908,141.5,634,450,-1.7576,0.0049094
908,148,634,450,-0.4177,0.17771
908,154.5,634,450,0.7147,0.1353
908,161,634,450,1.5844,0.26136
908,167.5,634,450,2.2414,0.23822
908,174,634,450,2.3867,0.19074
908,180.5,634,450,2.9624,0.44351
908,187,634,450,-2.7282,0.38561
908,193.5,634,450,-2.4626,0.050347
908,200,634,450,2.8282,0.11868
959,5,634,450,-0.29603,0.96017
959,11.5,634,450,-0.29603,0.96017
959,18,634,450,-0.26627,0.9601
959,24.5,634,450,-0.23249,0.96027
959,31,634,450,-0.18005,0.96028
959,37.5,634,450,-0.11631,0.96026
959,44,634,450,-0.030336,0.96057
959,50.5,634,450,0.08633,0.96089
959,57,634,450,0.26476,0.96089
959,63.5,634,450,0.44675,0.95928
959,70,634,450,0.71414,0.95745
959,76.5,634,450,1.1034,0.95027
959,83,634,450,1.5875,0.93201
959,89.5,634,450,2.2331,0.90237
959,96,634,450,2.9971,0.87064
959,102.5,634,450,-2.582,0.49235
959,109,634,450,-2.1339,0.17533
959,115.5,634,450,-1.1171,0.46867
959,122,634,450,-0.13268,0.33999
959,128.5,634,450,1.3033,0.078721
959,135,634,450,-2.3197,0.0012803
959,141.5,634,450,0.16557,0.027077
959,148,634,450,0.9586,0.14395
959,154.5,634,450,2.1382,0.10202
959,161,634,450,2.4491,0.26251
959,167.5,634,450,3.0755,0.35935
959,174,634,450,-2.7893,0.47136
959,180.5,634,450,-2.1675,0.47983
959,187,634,450,-1.4413,0.28395
959,193.5,634,450,-2.6133,0.0020419
959,200,634,450,-2.7747,0.26804
1010,5,634,450,-0.29816,0.96097
1010,11.5,634,450,-0.29816,0.96097
1010,18,634,450,-0.26717,0.9615
1010,24.5,634,450,-0.23152,0.96187
1010,31,634,450,-0.17661,0.96248
1010,37.5,634,450,-0.10973,0.96299
1010,44,634,450,-0.019092,0.96403
1010,50.5,634,450,0.10407,0.96523
1010,57,634,450,0.29289,0.9657
1010,63.5,634,450,0.48566,0.96351
1010,70,634,450,0.76914,0.95885
1010,76.5,634,450,1.18,0.94403
1010,83,634,450,1.6874,0.9196
1010,89.5,634,450,2.3627,0.89306
1010,96,634,450,-3.1189,0.8672
1010,102.5,634,450,-2.2145,0.5834
1010,109,634,450,-1.7543,0.20531
1010,115.5,634,450,-0.49601,0.37054
1010,122,634,450,0.76341,0.14962
1010,128.5,634,450,2.0844,0.011149
1010,135,634,450,0.96161,0.027074
1010,141.5,634,450,1.9024,0.13691
1010,148,634,450,2.6011,0.39667
1010,154.5,634,450,-2.6841,0.19177
1010,161,634,450,-2.9677,0.27446
1010,167.5,634,450,-2.5937,0.33304
1010,174,634,450,-2.1256,0.51733
1010,180.5,634,450,-1.4965,0.46172
1010,187,634,450,-0.82796,0.079842
1010,193.5,634,450,-2.2418,0.18391
1010,200,634,450,-1.5965,0.40868
1061,5,634,450,-0.30095,0.95866
1061,11.5,634,450,-0.30095,0.95866
1061,18,634,450,-0.26834,0.95934
1061,24.5,634,450,-0.23086,0.9601
1061,31,634,450,-0.17313,0.96119
1061,37.5,634,450,-0.1028,0.96216
1061,44,634,450,-0.0071973,0.9635
1061,50.5,634,450,0.12265,0.96442
1061,57,634,450,0.3215,0.96323
1061,63.5,634,450,0.52404,0.95871
1061,70,634,450,0.82129,0.94996
1061,76.5,634,450,1.2498,0.93145
1061,83,634,450,1.7793,0.91137
1061,89.5,634,450,2.4883,0.89485
1061,96,634,450,-2.9546,0.87213
1061,102.5,634,450,-1.8483,0.71607
1061,109,634,450,-1.2176,0.2269
1061,115.5,634,450,0.14817,0.2859
1061,122,634,450,1.3367,0.077084
1061,128.5,634,450,1.4062,0.05324
1061,135,634,450,2.0949,0.21154
1061,141.5,634,450,2.8694,0.32702
1061,148,634,450,-2.9159,0.61565
1061,154.5,634,450,-2.1723,0.28036
1061,161,634,450,-2.3706,0.33982
1061,167.5,634,450,-2.1396,0.57797
1061,174,634,450,-1.6148,0.61457
1061,180.5,634,450,-1.149,0.32492
1061,187,634,450,-1.4409,0.38818
1061,193.5,634,450,-0.9905,0.62576
1061,200,634,450,-0.4031,0.46196
1112,5,634,450,-0.30582,0.95557
1112,11.5,634,450,-0.30582,0.95557
1112,18,634,450,-0.27141,0.95575
1112,24.5,634,450,-0.23195,0.9567
1112,31,634,450,-0.17131,0.95768
1112,37.5,634,450,-0.097428,0.9586
1112,44,634,450,0.0031137,0.95954
1112,50.5,634,450,0.1392,0.95928
1112,57,634,450,0.34694,0.95614
1112,63.5,634,450,0.558,0.94979
1112,70,634,450,0.86745,0.94096
1112,76.5,634,450,1.3138,0.92793
1112,83,634,450,1.8702,0.91775
1112,89.5,634,450,2.6196,0.90667
1112,96,634,450,-2.7869,0.87949
1112,102.5,634,450,-1.5487,0.81963
1112,109,634,450,-0.77486,0.28702
1112,115.5,634,450,0.61146,0.30608
1112,122,634,450,1.457,0.11528
1112,128.5,634,450,1.9927,0.25383
1112,135,634,450,2.7214,0.38258
1112,141.5,634,450,-3,0.41762
1112,148,634,450,-2.581,0.74613
1112,154.5,634,450,-2.0903,0.42227
1112,161,634,450,-1.8788,0.60511
1112,167.5,634,450,-1.4723,0.73133
1112,174,634,450,-1.1272,0.46543
1112,180.5,634,450,-1.0768,0.55645
1112,187,634,450,-0.72338,0.70528
1112,193.5,634,450,-0.27402,0.68864
1112,200,634,450,0.071836,0.26184
1163,5,634,450,-0.31251,0.95666
1163,11.5,634,450,-0.31251,0.95666
1163,18,634,450,-0.27674,0.95742
1163,24.5,634,450,-0.23528,0.95818
1163,31,634,450,-0.1719,0.95853
1163,37.5,634,450,-0.094644,0.95891
1163,44,634,450,0.010488,0.95915
1163,50.5,634,450,0.15224,0.95808
1163,57,634,450,0.36824,0.95479
1163,63.5,634,450,0.58787,0.94959
1163,70,634,450,0.9108,0.94475
1163,76.5,634,450,1.3793,0.93865
1163,83,634,450,1.9676,0.9308
1163,89.5,634,450,2.7561,0.91213
1163,96,634,450,-2.6159,0.88114
1163,102.5,634,450,-1.343,0.86342
1163,109,634,450,-0.45386,0.45528
1163,115.5,634,450,0.97827,0.43282
1163,122,634,450,1.7184,0.23654
1163,128.5,634,450,2.3882,0.40679
1163,135,634,450,3.0027,0.52618
1163,141.5,634,450,-2.7769,0.61882
1163,148,634,450,-2.3065,0.90263
1163,154.5,634,450,-1.8348,0.89202
1163,161,634,450,-1.3364,0.7664
1163,167.5,634,450,-0.93896,0.4474
1163,174,634,450,-0.95275,0.39128
1163,180.5,634,450,-0.72541,0.78077
1163,187,634,450,-0.32332,0.82808
1163,193.5,634,450,0.13044,0.68268
1163,200,634,450,0.3168,0.56917
1214,5,634,450,-0.31814,0.95886
1214,11.5,634,450,-0.31814,0.95886
1214,18,634,450,-0.28081,0.95927
1214,24.5,634,450,-0.2375,0.95973
1214,31,634,450,-0.17172,0.95962
1214,37.5,634,450,-0.091344,0.95956
1214,44,634,450,0.018151,0.9596
1214,50.5,634,450,0.16546,0.95898
1214,57,634,450,0.39026,0.95759
1214,63.5,634,450,0.6195,0.95523
1214,70,634,450,0.95818,0.95381
1214,76.5,634,450,1.4527,0.94909
1214,83,634,450,2.071,0.93378
1214,89.5,634,450,2.8929,0.90398
1214,96,634,450,-2.4416,0.87492
1214,102.5,634,450,-1.2045,0.875
1214,109,634,450,-0.12535,0.72555
1214,115.5,634,450,1.3225,0.50653
1214,122,634,450,1.8915,0.35081
1214,128.5,634,450,2.6036,0.5954
1214,135,634,450,-3.0166,0.77715
1214,141.5,634,450,-2.4273,0.82814
1214,148,634,450,-1.9401,0.8385
1214,154.5,634,450,-1.5647,0.87306
1214,161,634,450,-0.96919,0.73854
1214,167.5,634,450,-0.8756,0.49739
1214,174,634,450,-0.74257,0.41813
1214,180.5,634,450,-0.30338,0.93581
1214,187,634,450,0.097052,0.95945
1214,193.5,634,450,0.49202,0.94898
1214,200,634,450,0.86885,0.81721
1265,5,634,450,-0.32186,0.96256
1265,11.5,634,450,-0.32186,0.96256
1265,18,634,450,-0.28312,0.9627
1265,24.5,634,450,-0.23813,0.96293
1265,31,634,450,-0.17006,0.96294
1265,37.5,634,450,-0.086673,0.96293
1265,44,634,450,0.027238,0.96337
1265,50.5,634,450,0.18059,0.96387
1265,57,634,450,0.4154,0.96438
1265,63.5,634,450,0.65551,0.96284
1265,70,634,450,1.0114,0.96083
1265,76.5,634,450,1.5297,0.94925
1265,83,634,450,2.1723,0.92425
1265,89.5,634,450,3.0224,0.89457
1265,96,634,450,-2.2731,0.8692
1265,102.5,634,450,-1.0822,0.88666
1265,109,634,450,0.17971,0.87239
1265,115.5,634,450,1.4705,0.46547
1265,122,634,450,2.0323,0.58919
1265,128.5,634,450,2.8883,0.8374
1265,135,634,450,-2.6821,0.83029
1265,141.5,634,450,-2.186,0.73348
1265,148,634,450,-1.7606,0.59658
1265,154.5,634,450,-1.3734,0.96595
1265,161,634,450,-0.76052,0.7521
1265,167.5,634,450,-0.30184,0.66496
1265,174,634,450,-0.33349,0.44903
1265,180.5,634,450,0.21913,0.76513
1265,187,634,450,0.49368,0.60748
1265,193.5,634,450,0.86726,0.85222
1265,200,634,450,1.3065,0.83809
1316,5,634,450,-0.33407,0.96433
1316,11.5,634,450,-0.33407,0.96433
1316,18,634,450,-0.29405,0.96447
1316,24.5,634,450,-0.24737,0.96477
1316,31,634,450,-0.17679,0.96532
1316,37.5,634,450,-0.090264,0.96575
1316,44,634,450,0.028363,0.96676
1316,50.5,634,450,0.18833,0.9679
1316,57,634,450,0.43374,0.96812
1316,63.5,634,450,0.68456,0.96495
1316,70,634,450,1.0559,0.95789
1316,76.5,634,450,1.5927,0.93842
1316,83,634,450,2.2563,0.91424
1316,89.5,634,450,3.1398,0.8968
1316,96,634,450,-2.1164,0.87038
1316,102.5,634,450,-0.92955,0.87555
1316,109,634,450,0.37748,0.87599
1316,115.5,634,450,1.4432,0.59123
1316,122,634,450,2.3123,0.8531
1316,128.5,634,450,-3.1042,0.80464
1316,135,634,450,-2.512,0.68723
1316,141.5,634,450,-2.0212,0.82396
1316,148,634,450,-1.4267,0.63773
1316,154.5,634,450,-1.0999,0.9046
1316,161,634,450,-0.4081,0.84848
1316,167.5,634,450,0.2319,0.42421
1316,174,634,450,0.073568,0.37809
1316,180.5,634,450,0.60641,0.36847
1316,187,634,450,0.60648,0.69178
1316,193.5,634,450,1.2289,0.93573
1316,200,634,450,1.6878,0.9264
1367,5,634,450,-0.33635,0.96249
1367,11.5,634,450,-0.33635,0.96249
1367,18,634,450,-0.29495,0.96286
1367,24.5,634,450,-0.24651,0.9635
1367,31,634,450,-0.17309,0.96445
1367,37.5,634,450,-0.083133,0.96528
1367,44,634,450,0.040416,0.9664
1367,50.5,634,450,0.20705,0.96682
1367,57,634,450,0.46233,0.96497
1367,63.5,634,450,0.7223,0.95894
1367,70,634,450,1.1061,0.94828
1367,76.5,634,450,1.6592,0.93039
1367,83,634,450,2.3472,0.91753
1367,89.5,634,450,-3.0117,0.90747
1367,96,634,450,-1.9403,0.88108
1367,102.5,634,450,-0.65049,0.75531
1367,109,634,450,0.51761,0.85085
1367,115.5,634,450,1.6557,0.86106
1367,122,634,450,2.5883,0.83149
1367,128.5,634,450,-2.936,0.65819
1367,135,634,450,-2.3785,0.76931
1367,141.5,634,450,-1.6387,0.74966
1367,148,634,450,-1.0238,0.40635
1367,154.5,634,450,-0.71263,0.63761
1367,161,634,450,-0.029859,0.68267
1367,167.5,634,450,0.54607,0.22893
1367,174,634,450,0.62576,0.35476
1367,180.5,634,450,0.72781,0.17376
1367,187,634,450,1.1336,0.7854
1367,193.5,634,450,1.787,0.85897
1367,200,634,450,2.189,0.82568
1418,5,634,450,-0.34035,0.95885
1418,11.5,634,450,-0.34035,0.95885
1418,18,634,450,-0.29738,0.95964
1418,24.5,634,450,-0.24702,0.96042
1418,31,634,450,-0.17076,0.96117
1418,37.5,634,450,-0.077288,0.96199
1418,44,634,450,0.051099,0.96267
1418,50.5,634,450,0.22377,0.96197
1418,57,634,450,0.48756,0.95817
1418,63.5,634,450,0.75559,0.95129
1418,70,634,450,1.1512,0.94281
1418,76.5,634,450,1.724,0.93388
1418,83,634,450,2.4441,0.92883
1418,89.5,634,450,-2.8737,0.91273
1418,96,634,450,-1.7656,0.87983
1418,102.5,634,450,-0.34042,0.41168
1418,109,634,450,0.66134,0.82635
1418,115.5,634,450,1.8986,0.81993
1418,122,634,450,2.7712,0.71959
1418,128.5,634,450,-2.8203,0.62018
1418,135,634,450,-2.0006,0.67974
1418,141.5,634,450,-1.3278,0.4678
1418,148,634,450,-0.6923,0.27025
1418,154.5,634,450,-0.22532,0.3444
1418,161,634,450,0.49404,0.3863
1418,167.5,634,450,0.83946,0.15645
1418,174,634,450,1.0997,0.15697
1418,180.5,634,450,1.0164,0.20765
1418,187,634,450,1.818,0.52287
1418,193.5,634,450,2.2512,0.31828
1418,200,634,450,2.5712,0.55113
1469,5,634,450,-0.34608,0.95707
1469,11.5,634,450,-0.34608,0.95707
1469,18,634,450,-0.30152,0.95797
1469,24.5,634,450,-0.24912,0.9587
1469,31,634,450,-0.17027,0.95875
1469,37.5,634,450,-0.073435,0.95912
1469,44,634,450,0.059492,0.95929
1469,50.5,634,450,0.23768,0.95808
1469,57,634,450,0.5095,0.95489
1469,63.5,634,450,0.78593,0.95042
1469,70,634,450,1.196,0.94762
1469,76.5,634,450,1.7941,0.94549
1469,83,634,450,2.5469,0.93418
1469,89.5,634,450,-2.7375,0.90315
1469,96,634,450,-1.5937,0.87104
1469,102.5,634,450,-0.19555,0.21175
1469,109,634,450,0.90035,0.66179
1469,115.5,634,450,2.0694,0.71584
1469,122,634,450,2.9612,0.62256
1469,128.5,634,450,-2.5409,0.5677
1469,135,634,450,-1.6966,0.45299
1469,141.5,634,450,-0.99191,0.31381
1469,148,634,450,-0.19605,0.22086
1469,154.5,634,450,0.96865,0.20065
1469,161,634,450,0.95131,0.0458
1469,167.5,634,450,0.69753,0.093592
1469,174,634,450,1.6371,0.24994
1469,180.5,634,450,1.7829,0.22295
1469,187,634,450,2.5993,0.32474
1469,193.5,634,450,2.5912,0.25744
1469,200,634,450,2.8187,0.6378
