500,5,696,450,-0.20838,0.95852
500,11.5,696,450,-0.20838,0.95852
500,18,696,450,-0.19372,0.95944
500,24.5,696,450,-0.17826,0.96054
500,31,696,450,-0.15282,0.96205
500,37.5,696,450,-0.12333,0.96385
500,44,696,450,-0.086018,0.96613
500,50.5,696,450,-0.034876,0.96916
500,57,696,450,0.039917,0.97279
500,63.5,696,450,0.11264,0.97545
500,70,696,450,0.21273,0.97836
500,76.5,696,450,0.34838,0.98121
500,83,696,450,0.50176,0.9816
500,89.5,696,450,0.70013,0.97993
500,96,696,450,0.93172,0.97701
500,102.5,696,450,1.2571,0.97173
500,109,696,450,1.6312,0.96885
500,115.5,696,450,2.1547,0.97251
500,122,696,450,2.8993,0.8688
500,128.5,696,450,1.5136,1.8328e-05
500,135,696,450,2.5862,0.4033
500,141.5,696,450,3.1038,0.56031
500,148,696,450,-2.8088,0.63353
500,154.5,696,450,-2.5071,0.6911
500,161,696,450,-2.2261,0.73405
500,167.5,696,450,-1.9846,0.73875
500,174,696,450,-2.1505,0.96948
500,180.5,696,450,-1.6825,0.8815
500,187,696,450,-1.4717,0.88624
500,193.5,696,450,-1.2004,0.87211
500,200,696,450,-0.47769,0.69783
551,5,696,450,-0.21153,0.95578
551,11.5,696,450,-0.21153,0.95578
551,18,696,450,-0.1953,0.95674
551,24.5,696,450,-0.17804,0.95786
551,31,696,450,-0.15005,0.95908
551,37.5,696,450,-0.11742,0.96063
551,44,696,450,-0.075783,0.96246
551,50.5,696,450,-0.019282,0.96461
551,57,696,450,0.063104,0.96674
551,63.5,696,450,0.1432,0.96782
551,70,696,450,0.25356,0.96926
551,76.5,696,450,0.4028,0.96912
551,83,696,450,0.57194,0.96812
551,89.5,696,450,0.79099,0.96612
551,96,696,450,1.0472,0.96662
551,102.5,696,450,1.4059,0.96812
551,109,696,450,1.8146,0.97386
551,115.5,696,450,2.3636,0.98849
551,122,696,450,-3.1025,0.91446
551,128.5,696,450,2.5054,0.41233
551,135,696,450,-3.042,0.72887
551,141.5,696,450,-2.6307,0.80309
551,148,696,450,-2.2989,0.85222
551,154.5,696,450,-2.0138,0.89286
551,161,696,450,-1.7365,0.92691
551,167.5,696,450,-1.4723,0.94329
551,174,696,450,-1.3914,0.983
551,180.5,696,450,-1.0585,0.97315
551,187,696,450,-0.66913,0.90303
551,193.5,696,450,0.7315,0.01451
551,200,696,450,-1.3316,0.56476
602,5,696,450,-0.22129,0.95509
602,11.5,696,450,-0.22129,0.95509
602,18,696,450,-0.20356,0.95581
602,24.5,696,450,-0.18454,0.95667
602,31,696,450,-0.15423,0.95729
602,37.5,696,450,-0.1187,0.95817
602,44,696,450,-0.073115,0.95913
602,50.5,696,450,-0.011803,0.96018
602,57,696,450,0.077439,0.96111
602,63.5,696,450,0.16409,0.96129
602,70,696,450,0.28407,0.96185
602,76.5,696,450,0.44611,0.96251
602,83,696,450,0.63112,0.96419
602,89.5,696,450,0.87137,0.96607
602,96,696,450,1.1539,0.97225
602,102.5,696,450,1.5473,0.97624
602,109,696,450,1.985,0.97806
602,115.5,696,450,2.529,0.98185
602,122,696,450,-2.8086,0.84437
602,128.5,696,450,-3.0424,0.86823
602,135,696,450,-2.5697,0.92264
602,141.5,696,450,-2.2002,0.9544
602,148,696,450,-1.8802,0.97395
602,154.5,696,450,-1.5982,0.98264
602,161,696,450,-1.3153,0.99015
602,167.5,696,450,-0.99577,0.97876
602,174,696,450,-0.73384,0.97889
602,180.5,696,450,0.61462,0.13787
602,187,696,450,-1.0893,0.44768
602,193.5,696,450,-1.064,0.86255
602,200,696,450,-0.6956,0.8228
653,5,696,450,-0.22548,0.95708
653,11.5,696,450,-0.22548,0.95708
653,18,696,450,-0.20648,0.95741
653,24.5,696,450,-0.18581,0.95795
653,31,696,450,-0.15346,0.95815
653,37.5,696,450,-0.11534,0.95851
653,44,696,450,-0.066193,0.95892
653,50.5,696,450,-0.00045161,0.95965
653,57,696,450,0.095249,0.96073
653,63.5,696,450,0.18842,0.96149
653,70,696,450,0.31816,0.96359
653,76.5,696,450,0.49413,0.96756
653,83,696,450,0.69685,0.97336
653,89.5,696,450,0.96127,0.97975
653,96,696,450,1.2726,0.98736
653,102.5,696,450,1.6994,0.98733
653,109,696,450,2.1612,0.97745
653,115.5,696,450,2.689,0.96739
653,122,696,450,3.0616,0.93122
653,128.5,696,450,-2.6662,0.96889
653,135,696,450,-2.2469,0.97836
653,141.5,696,450,-1.8832,0.98067
653,148,696,450,-1.5657,0.97742
653,154.5,696,450,-1.2707,0.96612
653,161,696,450,-0.85065,0.95053
653,167.5,696,450,-0.86909,0.95942
653,174,696,450,-1.7652,0.082828
653,180.5,696,450,-0.62477,0.77741
653,187,696,450,0.20432,0.28342
653,193.5,696,450,-0.4529,0.96755
653,200,696,450,-0.20167,0.94454
704,5,696,450,-0.22865,0.96031
704,11.5,696,450,-0.22865,0.96031
704,18,696,450,-0.20848,0.96039
704,24.5,696,450,-0.18636,0.9607
704,31,696,450,-0.15203,0.96102
704,37.5,696,450,-0.11145,0.96141
704,44,696,450,-0.05882,0.96203
704,50.5,696,450,0.011463,0.96348
704,57,696,450,0.11416,0.96599
704,63.5,696,450,0.21433,0.96823
704,70,696,450,0.35496,0.97267
704,76.5,696,450,0.54675,0.97968
704,83,696,450,0.7689,0.98665
704,89.5,696,450,1.0593,0.99234
704,96,696,450,1.398,0.99343
704,102.5,696,450,1.8555,0.9847
704,109,696,450,2.3403,0.97105
704,115.5,696,450,2.8846,0.96687
704,122,696,450,-2.937,0.97604
704,128.5,696,450,-2.4341,0.97974
704,135,696,450,-2.0127,0.97513
704,141.5,696,450,-1.6451,0.96366
704,148,696,450,-1.3086,0.95145
704,154.5,696,450,0.059629,0.13258
704,161,696,450,-0.87329,0.95712
704,167.5,696,450,-0.56597,0.96623
704,174,696,450,-0.41602,0.96194
704,180.5,696,450,0.023688,0.94853
704,187,696,450,-0.59392,0.56511
704,193.5,696,450,0.061458,0.87884
704,200,696,450,0.32859,0.87642
755,5,696,450,-0.23071,0.96214
755,11.5,696,450,-0.23071,0.96214
755,18,696,450,-0.20937,0.96239
755,24.5,696,450,-0.18584,0.9628
755,31,696,450,-0.14938,0.96361
755,37.5,696,450,-0.10618,0.96454
755,44,696,450,-0.049788,0.96594
755,50.5,696,450,0.025546,0.9685
755,57,696,450,0.136,0.97243
755,63.5,696,450,0.24393,0.97564
755,70,696,450,0.39632,0.98105
755,76.5,696,450,0.60504,0.98672
755,83,696,450,0.84603,0.98999
755,89.5,696,450,1.1595,0.98935
755,96,696,450,1.5228,0.98309
755,102.5,696,450,2.0079,0.97204
755,109,696,450,2.5233,0.96531
755,115.5,696,450,-3.1314,0.94784
755,122,696,450,-2.7981,0.99428
755,128.5,696,450,-2.2448,0.97905
755,135,696,450,-1.8035,0.96555
755,141.5,696,450,-1.3904,0.94662
755,148,696,450,-1.2763,0.99015
755,154.5,696,450,-0.86818,0.98416
755,161,696,450,-0.53978,0.98668
755,167.5,696,450,-0.22645,0.98451
755,174,696,450,0.052298,0.98455
755,180.5,696,450,0.7674,0.87975
755,187,696,450,0.05309,0.60863
755,193.5,696,450,0.51722,0.74531
755,200,696,450,0.83296,0.70192
806,5,696,450,-0.23228,0.9611
806,11.5,696,450,-0.23228,0.9611
806,18,696,450,-0.20965,0.96173
806,24.5,696,450,-0.1846,0.96257
806,31,696,450,-0.14574,0.96385
806,37.5,696,450,-0.099621,0.96536
806,44,696,450,-0.039071,0.96743
806,50.5,696,450,0.041791,0.97034
806,57,696,450,0.16041,0.97446
806,63.5,696,450,0.27627,0.97709
806,70,696,450,0.44022,0.98054
806,76.5,696,450,0.66409,0.98201
806,83,696,450,0.92154,0.9806
806,89.5,696,450,1.2546,0.97369
806,96,696,450,1.6389,0.96869
806,102.5,696,450,2.1553,0.96578
806,109,696,450,2.7113,0.96596
806,115.5,696,450,-2.7911,0.85494
806,122,696,450,-2.6382,0.99259
806,128.5,696,450,-2.028,0.96943
806,135,696,450,-1.4826,0.94344
806,141.5,696,450,-1.5221,0.95992
806,148,696,450,-0.94311,0.9968
806,154.5,696,450,-0.56397,0.98566
806,161,696,450,-0.18042,0.96609
806,167.5,696,450,0.33179,0.82645
806,174,696,450,0.44813,0.93866
806,180.5,696,450,1.7473,0.27491
806,187,696,450,0.60288,0.72615
806,193.5,696,450,1.0742,0.7793
806,200,696,450,1.7585,0.61453
857,5,696,450,-0.23469,0.95808
857,11.5,696,450,-0.23469,0.95808
857,18,696,450,-0.21062,0.95889
857,24.5,696,450,-0.18376,0.9602
857,31,696,450,-0.14238,0.96156
857,37.5,696,450,-0.093157,0.96321
857,44,696,450,-0.028284,0.96526
857,50.5,696,450,0.058014,0.96772
857,57,696,450,0.18435,0.96994
857,63.5,696,450,0.30761,0.97128
857,70,696,450,0.48177,0.97167
857,76.5,696,450,0.71826,0.97013
857,83,696,450,0.99038,0.96748
857,89.5,696,450,1.3424,0.96469
857,96,696,450,1.7505,0.96727
857,102.5,696,450,2.3031,0.97348
857,109,696,450,2.9081,0.97172
857,115.5,696,450,-2.4333,0.77032
857,122,696,450,-2.4174,0.9665
857,128.5,696,450,-1.6898,0.92439
857,135,696,450,-2.7288,0.086668
857,141.5,696,450,-1.1503,0.98484
857,148,696,450,-0.64577,0.98104
857,154.5,696,450,-0.21409,0.94973
857,161,696,450,0.24562,0.90208
857,167.5,696,450,1.15,0.48236
857,174,696,450,0.9363,0.8521
857,180.5,696,450,0.11667,0.39708
857,187,696,450,1.6382,0.81884
857,193.5,696,450,3.0769,0.065215
857,200,696,450,0.48783,0.50877
908,5,696,450,-0.23849,0.95546
908,11.5,696,450,-0.23849,0.95546
908,18,696,450,-0.21285,0.95626
908,24.5,696,450,-0.18406,0.95764
908,31,696,450,-0.14026,0.95865
908,37.5,696,450,-0.087998,0.95991
908,44,696,450,-0.019003,0.96129
908,50.5,696,450,0.072297,0.96264
908,57,696,450,0.20555,0.9633
908,63.5,696,450,0.33533,0.96336
908,70,696,450,0.51861,0.96306
908,76.5,696,450,0.76731,0.96284
908,83,696,450,1.0545,0.96472
908,89.5,696,450,1.4287,0.97064
908,96,696,450,1.8668,0.98035
908,102.5,696,450,2.459,0.98694
908,109,696,450,3.0991,0.97045
908,115.5,696,450,-2.1278,0.76313
908,122,696,450,-2.1068,0.89189
908,128.5,696,450,-1.0596,0.60585
908,135,696,450,-1.6643,0.7972
908,141.5,696,450,-0.82317,0.96457
908,148,696,450,-0.26588,0.93928
908,154.5,696,450,0.24336,0.89345
908,161,696,450,0.81018,0.831
908,167.5,696,450,2.4309,0.38236
908,174,696,450,1.7029,0.48698
908,180.5,696,450,2.3705,0.22802
908,187,696,450,0.4077,0.071098
908,193.5,696,450,1.9807,0.56976
908,200,696,450,1.6825,0.66222
959,5,696,450,-0.24977,0.95549
959,11.5,696,450,-0.24977,0.95549
959,18,696,450,-0.22269,0.95625
959,24.5,696,450,-0.19214,0.9569
959,31,696,450,-0.1461,0.95748
959,37.5,696,450,-0.091061,0.95816
959,44,696,450,-0.018317,0.95883
959,50.5,696,450,0.077506,0.95957
959,57,696,450,0.2172,0.96031
959,63.5,696,450,0.35329,0.96087
959,70,696,450,0.54588,0.96253
959,76.5,696,450,0.80854,0.96688
959,83,696,450,1.1143,0.97562
959,89.5,696,450,1.5149,0.9858
959,96,696,450,1.9845,0.99372
959,102.5,696,450,2.6129,0.98603
959,109,696,450,-2.9981,0.9669
959,115.5,696,450,-1.868,0.84837
959,122,696,450,-1.7242,0.76674
959,128.5,696,450,-0.18515,0.080732
959,135,696,450,-1.2122,0.82276
959,141.5,696,450,-0.39786,0.88367
959,148,696,450,0.25446,0.82114
959,154.5,696,450,0.87306,0.71751
959,161,696,450,1.5616,0.57964
959,167.5,696,450,-2.5274,0.52167
959,174,696,450,2.6862,0.048818
959,180.5,696,450,0.61587,0.16675
959,187,696,450,1.7569,0.69987
959,193.5,696,450,-2.8659,0.13774
959,200,696,450,2.4751,0.79265
1010,5,696,450,-0.25369,0.95834
1010,11.5,696,450,-0.25369,0.95834
1010,18,696,450,-0.22529,0.95832
1010,24.5,696,450,-0.19336,0.9586
1010,31,696,450,-0.14523,0.95899
1010,37.5,696,450,-0.087643,0.9594
1010,44,696,450,-0.011374,0.95993
1010,50.5,696,450,0.088903,0.96107
1010,57,696,450,0.23533,0.96319
1010,63.5,696,450,0.37833,0.96549
1010,70,696,450,0.58196,0.97029
1010,76.5,696,450,0.86094,0.97881
1010,83,696,450,1.1874,0.98798
1010,89.5,696,450,1.615,0.99346
1010,96,696,450,2.1114,0.9881
1010,102.5,696,450,2.7674,0.97465
1010,109,696,450,-2.811,0.9715
1010,115.5,696,450,-1.6135,0.926
1010,122,696,450,-1.3003,0.68006
1010,128.5,696,450,-2.529,0.0064734
1010,135,696,450,-0.70102,0.70844
1010,141.5,696,450,0.15588,0.70162
1010,148,696,450,0.89423,0.58307
1010,154.5,696,450,1.5554,0.46045
1010,161,696,450,2.2765,0.33956
1010,167.5,696,450,-1.5078,0.65093
1010,174,696,450,0.91255,0.14788
1010,180.5,696,450,1.8325,0.56638
1010,187,696,450,2.5899,0.72988
1010,193.5,696,450,2.7677,0.93435
1010,200,696,450,-2.8577,0.89713
1061,5,696,450,-0.25627,0.96125
1061,11.5,696,450,-0.25627,0.96125
1061,18,696,450,-0.22688,0.96127
1061,24.5,696,450,-0.19351,0.96149
1061,31,696,450,-0.14332,0.96201
1061,37.5,696,450,-0.0832,0.96266
1061,44,696,450,-0.0032842,0.96369
1061,50.5,696,450,0.10186,0.96591
1061,57,696,450,0.25592,0.96974
1061,63.5,696,450,0.40676,0.97349
1061,70,696,450,0.62261,0.97967
1061,76.5,696,450,0.91892,0.98674
1061,83,696,450,1.2651,0.98981
1061,89.5,696,450,1.7148,0.98465
1061,96,696,450,2.2312,0.97376
1061,102.5,696,450,2.9161,0.96727
1061,109,696,450,-2.6232,0.9711
1061,115.5,696,450,-1.4154,0.96082
1061,122,696,450,-0.89532,0.71291
1061,128.5,696,450,-1.7624,0.054823
1061,135,696,450,-0.13994,0.56766
1061,141.5,696,450,0.73395,0.5384
1061,148,696,450,1.4788,0.4562
1061,154.5,696,450,2.1668,0.39057
1061,161,696,450,3.0388,0.23707
1061,167.5,696,450,0.42495,0.53469
1061,174,696,450,2.7724,0.86053
1061,180.5,696,450,2.714,0.53342
1061,187,696,450,-3.0099,0.66804
1061,193.5,696,450,-2.574,0.69547
1061,200,696,450,-2.1114,0.71859
1112,5,696,450,-0.2579,0.96171
1112,11.5,696,450,-0.2579,0.96171
1112,18,696,450,-0.22748,0.96275
1112,24.5,696,450,-0.19262,0.96324
1112,31,696,450,-0.14023,0.9641
1112,37.5,696,450,-0.077355,0.96527
1112,44,696,450,0.006535,0.96702
1112,50.5,696,450,0.11709,0.97002
1112,57,696,450,0.27938,0.97435
1112,63.5,696,450,0.43833,0.97777
1112,70,696,450,0.66642,0.98159
1112,76.5,696,450,0.97803,0.98282
1112,83,696,450,1.3397,0.97861
1112,89.5,696,450,1.8066,0.96919
1112,96,696,450,2.3436,0.96624
1112,102.5,696,450,3.0631,0.97293
1112,109,696,450,-2.4385,0.97456
1112,115.5,696,450,-1.3267,0.95772
1112,122,696,450,-0.52491,0.82482
1112,128.5,696,450,-1.0087,0.14433
1112,135,696,450,0.41036,0.5527
1112,141.5,696,450,1.2602,0.55522
1112,148,696,450,2.0374,0.53981
1112,154.5,696,450,2.868,0.44112
1112,161,696,450,-1.9955,0.0013446
1112,167.5,696,450,2.4409,0.48952
1112,174,696,450,-2.3294,0.93626
1112,180.5,696,450,-2.8694,0.49804
1112,187,696,450,1.9112,0.010346
1112,193.5,696,450,-2.0702,0.71609
1112,200,696,450,-1.5081,0.72263
1163,5,696,450,-0.26101,0.96296
1163,11.5,696,450,-0.26101,0.96296
1163,18,696,450,-0.22891,0.9636
1163,24.5,696,450,-0.19239,0.96439
1163,31,696,450,-0.13762,0.96559
1163,37.5,696,450,-0.071729,0.96707
1163,44,696,450,0.016421,0.96904
1163,50.5,696,450,0.13255,0.97172
1163,57,696,450,0.30286,0.97459
1163,63.5,696,450,0.46948,0.97595
1163,70,696,450,0.70764,0.97597
1163,76.5,696,450,1.0317,0.97262
1163,83,696,450,1.4061,0.96833
1163,89.5,696,450,1.8918,0.96722
1163,96,696,450,2.4568,0.97678
1163,102.5,696,450,-3.0661,0.98377
1163,109,696,450,-2.2522,0.97189
1163,115.5,696,450,-1.2605,0.92064
1163,122,696,450,-0.21107,0.94073
1163,128.5,696,450,-0.2695,0.40179
1163,135,696,450,0.92119,0.68507
1163,141.5,696,450,1.7691,0.73065
1163,148,696,450,2.6472,0.7025
1163,154.5,696,450,-2.3252,0.15024
1163,161,696,450,2.6263,0.49624
1163,167.5,696,450,-2.9789,0.74157
1163,174,696,450,-1.7275,0.77742
1163,180.5,696,450,-2.2439,0.62505
1163,187,696,450,-2.1875,0.96393
1163,193.5,696,450,-1.5224,0.88449
1163,200,696,450,-0.11483,0.1835
1214,5,696,450,-0.26375,0.95993
1214,11.5,696,450,-0.26375,0.95993
1214,18,696,450,-0.23022,0.96079
1214,24.5,696,450,-0.19191,0.96172
1214,31,696,450,-0.13469,0.96298
1214,37.5,696,450,-0.065759,0.96434
1214,44,696,450,0.026573,0.96593
1214,50.5,696,450,0.14787,0.96762
1214,57,696,450,0.32527,0.96857
1214,63.5,696,450,0.49833,0.96817
1214,70,696,450,0.74542,0.96671
1214,76.5,696,450,1.0807,0.96523
1214,83,696,450,1.4707,0.96782
1214,89.5,696,450,1.9798,0.97694
1214,96,696,450,2.578,0.98977
1214,102.5,696,450,-2.9081,0.98538
1214,109,696,450,-2.0649,0.97003
1214,115.5,696,450,-1.188,0.94679
1214,122,696,450,0.023784,0.98217
1214,128.5,696,450,0.37622,0.75061
1214,135,696,450,1.3778,0.87331
1214,141.5,696,450,2.2534,0.90255
1214,148,696,450,-2.8392,0.55585
1214,154.5,696,450,2.4555,0.43296
1214,161,696,450,-2.9307,0.77454
1214,167.5,696,450,-2.4934,0.91004
1214,174,696,450,-1.1596,0.47811
1214,180.5,696,450,-1.5813,0.87947
1214,187,696,450,-1.4935,0.96064
1214,193.5,696,450,-0.66479,0.93586
1214,200,696,450,-1.1431,0.71715
1265,5,696,450,-0.26779,0.95779
1265,11.5,696,450,-0.26779,0.95779
1265,18,696,450,-0.23277,0.95856
1265,24.5,696,450,-0.19269,0.95939
1265,31,696,450,-0.13304,0.96037
1265,37.5,696,450,-0.061212,0.96135
1265,44,696,450,0.035029,0.96227
1265,50.5,696,450,0.16097,0.96309
1265,57,696,450,0.34475,0.96335
1265,63.5,696,450,0.52397,0.96324
1265,70,696,450,0.77987,0.96424
1265,76.5,696,450,1.1289,0.96858
1265,83,696,450,1.5378,0.97864
1265,89.5,696,450,2.0762,0.99057
1265,96,696,450,2.7042,0.99306
1265,102.5,696,450,-2.7523,0.97756
1265,109,696,450,-1.8767,0.96874
1265,115.5,696,450,-1.0985,0.96929
1265,122,696,450,0.18285,0.98318
1265,128.5,696,450,0.83358,0.93324
1265,135,696,450,1.7428,0.97696
1265,141.5,696,450,2.689,0.94391
1265,148,696,450,2.2326,0.40824
1265,154.5,696,450,-3.0789,0.84007
1265,161,696,450,-2.4811,0.92097
1265,167.5,696,450,-2.0973,0.96546
1265,174,696,450,-1.6959,0.98831
1265,180.5,696,450,-0.88197,0.97061
1265,187,696,450,-0.81497,0.94509
1265,193.5,696,450,-0.88535,0.45865
1265,200,696,450,-0.61189,0.84197
1316,5,696,450,-0.27987,0.95825
1316,11.5,696,450,-0.27987,0.95825
1316,18,696,450,-0.2434,0.95881
1316,24.5,696,450,-0.20169,0.95931
1316,31,696,450,-0.13979,0.95986
1316,37.5,696,450,-0.065262,0.96053
1316,44,696,450,0.034608,0.96108
1316,50.5,696,450,0.16495,0.96196
1316,57,696,450,0.35521,0.96346
1316,63.5,696,450,0.54104,0.96527
1316,70,696,450,0.80778,0.97004
1316,76.5,696,450,1.1735,0.97966
1316,83,696,450,1.6048,0.99014
1316,89.5,696,450,2.1692,0.99298
1316,96,696,450,2.8204,0.98066
1316,102.5,696,450,-2.6103,0.97037
1316,109,696,450,-1.6962,0.9725
1316,115.5,696,450,-0.98707,0.98056
1316,122,696,450,0.333,0.97252
1316,128.5,696,450,1.124,0.98207
1316,135,696,450,1.9977,0.99091
1316,141.5,696,450,-2.183,0.052754
1316,148,696,450,3.0359,0.91113
1316,154.5,696,450,-2.6616,0.96301
1316,161,696,450,-2.1012,0.97966
1316,167.5,696,450,-1.7309,0.92478
1316,174,696,450,-1.308,0.9451
1316,180.5,696,450,-1.419,0.5814
1316,187,696,450,-0.90896,0.62371
1316,193.5,696,450,0.47559,0.11169
1316,200,696,450,-0.13111,0.95834
1367,5,696,450,-0.28352,0.96108
1367,11.5,696,450,-0.28352,0.96108
1367,18,696,450,-0.24578,0.96141
1367,24.5,696,450,-0.20252,0.96167
1367,31,696,450,-0.13861,0.96194
1367,37.5,696,450,-0.061476,0.96257
1367,44,696,450,0.042004,0.96335
1367,50.5,696,450,0.17702,0.96502
1367,57,696,450,0.37466,0.9685
1367,63.5,696,450,0.56822,0.9726
1367,70,696,450,0.84745,0.97945
1367,76.5,696,450,1.2313,0.98748
1367,83,696,450,1.6822,0.98953
1367,89.5,696,450,2.2667,0.97969
1367,96,696,450,2.9351,0.96902
1367,102.5,696,450,-2.462,0.97155
1367,109,696,450,-1.5073,0.96947
1367,115.5,696,450,-0.79485,0.94228
1367,122,696,450,0.34293,0.96998
1367,128.5,696,450,1.3362,0.97978
1367,135,696,450,2.1943,0.98069
1367,141.5,696,450,2.7458,0.94869
1367,148,696,450,-2.8829,0.97685
1367,154.5,696,450,-2.3259,0.96841
1367,161,696,450,-1.7534,0.93297
1367,167.5,696,450,-1.3734,0.85337
1367,174,696,450,-0.94929,0.91508
1367,180.5,696,450,-0.14699,0.87469
1367,187,696,450,-0.19127,0.93922
1367,193.5,696,450,-0.43656,0.60954
1367,200,696,450,0.42375,0.8697
1418,5,696,450,-0.28584,0.96391
1418,11.5,696,450,-0.28584,0.96391
1418,18,696,450,-0.24687,0.96403
1418,24.5,696,450,-0.20217,0.96441
1418,31,696,450,-0.13624,0.96494
1418,37.5,696,450,-0.056411,0.96581
1418,44,696,450,0.050912,0.96723
1418,50.5,696,450,0.1912,0.97002
1418,57,696,450,0.39704,0.97452
1418,63.5,696,450,0.59906,0.97862
1418,70,696,450,0.89081,0.9834
1418,76.5,696,450,1.2905,0.9847
1418,83,696,450,1.756,0.97807
1418,89.5,696,450,2.356,0.96826
1418,96,696,450,3.0476,0.97147
1418,102.5,696,450,-2.3088,0.98227
1418,109,696,450,-1.3186,0.97049
1418,115.5,696,450,-0.52699,0.89275
1418,122,696,450,0.45679,0.99113
1418,128.5,696,450,1.5257,0.971
1418,135,696,450,2.1702,1.0148
1418,141.5,696,450,3.04,0.97805
1418,148,696,450,-2.6002,0.96315
1418,154.5,696,450,-2.0213,0.92788
1418,161,696,450,-1.3696,0.87306
1418,167.5,696,450,-0.69206,0.73231
1418,174,696,450,-0.89079,0.99529
1418,180.5,696,450,-0.23279,0.99406
1418,187,696,450,0.38477,0.99113
1418,193.5,696,450,0.26419,0.58302
1418,200,696,450,0.95411,0.6588
1469,5,696,450,-0.28738,0.96422
1469,11.5,696,450,-0.28738,0.96422
1469,18,696,450,-0.24712,0.96454
1469,24.5,696,450,-0.20093,0.96509
1469,31,696,450,-0.13279,0.96643
1469,37.5,696,450,-0.050139,0.96761
1469,44,696,450,0.061329,0.96949
1469,50.5,696,450,0.20718,0.97244
1469,57,696,450,0.42134,0.97598
1469,63.5,696,450,0.63128,0.97805
1469,70,696,450,0.93363,0.97828
1469,76.5,696,450,1.3454,0.9735
1469,83,696,450,1.8229,0.96762
1469,89.5,696,450,2.4418,0.96949
1469,96,696,450,-3.1177,0.98508
1469,102.5,696,450,-2.1509,0.98709
1469,109,696,450,-1.132,0.97345
1469,115.5,696,450,-0.20872,0.81507
1469,122,696,450,0.61051,0.99192
1469,128.5,696,450,1.7759,0.96275
1469,135,696,450,2.475,0.99777
1469,141.5,696,450,-3.0028,0.97047
1469,148,696,450,-2.3128,0.93906
1469,154.5,696,450,-1.6282,0.90255
1469,161,696,450,-0.043758,0.13402
1469,167.5,696,450,-0.93056,0.85465
1469,174,696,450,-0.48826,0.96398
1469,180.5,696,450,0.19015,0.95692
1469,187,696,450,0.91768,0.92719
1469,193.5,696,450,0.84094,0.67579
1469,200,696,450,1.8756,0.65463
