500,5,613,450,-0.25513,0.95255
500,11.5,613,450,-0.25513,0.95255
500,18,613,450,-0.23803,0.95338
500,24.5,613,450,-0.21951,0.95423
500,31,613,450,-0.18845,0.9548
500,37.5,613,450,-0.15161,0.95546
500,44,613,450,-0.10374,0.95616
500,50.5,613,450,-0.036064,0.95521
500,57,613,450,0.068296,0.95101
500,63.5,613,450,0.17493,0.94371
500,70,613,450,0.32794,0.9326
500,76.5,613,450,0.55424,0.91207
500,83,613,450,0.84461,0.8872
500,89.5,613,450,1.2739,0.86245
500,96,613,450,1.9166,0.79748
500,102.5,613,450,2.5917,0.2304
500,109,613,450,2.8902,0.33502
500,115.5,613,450,-2.8055,0.41857
500,122,613,450,-2.3949,0.4986
500,128.5,613,450,-2.0008,0.59651
500,135,613,450,-1.6771,0.64791
500,141.5,613,450,-1.3997,0.64947
500,148,613,450,-1.1662,0.56099
500,154.5,613,450,-1.0614,0.43412
500,161,613,450,-1.0469,0.42446
500,167.5,613,450,-1.0428,0.45467
500,174,613,450,-0.94837,0.59975
500,180.5,613,450,-0.74858,0.67048
500,187,613,450,-0.5974,0.68172
500,193.5,613,450,-0.42567,0.65847
500,200,613,450,-0.23633,0.58736
551,5,613,450,-0.26119,0.95442
551,11.5,613,450,-0.26119,0.95442
551,18,613,450,-0.24245,0.95484
551,24.5,613,450,-0.22201,0.95517
551,31,613,450,-0.18829,0.95505
551,37.5,613,450,-0.14799,0.95493
551,44,613,450,-0.095243,0.95467
551,50.5,613,450,-0.021335,0.95269
551,57,613,450,0.092559,0.94763
551,63.5,613,450,0.20921,0.93976
551,70,613,450,0.37761,0.92948
551,76.5,613,450,0.62725,0.91121
551,83,613,450,0.94856,0.891
551,89.5,613,450,1.4132,0.87249
551,96,613,450,2.0639,0.83092
551,102.5,613,450,2.5753,0.40095
551,109,613,450,-3.0937,0.63632
551,115.5,613,450,-2.4588,0.72438
551,122,613,450,-2.0068,0.75202
551,128.5,613,450,-1.6295,0.73559
551,135,613,450,-1.3405,0.70649
551,141.5,613,450,-1.0631,0.67563
551,148,613,450,-0.80404,0.39646
551,154.5,613,450,-0.97776,0.36804
551,161,613,450,-0.96942,0.47155
551,167.5,613,450,-0.84196,0.74193
551,174,613,450,-0.60813,0.84475
551,180.5,613,450,-0.37755,0.86236
551,187,613,450,-0.20552,0.85521
551,193.5,613,450,-0.018722,0.79164
551,200,613,450,0.10361,0.69177
602,5,613,450,-0.27373,0.95869
602,11.5,613,450,-0.27373,0.95869
602,18,613,450,-0.25363,0.95874
602,24.5,613,450,-0.2315,0.95884
602,31,613,450,-0.19537,0.9585
602,37.5,613,450,-0.15196,0.95802
602,44,613,450,-0.094714,0.95748
602,50.5,613,450,-0.014831,0.9557
602,57,613,450,0.10867,0.95162
602,63.5,613,450,0.23562,0.94522
602,70,613,450,0.42035,0.93724
602,76.5,613,450,0.69548,0.92297
602,83,613,450,1.0495,0.90503
602,89.5,613,450,1.5468,0.88657
602,96,613,450,2.1748,0.8582
602,102.5,613,450,2.8124,0.77139
602,109,613,450,-2.775,0.84242
602,115.5,613,450,-2.1573,0.80312
602,122,613,450,-1.7596,0.72928
602,128.5,613,450,-1.4676,0.71458
602,135,613,450,-1.194,0.73883
602,141.5,613,450,-0.89871,0.72016
602,148,613,450,-0.8102,0.46747
602,154.5,613,450,-0.68629,0.53578
602,161,613,450,-0.64841,0.66091
602,167.5,613,450,-0.40797,0.88857
602,174,613,450,-0.17286,0.93239
602,180.5,613,450,0.06757,0.923
602,187,613,450,0.23993,0.90729
602,193.5,613,450,0.43599,0.92574
602,200,613,450,0.65141,0.88466
653,5,613,450,-0.27623,0.96116
653,11.5,613,450,-0.27623,0.96116
653,18,613,450,-0.25482,0.96119
653,24.5,613,450,-0.23102,0.96158
653,31,613,450,-0.19241,0.96169
653,37.5,613,450,-0.14586,0.96161
653,44,613,450,-0.083978,0.96173
653,50.5,613,450,0.002351,0.96111
653,57,613,450,0.13642,0.95882
653,63.5,613,450,0.27473,0.95377
653,70,613,450,0.47738,0.94716
653,76.5,613,450,0.77959,0.93258
653,83,613,450,1.1659,0.9107
653,89.5,613,450,1.6961,0.88705
653,96,613,450,2.3099,0.86942
653,102.5,613,450,3.0628,0.86857
653,109,613,450,-2.5623,0.85616
653,115.5,613,450,-2.0059,0.75595
653,122,613,450,-1.6704,0.7447
653,128.5,613,450,-1.3161,0.82494
653,135,613,450,-0.98432,0.82791
653,141.5,613,450,-0.68859,0.82324
653,148,613,450,-0.35566,0.59014
653,154.5,613,450,-0.25128,0.43466
653,161,613,450,-0.24265,0.56821
653,167.5,613,450,0.039622,0.66633
653,174,613,450,0.25827,0.60008
653,180.5,613,450,0.34469,0.57256
653,187,613,450,0.5087,0.76673
653,193.5,613,450,0.77486,0.86964
653,200,613,450,1.0395,0.86343
704,5,613,450,-0.27897,0.95935
704,11.5,613,450,-0.27897,0.95935
704,18,613,450,-0.2561,0.9598
704,24.5,613,450,-0.23039,0.96064
704,31,613,450,-0.18895,0.96139
704,37.5,613,450,-0.13892,0.96203
704,44,613,450,-0.071911,0.96299
704,50.5,613,450,0.021512,0.96314
704,57,613,450,0.16688,0.96107
704,63.5,613,450,0.31697,0.95561
704,70,613,450,0.53745,0.94688
704,76.5,613,450,0.86504,0.9276
704,83,613,450,1.2803,0.90064
704,89.5,613,450,1.8454,0.87285
704,96,613,450,2.511,0.80416
704,102.5,613,450,-3.0755,0.85684
704,109,613,450,-2.4332,0.83238
704,115.5,613,450,-1.909,0.84261
704,122,613,450,-1.4633,0.86198
704,128.5,613,450,-1.0427,0.76942
704,135,613,450,-0.71784,0.66561
704,141.5,613,450,-0.46771,0.69417
704,148,613,450,-0.072699,0.41309
704,154.5,613,450,-0.025254,0.323
704,161,613,450,0.13711,0.4496
704,167.5,613,450,0.40827,0.40232
704,174,613,450,0.46164,0.35285
704,180.5,613,450,0.54951,0.66129
704,187,613,450,0.89279,0.88132
704,193.5,613,450,1.221,0.94845
704,200,613,450,1.4959,0.95477
755,5,613,450,-0.28393,0.9552
755,11.5,613,450,-0.28393,0.9552
755,18,613,450,-0.25941,0.95605
755,24.5,613,450,-0.23156,0.95707
755,31,613,450,-0.18707,0.95796
755,37.5,613,450,-0.13326,0.95888
755,44,613,450,-0.060835,0.95998
755,50.5,613,450,0.03976,0.95963
755,57,613,450,0.19598,0.95598
755,63.5,613,450,0.35705,0.9486
755,70,613,450,0.59368,0.93705
755,76.5,613,450,0.94318,0.91501
755,83,613,450,1.3864,0.88915
755,89.5,613,450,1.9929,0.86375
755,96,613,450,2.7626,0.59073
755,102.5,613,450,-2.9496,0.83905
755,109,613,450,-2.309,0.84563
755,115.5,613,450,-1.6717,0.81079
755,122,613,450,-1.2367,0.7096
755,128.5,613,450,-0.83063,0.56154
755,135,613,450,-0.51226,0.46738
755,141.5,613,450,-0.22232,0.51041
755,148,613,450,0.083125,0.29993
755,154.5,613,450,0.2492,0.32265
755,161,613,450,0.73188,0.26611
755,167.5,613,450,0.7707,0.16618
755,174,613,450,0.6463,0.2598
755,180.5,613,450,1.084,0.62314
755,187,613,450,1.4845,0.69057
755,193.5,613,450,1.8276,0.65533
755,200,613,450,2.0119,0.60828
806,5,613,450,-0.29059,0.95299
806,11.5,613,450,-0.29059,0.95299
806,18,613,450,-0.2643,0.9538
806,24.5,613,450,-0.23438,0.95455
806,31,613,450,-0.18692,0.95498
806,37.5,613,450,-0.12937,0.95551
806,44,613,450,-0.051724,0.95595
806,50.5,613,450,0.055519,0.95447
806,57,613,450,0.22152,0.94928
806,63.5,613,450,0.39242,0.94088
806,70,613,450,0.64363,0.92911
806,76.5,613,450,1.0157,0.91001
806,83,613,450,1.4908,0.89118
806,89.5,613,450,2.1441,0.86869
806,96,613,450,2.9907,0.38479
806,102.5,613,450,-2.7701,0.79807
806,109,613,450,-2.1241,0.70992
806,115.5,613,450,-1.5001,0.64462
806,122,613,450,-1.0442,0.56377
806,128.5,613,450,-0.56795,0.41369
806,135,613,450,-0.11261,0.28
806,141.5,613,450,-0.12364,0.093966
806,148,613,450,0.18587,0.18714
806,154.5,613,450,0.58857,0.22876
806,161,613,450,1.0115,0.1411
806,167.5,613,450,1.1125,0.10544
806,174,613,450,1.1647,0.22147
806,180.5,613,450,1.7492,0.37115
806,187,613,450,2.105,0.33089
806,193.5,613,450,2.1504,0.30373
806,200,613,450,2.3737,0.49195
857,5,613,450,-0.297,0.95481
857,11.5,613,450,-0.297,0.95481
857,18,613,450,-0.26899,0.95525
857,24.5,613,450,-0.23725,0.95563
857,31,613,450,-0.18717,0.95551
857,37.5,613,450,-0.12621,0.95541
857,44,613,450,-0.043763,0.95515
857,50.5,613,450,0.06951,0.95315
857,57,613,450,0.24488,0.94836
857,63.5,613,450,0.4257,0.94167
857,70,613,450,0.69284,0.93346
857,76.5,613,450,1.091,0.92107
857,83,613,450,1.6018,0.90364
857,89.5,613,450,2.3028,0.87775
857,96,613,450,-3.0462,0.28492
857,102.5,613,450,-2.4556,0.59894
857,109,613,450,-2.002,0.58971
857,115.5,613,450,-1.2912,0.53444
857,122,613,450,-0.70124,0.43141
857,128.5,613,450,0.034166,0.16984
857,135,613,450,-0.056525,0.01729
857,141.5,613,450,-0.616,0.1745
857,148,613,450,0.33759,0.18484
857,154.5,613,450,1.0496,0.23824
857,161,613,450,1.7252,0.14405
857,167.5,613,450,1.8819,0.095089
857,174,613,450,2.1383,0.2329
857,180.5,613,450,2.7897,0.26622
857,187,613,450,3.1101,0.13346
857,193.5,613,450,2.792,0.16304
857,200,613,450,2.7685,0.33972
908,5,613,450,-0.30124,0.95883
908,11.5,613,450,-0.30124,0.95883
908,18,613,450,-0.27183,0.95899
908,24.5,613,450,-0.23838,0.95929
908,31,613,450,-0.18589,0.95905
908,37.5,613,450,-0.12176,0.95872
908,44,613,450,-0.034733,0.95845
908,50.5,613,450,0.084698,0.95717
908,57,613,450,0.27018,0.9543
908,63.5,613,450,0.46215,0.94945
908,70,613,450,0.7477,0.944
908,76.5,613,450,1.1743,0.9313
908,83,613,450,1.7206,0.90901
908,89.5,613,450,2.4642,0.87117
908,96,613,450,-2.7494,0.25347
908,102.5,613,450,-2.2571,0.23587
908,109,613,450,-1.7801,0.51918
908,115.5,613,450,-0.87034,0.4002
908,122,613,450,0.014452,0.13775
908,128.5,613,450,-0.71686,0.0093942
908,135,613,450,-0.40021,0.052082
908,141.5,613,450,0.15088,0.1177
908,148,613,450,1.2282,0.11465
908,154.5,613,450,1.8779,0.17551
908,161,613,450,2.6506,0.21771
908,167.5,613,450,3.0348,0.29027
908,174,613,450,-2.6645,0.36759
908,180.5,613,450,-1.9201,0.24743
908,187,613,450,-1.3916,0.023704
908,193.5,613,450,2.9108,0.059201
908,200,613,450,-2.7743,0.33084
959,5,613,450,-0.31374,0.96113
959,11.5,613,450,-0.31374,0.96113
959,18,613,450,-0.28311,0.96109
959,24.5,613,450,-0.24776,0.96177
959,31,613,450,-0.1927,0.96201
959,37.5,613,450,-0.12533,0.96206
959,44,613,450,-0.033516,0.96242
959,50.5,613,450,0.09269,0.96225
959,57,613,450,0.28932,0.96058
959,63.5,613,450,0.49338,0.9561
959,70,613,450,0.79781,0.94856
959,76.5,613,450,1.2506,0.92921
959,83,613,450,1.8268,0.89808
959,89.5,613,450,2.607,0.86412
959,96,613,450,-2.5187,0.25871
959,102.5,613,450,-2.2995,0.1683
959,109,613,450,-1.3819,0.42265
959,115.5,613,450,-0.097906,0.14669
959,122,613,450,-0.80474,0.0054902
959,128.5,613,450,-0.2386,0.037956
959,135,613,450,0.98867,0.062659
959,141.5,613,450,2.0338,0.13018
959,148,613,450,3.0446,0.11102
959,154.5,613,450,2.9331,0.13624
959,161,613,450,-2.7218,0.2782
959,167.5,613,450,-2.2838,0.40999
959,174,613,450,-1.7796,0.3983
959,180.5,613,450,-0.98005,0.17478
959,187,613,450,-2.2051,0.0051427
959,193.5,613,450,-2.2812,0.18122
959,200,613,450,-1.7892,0.20494
1010,5,613,450,-0.31643,0.95935
1010,11.5,613,450,-0.31643,0.95935
1010,18,613,450,-0.28415,0.95999
1010,24.5,613,450,-0.24692,0.96057
1010,31,613,450,-0.18898,0.96137
1010,37.5,613,450,-0.11811,0.96197
1010,44,613,450,-0.021103,0.96289
1010,50.5,613,450,0.1123,0.96291
1010,57,613,450,0.32023,0.96015
1010,63.5,613,450,0.53577,0.95347
1010,70,613,450,0.85677,0.94148
1010,76.5,613,450,1.3313,0.91638
1010,83,613,450,1.9336,0.88736
1010,89.5,613,450,2.7538,0.86272
1010,96,613,450,-2.4346,0.31919
1010,102.5,613,450,-1.9676,0.16993
1010,109,613,450,-0.77243,0.29224
1010,115.5,613,450,0.67445,0.014465
1010,122,613,450,-0.19398,0.028625
1010,128.5,613,450,1.3527,0.088199
1010,135,613,450,2.4241,0.18766
1010,141.5,613,450,-3.0431,0.41212
1010,148,613,450,-2.3111,0.23038
1010,154.5,613,450,-2.5804,0.17708
1010,161,613,450,-2.2946,0.3842
1010,167.5,613,450,-1.7605,0.52821
1010,174,613,450,-1.312,0.40757
1010,180.5,613,450,-1.3728,0.12686
1010,187,613,450,-1.3893,0.3569
1010,193.5,613,450,-0.87855,0.40917
1010,200,613,450,-0.72402,0.15786
1061,5,613,450,-0.32089,0.95561
1061,11.5,613,450,-0.32089,0.95561
1061,18,613,450,-0.28705,0.95615
1061,24.5,613,450,-0.24778,0.95704
1061,31,613,450,-0.18681,0.95783
1061,37.5,613,450,-0.11222,0.95856
1061,44,613,450,-0.0098955,0.95939
1061,50.5,613,450,0.13045,0.95846
1061,57,613,450,0.34856,0.95353
1061,63.5,613,450,0.57399,0.94473
1061,70,613,450,0.90919,0.93133
1061,76.5,613,450,1.4045,0.91028
1061,83,613,450,2.0378,0.89253
1061,89.5,613,450,2.9037,0.87537
1061,96,613,450,-2.3575,0.57683
1061,102.5,613,450,-1.4773,0.17627
1061,109,613,450,-0.12795,0.21578
1061,115.5,613,450,0.56291,0.022158
1061,122,613,450,1.2387,0.097255
1061,128.5,613,450,2.3905,0.24089
1061,135,613,450,3.0984,0.30954
1061,141.5,613,450,-2.6254,0.57345
1061,148,613,450,-2.0801,0.3436
1061,154.5,613,450,-2.1211,0.41967
1061,161,613,450,-1.6977,0.65634
1061,167.5,613,450,-1.2678,0.58275
1061,174,613,450,-1.1262,0.44494
1061,180.5,613,450,-0.85655,0.6017
1061,187,613,450,-0.48489,0.63631
1061,193.5,613,450,0.0080724,0.37105
1061,200,613,450,-0.036586,0.18925
1112,5,613,450,-0.32732,0.95393
1112,11.5,613,450,-0.32732,0.95393
1112,18,613,450,-0.29206,0.95387
1112,24.5,613,450,-0.25069,0.95476
1112,31,613,450,-0.18684,0.95505
1112,37.5,613,450,-0.1086,0.95542
1112,44,613,450,-0.0012079,0.95565
1112,50.5,613,450,0.14547,0.95378
1112,57,613,450,0.37278,0.94819
1112,63.5,613,450,0.60779,0.94027
1112,70,613,450,0.9577,0.93042
1112,76.5,613,450,1.4781,0.91846
1112,83,613,450,2.1494,0.90592
1112,89.5,613,450,3.0603,0.88086
1112,96,613,450,-2.1098,0.83442
1112,102.5,613,450,-1.0969,0.22948
1112,109,613,450,0.34669,0.25897
1112,115.5,613,450,1.1888,0.12817
1112,122,613,450,2.0309,0.226
1112,128.5,613,450,2.8188,0.3637
1112,135,613,450,-2.9291,0.46551
1112,141.5,613,450,-2.4034,0.7577
1112,148,613,450,-1.9526,0.72642
1112,154.5,613,450,-1.5318,0.75277
1112,161,613,450,-1.0989,0.56872
1112,167.5,613,450,-0.98041,0.41616
1112,174,613,450,-0.92218,0.61029
1112,180.5,613,450,-0.4278,0.76448
1112,187,613,450,-0.029577,0.70568
1112,193.5,613,450,0.17353,0.41942
1112,200,613,450,0.37379,0.33208
1163,5,613,450,-0.33488,0.95845
1163,11.5,613,450,-0.33488,0.95845
1163,18,613,450,-0.2977,0.95895
1163,24.5,613,450,-0.25435,0.95945
1163,31,613,450,-0.18791,0.95925
1163,37.5,613,450,-0.10628,0.95911
1163,44,613,450,0.0058509,0.95889
1163,50.5,613,450,0.1586,0.95705
1163,57,613,450,0.39553,0.95299
1163,63.5,613,450,0.64106,0.94738
1163,70,613,450,1.0091,0.94201
1163,76.5,613,450,1.5588,0.93147
1163,83,613,450,2.2661,0.90949
1163,89.5,613,450,-3.0678,0.87499
1163,96,613,450,-1.9517,0.88675
1163,102.5,613,450,-0.81664,0.41563
1163,109,613,450,0.73482,0.39676
1163,115.5,613,450,1.6459,0.25615
1163,122,613,450,2.337,0.3575
1163,128.5,613,450,3.031,0.5914
1163,135,613,450,-2.6311,0.78482
1163,141.5,613,450,-2.0891,0.88506
1163,148,613,450,-1.6239,0.892
1163,154.5,613,450,-1.1507,0.7874
1163,161,613,450,-0.91489,0.39719
1163,167.5,613,450,-0.8537,0.46011
1163,174,613,450,-0.55427,0.86459
1163,180.5,613,450,-0.054054,0.93733
1163,187,613,450,0.29766,0.89171
1163,193.5,613,450,0.68265,0.86733
1163,200,613,450,1.0536,0.73042
1214,5,613,450,-0.33945,0.9625
1214,11.5,613,450,-0.33945,0.9625
1214,18,613,450,-0.30083,0.96262
1214,24.5,613,450,-0.25564,0.96284
1214,31,613,450,-0.18673,0.96268
1214,37.5,613,450,-0.10187,0.96246
1214,44,613,450,0.014964,0.9624
1214,50.5,613,450,0.17413,0.96156
1214,57,613,450,0.42185,0.95963
1214,63.5,613,450,0.67955,0.95548
1214,70,613,450,1.067,0.95002
1214,76.5,613,450,1.6452,0.93206
1214,83,613,450,2.3805,0.89935
1214,89.5,613,450,-2.9196,0.86378
1214,96,613,450,-1.8515,0.88208
1214,102.5,613,450,-0.47063,0.71443
1214,109,613,450,1.0517,0.47462
1214,115.5,613,450,1.8168,0.38966
1214,122,613,450,2.5505,0.6419
1214,128.5,613,450,-2.925,0.85738
1214,135,613,450,-2.3012,0.83596
1214,141.5,613,450,-1.8529,0.68125
1214,148,613,450,-1.4457,0.95257
1214,154.5,613,450,-0.91404,0.81116
1214,161,613,450,-0.56459,0.6191
1214,167.5,613,450,-0.46467,0.53795
1214,174,613,450,-0.049934,0.82313
1214,180.5,613,450,0.38965,0.75398
1214,187,613,450,0.71536,0.86461
1214,193.5,613,450,1.1416,0.85512
1214,200,613,450,1.5984,0.6808
1265,5,613,450,-0.34202,0.96468
1265,11.5,613,450,-0.34202,0.96468
1265,18,613,450,-0.30203,0.96468
1265,24.5,613,450,-0.25513,0.96493
1265,31,613,450,-0.18357,0.96527
1265,37.5,613,450,-0.095367,0.96539
1265,44,613,450,0.026415,0.96584
1265,50.5,613,450,0.19259,0.96578
1265,57,613,450,0.4519,0.96394
1265,63.5,613,450,0.72155,0.95841
1265,70,613,450,1.1269,0.94778
1265,76.5,613,450,1.7273,0.92129
1265,83,613,450,2.4879,0.89071
1265,89.5,613,450,-2.7727,0.86672
1265,96,613,450,-1.7465,0.88084
1265,102.5,613,450,-0.1739,0.84823
1265,109,613,450,1.1702,0.4702
1265,115.5,613,450,1.9969,0.68787
1265,122,613,450,2.8838,0.87083
1265,128.5,613,450,-2.6677,0.81443
1265,135,613,450,-2.1077,0.83661
1265,141.5,613,450,-1.648,0.68381
1265,148,613,450,-1.2049,0.95706
1265,154.5,613,450,-0.63641,0.84614
1265,161,613,450,-0.036005,0.45369
1265,167.5,613,450,-0.062634,0.4285
1265,174,613,450,0.37053,0.47527
1265,180.5,613,450,0.52638,0.65584
1265,187,613,450,1.0362,0.92253
1265,193.5,613,450,1.5136,0.91428
1265,200,613,450,1.8844,0.79663
1316,5,613,450,-0.35565,0.96288
1316,11.5,613,450,-0.35565,0.96288
1316,18,613,450,-0.31426,0.96321
1316,24.5,613,450,-0.26554,0.96369
1316,31,613,450,-0.19108,0.96436
1316,37.5,613,450,-0.099321,0.96488
1316,44,613,450,0.027661,0.96558
1316,50.5,613,450,0.20098,0.96512
1316,57,613,450,0.47125,0.96109
1316,63.5,613,450,0.75151,0.95229
1316,70,613,450,1.1712,0.93753
1316,76.5,613,450,1.7909,0.9132
1316,83,613,450,2.5823,0.89474
1316,89.5,613,450,-2.6307,0.87888
1316,96,613,450,-1.6032,0.86138
1316,102.5,613,450,-0.0041732,0.86318
1316,109,613,450,1.1479,0.63081
1316,115.5,613,450,2.2884,0.87367
1316,122,613,450,3.1049,0.82158
1316,128.5,613,450,-2.5295,0.826
1316,135,613,450,-1.8383,0.82893
1316,141.5,613,450,-1.2941,0.51034
1316,148,613,450,-0.88344,0.69754
1316,154.5,613,450,-0.37292,0.67923
1316,161,613,450,0.24907,0.26405
1316,167.5,613,450,0.38082,0.35892
1316,174,613,450,0.70532,0.26839
1316,180.5,613,450,0.93407,0.75133
1316,187,613,450,1.5324,0.87848
1316,193.5,613,450,2.0013,0.84895
1316,200,613,450,2.427,0.84329
1367,5,613,450,-0.35987,0.95905
1367,11.5,613,450,-0.35987,0.95905
1367,18,613,450,-0.31693,0.95972
1367,24.5,613,450,-0.2662,0.96052
1367,31,613,450,-0.18878,0.96099
1367,37.5,613,450,-0.09337,0.96147
1367,44,613,450,0.038802,0.96191
1367,50.5,613,450,0.21881,0.96043
1367,57,613,450,0.49864,0.9543
1367,63.5,613,450,0.78811,0.9447
1367,70,613,450,1.2216,0.93225
1367,76.5,613,450,1.8645,0.91842
1367,83,613,450,2.6939,0.90697
1367,89.5,613,450,-2.4698,0.87979
1367,96,613,450,-1.3766,0.80033
1367,102.5,613,450,0.11776,0.85783
1367,109,613,450,1.3608,0.8696
1367,115.5,613,450,2.4913,0.81257
1367,122,613,450,-3.0482,0.79521
1367,128.5,613,450,-2.2339,0.81091
1367,135,613,450,-1.5596,0.58398
1367,141.5,613,450,-1.0077,0.33904
1367,148,613,450,-0.56809,0.3741
1367,154.5,613,450,0.034586,0.42675
1367,161,613,450,0.51473,0.18095
1367,167.5,613,450,1.0152,0.14033
1367,174,613,450,1.0124,0.14054
1367,180.5,613,450,1.5665,0.51115
1367,187,613,450,2.0835,0.40146
1367,193.5,613,450,2.3899,0.58847
1367,200,613,450,2.7373,0.76437
1418,5,613,450,-0.36607,0.95694
1418,11.5,613,450,-0.36607,0.95694
1418,18,613,450,-0.32134,0.95769
1418,24.5,613,450,-0.26859,0.95853
1418,31,613,450,-0.18842,0.95862
1418,37.5,613,450,-0.089457,0.95872
1418,44,613,450,0.047648,0.95873
1418,50.5,613,450,0.23373,0.95662
1418,57,613,450,0.5226,0.95119
1418,63.5,613,450,0.82169,0.94403
1418,70,613,450,1.2716,0.9381
1418,76.5,613,450,1.9446,0.93004
1418,83,613,450,2.8124,0.90919
1418,89.5,613,450,-2.3163,0.87055
1418,96,613,450,-1.0877,0.70144
1418,102.5,613,450,0.25079,0.85546
1418,109,613,450,1.5506,0.82023
1418,115.5,613,450,2.6232,0.75397
1418,122,613,450,-2.81,0.81896
1418,128.5,613,450,-1.9789,0.55563
1418,135,613,450,-1.3038,0.39546
1418,141.5,613,450,-0.61556,0.24765
1418,148,613,450,0.3026,0.13475
1418,154.5,613,450,0.062447,0.054387
1418,161,613,450,0.58723,0.10719
1418,167.5,613,450,1.3749,0.13746
1418,174,613,450,1.6068,0.10018
1418,180.5,613,450,2.3023,0.2638
1418,187,613,450,2.4086,0.21004
1418,193.5,613,450,2.7312,0.37721
1418,200,613,450,-3.0146,0.85874
1469,5,613,450,-0.37242,0.95858
1469,11.5,613,450,-0.37242,0.95858
1469,18,613,450,-0.32601,0.95922
1469,24.5,613,450,-0.27125,0.95968
1469,31,613,450,-0.18864,0.95964
1469,37.5,613,450,-0.086346,0.95946
1469,44,613,450,0.055518,0.95938
1469,50.5,613,450,0.24774,0.95792
1469,57,613,450,0.54661,0.95512
1469,63.5,613,450,0.8572,0.9511
1469,70,613,450,1.3271,0.94799
1469,76.5,613,450,2.0301,0.93334
1469,83,613,450,2.9262,0.89815
1469,89.5,613,450,-2.1693,0.86468
1469,96,613,450,-0.78815,0.65151
1469,102.5,613,450,0.47953,0.68532
1469,109,613,450,1.6946,0.74836
1469,115.5,613,450,2.8032,0.70774
1469,122,613,450,-2.5885,0.59686
1469,128.5,613,450,-1.7132,0.39559
1469,135,613,450,-0.77066,0.25513
1469,141.5,613,450,0.27035,0.099644
1469,148,613,450,3.0179,0.036461
1469,154.5,613,450,-0.26654,0.094651
1469,161,613,450,1.1563,0.16631
1469,167.5,613,450,2.228,0.19564
1469,174,613,450,2.6148,0.22336
1469,180.5,613,450,-2.5587,0.21295
1469,187,613,450,-3.1267,0.037275
1469,193.5,613,450,-3.0232,0.38125
1469,200,613,450,-2.4636,0.46189
