500,25,657,260,-0.13405,0.96101
500,30,657,260,-0.069193,0.96395
500,35,657,260,-6.7589e-05,0.96695
500,40,657,260,0.10053,0.96973
500,45,657,260,0.18997,0.97073
500,50,657,260,0.31665,0.97168
500,55,657,260,0.45593,0.97133
500,60,657,260,0.64388,0.96808
500,65,657,260,0.81985,0.964
500,70,657,260,1.0378,0.95997
500,75,657,260,1.2562,0.95583
500,80,657,260,1.5232,0.9495
500,85,657,260,1.8429,0.94573
500,90,657,260,2.16,0.93964
500,95,657,260,2.4514,0.93633
500,100,657,260,2.7881,0.93038
500,105,657,260,3.1324,0.93402
500,110,657,260,-2.7935,0.94953
500,115,657,260,-2.4462,0.96325
500,120,657,260,-2.0502,0.96832
500,125,657,260,-1.6556,0.94173
500,130,657,260,-1.1725,0.86622
500,135,657,260,-0.72749,0.77676
500,140,657,260,-0.56724,0.74839
500,145,657,260,-0.38311,0.7232
500,150,657,260,-0.27175,0.71519
510,25,657,260,-0.14358,0.95929
510,30,657,260,-0.077607,0.96202
510,35,657,260,-0.0069347,0.96466
510,40,657,260,0.095432,0.96694
510,45,657,260,0.18627,0.96754
510,50,657,260,0.31512,0.96795
510,55,657,260,0.45701,0.96713
510,60,657,260,0.6478,0.96359
510,65,657,260,0.82641,0.95979
510,70,657,260,1.0486,0.95671
510,75,657,260,1.2711,0.95345
510,80,657,260,1.5427,0.94831
510,85,657,260,1.8686,0.94529
510,90,657,260,2.1926,0.94204
510,95,657,260,2.4903,0.94012
510,100,657,260,2.8343,0.93918
510,105,657,260,-3.0949,0.94507
510,110,657,260,-2.7269,0.96055
510,115,657,260,-2.3688,0.9662
510,120,657,260,-1.9631,0.95599
510,125,657,260,-1.565,0.91302
510,130,657,260,-1.0872,0.83029
510,135,657,260,-0.6501,0.75406
510,140,657,260,-0.49125,0.73548
510,145,657,260,-0.30665,0.72597
510,150,657,260,-0.19328,0.72792
520,25,657,260,-0.13744,0.9592
520,30,657,260,-0.070162,0.9617
520,35,657,260,0.0019255,0.96404
520,40,657,260,0.10622,0.96587
520,45,657,260,0.19873,0.9661
520,50,657,260,0.32983,0.96612
520,55,657,260,0.4742,0.96509
520,60,657,260,0.66828,0.96147
520,65,657,260,0.85009,0.9581
520,70,657,260,1.0765,0.95627
520,75,657,260,1.3034,0.95388
520,80,657,260,1.5805,0.95042
520,85,657,260,1.9134,0.94927
520,90,657,260,2.2454,0.94925
520,95,657,260,2.5498,0.94969
520,100,657,260,2.9027,0.95117
520,105,657,260,-3.0154,0.95825
520,110,657,260,-2.6353,0.96986
520,115,657,260,-2.2673,0.96657
520,120,657,260,-1.8544,0.93718
520,125,657,260,-1.4573,0.88067
520,130,657,260,-0.98546,0.80212
520,135,657,260,-0.55166,0.74811
520,140,657,260,-0.39116,0.74227
520,145,657,260,-0.20073,0.75065
520,150,657,260,-0.081179,0.76329
530,25,657,260,-0.14597,0.95761
530,30,657,260,-0.077632,0.95982
530,35,657,260,-0.0040877,0.96177
530,40,657,260,0.10186,0.96313
530,45,657,260,0.1957,0.96305
530,50,657,260,0.32886,0.96269
530,55,657,260,0.47575,0.96151
530,60,657,260,0.67267,0.9581
530,65,657,260,0.85728,0.95532
530,70,657,260,1.0881,0.95509
530,75,657,260,1.3194,0.95394
530,80,657,260,1.6017,0.95175
530,85,657,260,1.9424,0.95348
530,90,657,260,2.2811,0.95323
530,95,657,260,2.593,0.95569
530,100,657,260,2.9544,0.95849
530,105,657,260,-2.9548,0.96636
530,110,657,260,-2.5643,0.96848
530,115,657,260,-2.1893,0.9547
530,120,657,260,-1.7729,0.91093
530,125,657,260,-1.3784,0.84843
530,130,657,260,-0.91223,0.78172
530,135,657,260,-0.47687,0.75293
530,140,657,260,-0.31232,0.75845
530,145,657,260,-0.11253,0.78381
530,150,657,260,0.014633,0.80541
540,25,657,260,-0.14072,0.9576
540,30,657,260,-0.071126,0.95953
540,35,657,260,0.0037662,0.96117
540,40,657,260,0.11155,0.96216
540,45,657,260,0.20697,0.96183
540,50,657,260,0.34231,0.96127
540,55,657,260,0.49164,0.96019
540,60,657,260,0.69186,0.95717
540,65,657,260,0.87981,0.95526
540,70,657,260,1.1152,0.95663
540,75,657,260,1.3511,0.95657
540,80,657,260,1.6392,0.95627
540,85,657,260,1.987,0.95842
540,90,657,260,2.3343,0.96174
540,95,657,260,2.6536,0.96365
540,100,657,260,3.0255,0.96794
540,105,657,260,-2.8737,0.97232
540,110,657,260,-2.4735,0.9644
540,115,657,260,-2.0921,0.93947
540,120,657,260,-1.6764,0.88396
540,125,657,260,-1.2851,0.82396
540,130,657,260,-0.81955,0.77528
540,135,657,260,-0.37586,0.77619
540,140,657,260,-0.20237,0.79489
540,145,657,260,0.012607,0.83556
540,150,657,260,0.15058,0.86282
550,25,657,260,-0.1292,0.95779
550,30,657,260,-0.058389,0.95942
550,35,657,260,0.017819,0.96075
550,40,657,260,0.1274,0.96141
550,45,657,260,0.2244,0.96091
550,50,657,260,0.36191,0.96024
550,55,657,260,0.51371,0.95944
550,60,657,260,0.7173,0.95702
550,65,657,260,0.90868,0.95614
550,70,657,260,1.1489,0.95913
550,75,657,260,1.3896,0.96024
550,80,657,260,1.6837,0.96142
550,85,657,260,2.0394,0.96502
550,90,657,260,2.3956,0.96882
550,95,657,260,2.7227,0.97199
550,100,657,260,3.1037,0.97572
550,105,657,260,-2.7855,0.97204
550,110,657,260,-2.3768,0.95435
550,115,657,260,-1.9935,0.91997
550,120,657,260,-1.5784,0.85775
550,125,657,260,-1.1891,0.80646
550,130,657,260,-0.72121,0.7822
550,135,657,260,-0.26029,0.81259
550,140,657,260,-0.07517,0.84157
550,145,657,260,0.15856,0.89042
550,150,657,260,0.309,0.91725
560,25,657,260,-0.13852,0.95637
560,30,657,260,-0.066743,0.95769
560,35,657,260,0.010806,0.9587
560,40,657,260,0.12192,0.95909
560,45,657,260,0.22016,0.95852
560,50,657,260,0.35965,0.95785
560,55,657,260,0.51401,0.95745
560,60,657,260,0.72059,0.95593
560,65,657,260,0.91509,0.95632
560,70,657,260,1.1604,0.96085
560,75,657,260,1.4059,0.96318
560,80,657,260,1.7059,0.96536
560,85,657,260,2.0697,0.96924
560,90,657,260,2.4336,0.97288
560,95,657,260,2.7674,0.97375
560,100,657,260,-3.1259,0.97489
560,105,657,260,-2.7235,0.96757
560,110,657,260,-2.311,0.93835
560,115,657,260,-1.9253,0.90004
560,120,657,260,-1.5128,0.83778
560,125,657,260,-1.1247,0.79804
560,130,657,260,-0.64896,0.79687
560,135,657,260,-0.16745,0.85088
560,140,657,260,0.030277,0.88553
560,145,657,260,0.28185,0.93146
560,150,657,260,0.44237,0.94917
570,25,657,260,-0.13365,0.95674
570,30,657,260,-0.060711,0.9578
570,35,657,260,0.018095,0.95856
570,40,657,260,0.13094,0.9588
570,45,657,260,0.23073,0.95825
570,50,657,260,0.37237,0.95771
570,55,657,260,0.52927,0.95789
570,60,657,260,0.73942,0.95708
570,65,657,260,0.9376,0.95892
570,70,657,260,1.1881,0.96495
570,75,657,260,1.4387,0.96819
570,80,657,260,1.7451,0.97171
570,85,657,260,2.1171,0.97529
570,90,657,260,2.4896,0.97938
570,95,657,260,2.8312,0.97836
570,100,657,260,-3.0531,0.97526
570,105,657,260,-2.6444,0.95944
570,110,657,260,-2.2269,0.92142
570,115,657,260,-1.8408,0.88079
570,120,657,260,-1.4303,0.82694
570,125,657,260,-1.0403,0.80101
570,130,657,260,-0.54937,0.82632
570,135,657,260,-0.037931,0.89824
570,140,657,260,0.17476,0.92987
570,145,657,260,0.44377,0.95754
570,150,657,260,0.61158,0.95722
580,25,657,260,-0.14198,0.95562
580,30,657,260,-0.068131,0.95642
580,35,657,260,0.011958,0.95695
580,40,657,260,0.12631,0.95711
580,45,657,260,0.22737,0.95667
580,50,657,260,0.37103,0.95641
580,55,657,260,0.53062,0.9573
580,60,657,260,0.744,0.95768
580,65,657,260,0.94565,0.96082
580,70,657,260,1.2016,0.96803
580,75,657,260,1.4573,0.97202
580,80,657,260,1.77,0.97593
580,85,657,260,2.1496,0.97922
580,90,657,260,2.5303,0.98008
580,95,657,260,2.8783,0.9759
580,100,657,260,-2.9984,0.96949
580,105,657,260,-2.5839,0.94854
580,110,657,260,-2.1659,0.9036
580,115,657,260,-1.7785,0.8638
580,120,657,260,-1.3685,0.81995
580,125,657,260,-0.97291,0.8115
580,130,657,260,-0.46454,0.85787
580,135,657,260,0.076718,0.93341
580,140,657,260,0.3012,0.95344
580,145,657,260,0.58034,0.95266
580,150,657,260,0.75039,0.93362
590,25,657,260,-0.13689,0.95625
590,30,657,260,-0.061932,0.95685
590,35,657,260,0.019372,0.95726
590,40,657,260,0.13544,0.95745
590,45,657,260,0.23805,0.95719
590,50,657,260,0.38392,0.95729
590,55,657,260,0.54621,0.95897
590,60,657,260,0.76337,0.96049
590,65,657,260,0.96903,0.96478
590,70,657,260,1.2305,0.97297
590,75,657,260,1.4916,0.97742
590,80,657,260,1.8108,0.98153
590,85,657,260,2.1987,0.98323
590,90,657,260,2.588,0.9817
590,95,657,260,2.942,0.97549
590,100,657,260,-2.9271,0.96077
590,105,657,260,-2.5078,0.93548
590,110,657,260,-2.0887,0.88949
590,115,657,260,-1.6995,0.8541
590,120,657,260,-1.2873,0.82529
590,125,657,260,-0.88224,0.83471
590,130,657,260,-0.34815,0.89733
590,135,657,260,0.22509,0.95753
590,140,657,260,0.45836,0.95568
590,145,657,260,0.74011,0.92185
590,150,657,260,0.90735,0.88725
600,25,657,260,-0.13228,0.95707
600,30,657,260,-0.05622,0.9575
600,35,657,260,0.0263,0.95785
600,40,657,260,0.1441,0.95817
600,45,657,260,0.2483,0.95819
600,50,657,260,0.39643,0.95876
600,55,657,260,0.56152,0.9613
600,60,657,260,0.78256,0.96388
600,65,657,260,0.99237,0.9692
600,70,657,260,1.2594,0.978
600,75,657,260,1.5259,0.98254
600,80,657,260,1.8519,0.98639
600,85,657,260,2.2477,0.98585
600,90,657,260,2.6445,0.98222
600,95,657,260,3.0058,0.97183
600,100,657,260,-2.8584,0.95226
600,105,657,260,-2.4342,0.92132
600,110,657,260,-2.0135,0.87819
600,115,657,260,-1.6219,0.85201
600,120,657,260,-1.2054,0.83896
600,125,657,260,-0.78578,0.86645
600,130,657,260,-0.223,0.93416
600,135,657,260,0.37597,0.95724
600,140,657,260,0.6118,0.93168
600,145,657,260,0.88822,0.87314
600,150,657,260,1.0493,0.83171
