500,25,637,260,-0.14213,0.95926
500,30,637,260,-0.074568,0.96192
500,35,637,260,-0.0023279,0.96447
500,40,637,260,0.10334,0.96656
500,45,637,260,0.19723,0.96694
500,50,637,260,0.33054,0.96716
500,55,637,260,0.47719,0.96624
500,60,637,260,0.67629,0.96254
500,65,637,260,0.86327,0.95886
500,70,637,260,1.0963,0.9567
500,75,637,260,1.3299,0.95396
500,80,637,260,1.6145,0.94962
500,85,637,260,1.9564,0.94786
500,90,637,260,2.2952,0.94682
500,95,637,260,2.6037,0.94544
500,100,637,260,2.9567,0.9478
500,105,637,260,-2.9664,0.95577
500,110,637,260,-2.59,0.96856
500,115,637,260,-2.2307,0.96574
500,120,637,260,-1.8279,0.93854
500,125,637,260,-1.4439,0.88525
500,130,637,260,-0.98659,0.80839
500,135,637,260,-0.56213,0.75095
500,140,637,260,-0.40684,0.74111
500,145,637,260,-0.22249,0.74456
500,150,637,260,-0.10861,0.75265
510,25,637,260,-0.15233,0.95751
510,30,637,260,-0.083661,0.95987
510,35,637,260,-0.0098698,0.96202
510,40,637,260,0.097569,0.96361
510,45,637,260,0.19286,0.96365
510,50,637,260,0.32838,0.96345
510,55,637,260,0.47772,0.96233
510,60,637,260,0.67985,0.9588
510,65,637,260,0.86976,0.9559
510,70,637,260,1.1076,0.95526
510,75,637,260,1.3458,0.95366
510,80,637,260,1.6359,0.95113
510,85,637,260,1.9851,0.95202
510,90,637,260,2.3315,0.95128
510,95,637,260,2.6485,0.95222
510,100,637,260,3.0092,0.95733
510,105,637,260,-2.9029,0.96287
510,110,637,260,-2.5171,0.96788
510,115,637,260,-2.1506,0.95645
510,120,637,260,-1.7445,0.91311
510,125,637,260,-1.3623,0.85191
510,130,637,260,-0.91056,0.78527
510,135,637,260,-0.48647,0.75071
510,140,637,260,-0.32766,0.75303
510,145,637,260,-0.13567,0.7733
510,150,637,260,-0.015445,0.79149
520,25,637,260,-0.14625,0.95758
520,30,637,260,-0.076263,0.95967
520,35,637,260,-0.0010487,0.96148
520,40,637,260,0.10834,0.96267
520,45,637,260,0.20533,0.96243
520,50,637,260,0.34318,0.96198
520,55,637,260,0.49513,0.96093
520,60,637,260,0.70081,0.95773
520,65,637,260,0.89431,0.95572
520,70,637,260,1.1371,0.95672
520,75,637,260,1.3803,0.95639
520,80,637,260,1.6767,0.95525
520,85,637,260,2.034,0.95812
520,90,637,260,2.3896,0.96038
520,95,637,260,2.714,0.9606
520,100,637,260,3.0852,0.96749
520,105,637,260,-2.8169,0.97138
520,110,637,260,-2.4197,0.96468
520,115,637,260,-2.0472,0.93865
520,120,637,260,-1.6409,0.88262
520,125,637,260,-1.2632,0.82406
520,130,637,260,-0.81316,0.77582
520,135,637,260,-0.38174,0.77184
520,140,637,260,-0.21533,0.78706
520,145,637,260,-0.0088844,0.82346
520,150,637,260,0.12224,0.84918
530,25,637,260,-0.15533,0.95608
530,30,637,260,-0.084292,0.95784
530,35,637,260,-0.0076189,0.95928
530,40,637,260,0.10344,0.96008
530,45,637,260,0.20177,0.95965
530,50,637,260,0.34174,0.95903
530,55,637,260,0.49637,0.95818
530,60,637,260,0.70517,0.95565
530,65,637,260,0.90179,0.95471
530,70,637,260,1.1499,0.95753
530,75,637,260,1.3981,0.95844
530,80,637,260,1.7004,0.95888
530,85,637,260,2.0661,0.96153
530,90,637,260,2.43,0.96446
530,95,637,260,2.7614,0.96562
530,100,637,260,-3.1407,0.97015
530,105,637,260,-2.7508,0.96931
530,110,637,260,-2.3476,0.95198
530,115,637,260,-1.9709,0.91893
530,120,637,260,-1.5676,0.85591
530,125,637,260,-1.1915,0.80364
530,130,637,260,-0.74087,0.77672
530,135,637,260,-0.29653,0.79931
530,140,637,260,-0.12004,0.82564
530,145,637,260,0.1024,0.87215
530,150,637,260,0.24433,0.89986
540,25,637,260,-0.15014,0.95633
540,30,637,260,-0.077857,0.95779
540,35,637,260,0.00017104,0.95894
540,40,637,260,0.1131,0.95947
540,45,637,260,0.21308,0.95894
540,50,637,260,0.35534,0.95832
540,55,637,260,0.51261,0.95789
540,60,637,260,0.72509,0.95616
540,65,637,260,0.92554,0.95644
540,70,637,260,1.179,0.96094
540,75,637,260,1.4325,0.96302
540,80,637,260,1.7416,0.96496
540,85,637,260,2.1156,0.96957
540,90,637,260,2.4883,0.97232
540,95,637,260,2.8288,0.9722
540,100,637,260,-3.0633,0.97338
540,105,637,260,-2.6646,0.96567
540,110,637,260,-2.2547,0.93684
540,115,637,260,-1.8782,0.89629
540,120,637,260,-1.476,0.83496
540,125,637,260,-1.1018,0.79506
540,130,637,260,-0.64301,0.79412
540,135,637,260,-0.17577,0.84433
540,140,637,260,0.0144,0.87733
540,145,637,260,0.25727,0.92426
540,150,637,260,0.41034,0.94395
550,25,637,260,-0.13798,0.95688
550,30,637,260,-0.064466,0.95806
550,35,637,260,0.014886,0.95894
550,40,637,260,0.12965,0.95927
550,45,637,260,0.23128,0.95871
550,50,637,260,0.37584,0.95817
550,55,637,260,0.53583,0.9583
550,60,637,260,0.75209,0.95754
550,65,637,260,0.95652,0.95913
550,70,637,260,1.2155,0.96519
550,75,637,260,1.4745,0.9683
550,80,637,260,1.7905,0.97132
550,85,637,260,2.1734,0.97614
550,90,637,260,2.5555,0.97809
550,95,637,260,2.9034,0.97551
550,100,637,260,-2.979,0.97403
550,105,637,260,-2.5718,0.95757
550,110,637,260,-2.1595,0.91752
550,115,637,260,-1.7812,0.87552
550,120,637,260,-1.3819,0.82306
550,125,637,260,-1.0058,0.8003
550,130,637,260,-0.53148,0.82392
550,135,637,260,-0.035181,0.89336
550,140,637,260,0.16967,0.92494
550,145,637,260,0.43075,0.95565
550,150,637,260,0.59246,0.95863
560,25,637,260,-0.14789,0.95562
560,30,637,260,-0.073428,0.95653
560,35,637,260,0.0072748,0.95716
560,40,637,260,0.12363,0.9574
560,45,637,260,0.22657,0.95696
560,50,637,260,0.37325,0.9567
560,55,637,260,0.53607,0.95755
560,60,637,260,0.7558,0.95803
560,65,637,260,0.96392,0.96101
560,70,637,260,1.2288,0.96832
560,75,637,260,1.4933,0.97216
560,80,637,260,1.8157,0.97569
560,85,637,260,2.2065,0.9792
560,90,637,260,2.5977,0.9784
560,95,637,260,2.9526,0.97447
560,100,637,260,-2.9232,0.96573
560,105,637,260,-2.5103,0.94491
560,110,637,260,-2.0967,0.90019
560,115,637,260,-1.7178,0.8585
560,120,637,260,-1.3193,0.8179
560,125,637,260,-0.93765,0.81021
560,130,637,260,-0.44571,0.85558
560,135,637,260,0.080252,0.93047
560,140,637,260,0.29734,0.95148
560,145,637,260,0.5694,0.95493
560,150,637,260,0.73397,0.93899
570,25,637,260,-0.14299,0.95634
570,30,637,260,-0.067367,0.95702
570,35,637,260,0.014618,0.95751
570,40,637,260,0.13279,0.95776
570,45,637,260,0.23739,0.9575
570,50,637,260,0.38641,0.9576
570,55,637,260,0.5521,0.95926
570,60,637,260,0.77576,0.96077
570,65,637,260,0.9883,0.96511
570,70,637,260,1.2591,0.97343
570,75,637,260,1.5294,0.97774
570,80,637,260,1.859,0.98159
570,85,637,260,2.2583,0.98379
570,90,637,260,2.6578,0.98107
570,95,637,260,3.02,0.97266
570,100,637,260,-2.8472,0.95819
570,105,637,260,-2.4307,0.92923
570,110,637,260,-2.0164,0.88461
570,115,637,260,-1.6362,0.85024
570,120,637,260,-1.2353,0.82412
570,125,637,260,-0.84301,0.83575
570,130,637,260,-0.32529,0.89766
570,135,637,260,0.23342,0.95691
570,140,637,260,0.45973,0.95628
570,145,637,260,0.73529,0.92634
570,150,637,260,0.89777,0.89381
580,25,637,260,-0.15171,0.9555
580,30,637,260,-0.075187,0.956
580,35,637,260,0.0081027,0.95637
580,40,637,260,0.12786,0.95673
580,45,637,260,0.23384,0.95676
580,50,637,260,0.38508,0.95736
580,55,637,260,0.55381,0.95992
580,60,637,260,0.78127,0.96278
580,65,637,260,0.99784,0.96822
580,70,637,260,1.2748,0.97698
580,75,637,260,1.5507,0.98128
580,80,637,260,1.887,0.98439
580,85,637,260,2.2944,0.98406
580,90,637,260,2.7013,0.97771
580,95,637,260,3.0695,0.9666
580,100,637,260,-2.7924,0.94582
580,105,637,260,-2.3724,0.91585
580,110,637,260,-1.9571,0.87048
580,115,637,260,-1.5751,0.84568
580,120,637,260,-1.1692,0.83408
580,125,637,260,-0.76442,0.86121
580,130,637,260,-0.2212,0.9298
580,135,637,260,0.36193,0.95623
580,140,637,260,0.59132,0.93423
580,145,637,260,0.86228,0.87916
580,150,637,260,1.0195,0.83898
590,25,637,260,-0.14647,0.95648
590,30,637,260,-0.068817,0.95685
590,35,637,260,0.015734,0.95721
590,40,637,260,0.13733,0.95779
590,45,637,260,0.24501,0.95815
590,50,637,260,0.3987,0.9593
590,55,637,260,0.5705,0.96275
590,60,637,260,0.8023,0.96673
590,65,637,260,1.0235,0.97303
590,70,637,260,1.3066,0.98191
590,75,637,260,1.5883,0.98588
590,80,637,260,1.9316,0.98814
590,85,637,260,2.347,0.98501
590,90,637,260,2.7622,0.9744
590,95,637,260,3.1356,0.96025
590,100,637,260,-2.7216,0.93573
590,105,637,260,-2.2967,0.90262
590,110,637,260,-1.8805,0.86601
590,115,637,260,-1.4932,0.85132
590,120,637,260,-1.0782,0.8587
590,125,637,260,-0.65536,0.89794
590,130,637,260,-0.083249,0.95515
590,135,637,260,0.51548,0.93385
590,140,637,260,0.74224,0.89222
590,145,637,260,1.0032,0.82499
590,150,637,260,1.1531,0.78556
600,25,637,260,-0.14171,0.95767
600,30,637,260,-0.06293,0.95795
600,35,637,260,0.022892,0.95834
600,40,637,260,0.14636,0.9592
600,45,637,260,0.25581,0.95995
600,50,637,260,0.41202,0.96168
600,55,637,260,0.58701,0.96602
600,60,637,260,0.82323,0.97103
600,65,637,260,1.0491,0.9779
600,70,637,260,1.3383,0.98639
600,75,637,260,1.6258,0.98959
600,80,637,260,1.976,0.9904
600,85,637,260,2.399,0.98433
600,90,637,260,2.8215,0.97026
600,95,637,260,-3.0826,0.9541
600,100,637,260,-2.6518,0.92441
600,105,637,260,-2.2249,0.89506
600,110,637,260,-1.805,0.86584
600,115,637,260,-1.4109,0.86375
600,120,637,260,-0.98196,0.88732
600,125,637,260,-0.53831,0.93287
600,130,637,260,0.058341,0.96339
600,135,637,260,0.6596,0.89292
600,140,637,260,0.87985,0.84252
600,145,637,260,1.1287,0.77759
600,150,637,260,1.2727,0.74494
