500,5,610,450,-0.25726,0.95247
500,11.5,610,450,-0.25726,0.95247
500,18,610,450,-0.24006,0.95328
500,24.5,610,450,-0.22141,0.95413
500,31,610,450,-0.19013,0.95465
500,37.5,610,450,-0.15297,0.95523
500,44,610,450,-0.10464,0.95585
500,50.5,610,450,-0.036241,0.95475
500,57,610,450,0.069503,0.95021
500,63.5,610,450,0.1778,0.9424
500,70,610,450,0.33345,0.93075
500,76.5,610,450,0.56496,0.9092
500,83,610,450,0.86465,0.88372
500,89.5,610,450,1.313,0.85866
500,96,610,450,2.005,0.76277
500,102.5,610,450,2.5559,0.2223
500,109,610,450,2.9589,0.34555
500,115.5,610,450,-2.736,0.42764
500,122,610,450,-2.3289,0.51053
500,128.5,610,450,-1.9398,0.60654
500,135,610,450,-1.6197,0.65101
500,141.5,610,450,-1.3448,0.64174
500,148,610,450,-1.1221,0.53413
500,154.5,610,450,-1.049,0.41878
500,161,610,450,-1.035,0.42539
500,167.5,610,450,-1.0294,0.48011
500,174,610,450,-0.90414,0.62185
500,180.5,610,450,-0.70404,0.67788
500,187,610,450,-0.55266,0.68422
500,193.5,610,450,-0.37834,0.65407
500,200,610,450,-0.1867,0.56646
551,5,610,450,-0.26333,0.95462
551,11.5,610,450,-0.26333,0.95462
551,18,610,450,-0.24449,0.95502
551,24.5,610,450,-0.22393,0.95535
551,31,610,450,-0.18997,0.9552
551,37.5,610,450,-0.14935,0.95499
551,44,610,450,-0.096107,0.95465
551,50.5,610,450,-0.021428,0.95255
551,57,610,450,0.093983,0.94723
551,63.5,610,450,0.21236,0.939
551,70,610,450,0.38394,0.92814
551,76.5,610,450,0.63929,0.90933
551,83,610,450,0.97084,0.88882
551,89.5,610,450,1.454,0.87048
551,96,610,450,2.1486,0.80351
551,102.5,610,450,2.6064,0.4444
551,109,610,450,-3.0136,0.65219
551,115.5,610,450,-2.3812,0.72921
551,122,610,450,-1.9404,0.74467
551,128.5,610,450,-1.5794,0.72228
551,135,610,450,-1.2988,0.70153
551,141.5,610,450,-1.0094,0.66055
551,148,610,450,-0.82982,0.34953
551,154.5,610,450,-0.96926,0.38652
551,161,610,450,-0.96093,0.51205
551,167.5,610,450,-0.78653,0.78239
551,174,610,450,-0.55878,0.85975
551,180.5,610,450,-0.33358,0.87161
551,187,610,450,-0.16059,0.85993
551,193.5,610,450,0.021209,0.78789
551,200,610,450,0.13952,0.71309
602,5,610,450,-0.27587,0.95895
602,11.5,610,450,-0.27587,0.95895
602,18,610,450,-0.25567,0.959
602,24.5,610,450,-0.2334,0.95914
602,31,610,450,-0.19703,0.9588
602,37.5,610,450,-0.15328,0.95826
602,44,610,450,-0.095491,0.95768
602,50.5,610,450,-0.014756,0.95586
602,57,610,450,0.11042,0.95161
602,63.5,610,450,0.23939,0.94489
602,70,610,450,0.42766,0.93669
602,76.5,610,450,0.70923,0.92155
602,83,610,450,1.074,0.90278
602,89.5,610,450,1.5886,0.88421
602,96,610,450,2.2463,0.8416
602,102.5,610,450,2.8902,0.79131
602,109,610,450,-2.6981,0.84149
602,115.5,610,450,-2.0939,0.78368
602,122,610,450,-1.7151,0.71281
602,128.5,610,450,-1.4302,0.71662
602,135,610,450,-1.1531,0.74503
602,141.5,610,450,-0.84466,0.70783
602,148,610,450,-0.7992,0.50572
602,154.5,610,450,-0.65672,0.53632
602,161,610,450,-0.60324,0.70291
602,167.5,610,450,-0.34978,0.89765
602,174,610,450,-0.11953,0.92498
602,180.5,610,450,0.11593,0.90621
602,187,610,450,0.28196,0.89523
602,193.5,610,450,0.4845,0.91741
602,200,610,450,0.69975,0.86928
653,5,610,450,-0.27832,0.96116
653,11.5,610,450,-0.27832,0.96116
653,18,610,450,-0.25682,0.96121
653,24.5,610,450,-0.23285,0.96166
653,31,610,450,-0.19395,0.9618
653,37.5,610,450,-0.14702,0.96171
653,44,610,450,-0.08453,0.96182
653,50.5,610,450,0.0027632,0.96117
653,57,610,450,0.13876,0.95868
653,63.5,610,450,0.27931,0.95326
653,70,610,450,0.48594,0.94629
653,76.5,610,450,0.79519,0.93042
653,83,610,450,1.1927,0.90738
653,89.5,610,450,1.739,0.88364
653,96,610,450,2.3684,0.868
653,102.5,610,450,3.1329,0.86779
653,109,610,450,-2.4946,0.84789
653,115.5,610,450,-1.9604,0.74504
653,122,610,450,-1.6296,0.75803
653,128.5,610,450,-1.2655,0.83199
653,135,610,450,-0.93565,0.82421
653,141.5,610,450,-0.6276,0.83716
653,148,610,450,-0.33156,0.55008
653,154.5,610,450,-0.24945,0.42239
653,161,610,450,-0.19355,0.58584
653,167.5,610,450,0.090061,0.64211
653,174,610,450,0.28464,0.5672
653,180.5,610,450,0.35095,0.59971
653,187,610,450,0.55303,0.79322
653,193.5,610,450,0.82509,0.88365
653,200,610,450,1.0877,0.8658
704,5,610,450,-0.28123,0.95902
704,11.5,610,450,-0.28123,0.95902
704,18,610,450,-0.25823,0.9595
704,24.5,610,450,-0.23233,0.96038
704,31,610,450,-0.19056,0.96114
704,37.5,610,450,-0.14009,0.96176
704,44,610,450,-0.072403,0.9627
704,50.5,610,450,0.022091,0.96277
704,57,610,450,0.16953,0.96037
704,63.5,610,450,0.32208,0.95435
704,70,610,450,0.5468,0.94513
704,76.5,610,450,0.88191,0.92413
704,83,610,450,1.3092,0.89641
704,89.5,610,450,1.891,0.86961
704,96,610,450,2.5525,0.73631
704,102.5,610,450,-3.0088,0.8577
704,109,610,450,-2.3745,0.82766
704,115.5,610,450,-1.8485,0.85763
704,122,610,450,-1.4052,0.85188
704,128.5,610,450,-0.99564,0.7462
704,135,610,450,-0.68307,0.64659
704,141.5,610,450,-0.3784,0.73308
704,148,610,450,-0.078185,0.38603
704,154.5,610,450,-0.024136,0.33338
704,161,610,450,0.19708,0.4424
704,167.5,610,450,0.43505,0.37818
704,174,610,450,0.45453,0.3591
704,180.5,610,450,0.6184,0.71103
704,187,610,450,0.96424,0.89297
704,193.5,610,450,1.2861,0.94703
704,200,610,450,1.559,0.9517
755,5,610,450,-0.28648,0.95483
755,11.5,610,450,-0.28648,0.95483
755,18,610,450,-0.26181,0.95568
755,24.5,610,450,-0.23376,0.9567
755,31,610,450,-0.18892,0.95756
755,37.5,610,450,-0.13462,0.95842
755,44,610,450,-0.061465,0.95945
755,50.5,610,450,0.040263,0.95894
755,57,610,450,0.19866,0.95487
755,63.5,610,450,0.36228,0.94683
755,70,610,450,0.60332,0.93446
755,76.5,610,450,0.96114,0.91138
755,83,610,450,1.4171,0.88567
755,89.5,610,450,2.0407,0.85858
755,96,610,450,2.6363,0.46999
755,102.5,610,450,-2.8821,0.84262
755,109,610,450,-2.2401,0.86456
755,115.5,610,450,-1.6131,0.78981
755,122,610,450,-1.1894,0.68958
755,128.5,610,450,-0.79168,0.54448
755,135,610,450,-0.47881,0.45731
755,141.5,610,450,-0.097544,0.47657
755,148,610,450,0.083352,0.29966
755,154.5,610,450,0.31533,0.33933
755,161,610,450,0.76402,0.2228
755,167.5,610,450,0.73503,0.15799
755,174,610,450,0.68102,0.29997
755,180.5,610,450,1.176,0.61889
755,187,610,450,1.563,0.65656
755,193.5,610,450,1.8829,0.60175
755,200,610,450,2.0376,0.60817
806,5,610,450,-0.29333,0.95291
806,11.5,610,450,-0.29333,0.95291
806,18,610,450,-0.26689,0.95371
806,24.5,610,450,-0.23678,0.95445
806,31,610,450,-0.18897,0.95481
806,37.5,610,450,-0.13093,0.95526
806,44,610,450,-0.05251,0.95559
806,50.5,610,450,0.055904,0.9539
806,57,610,450,0.22416,0.94837
806,63.5,610,450,0.39772,0.93957
806,70,610,450,0.6537,0.92813
806,76.5,610,450,1.0341,0.90891
806,83,610,450,1.5229,0.89021
806,89.5,610,450,2.1964,0.86365
806,96,610,450,2.6418,0.36419
806,102.5,610,450,-2.6937,0.7887
806,109,610,450,-2.0595,0.71006
806,115.5,610,450,-1.4462,0.62932
806,122,610,450,-0.99307,0.55076
806,128.5,610,450,-0.51161,0.39414
806,135,610,450,-0.039781,0.24012
806,141.5,610,450,-0.30151,0.1427
806,148,610,450,0.20579,0.19602
806,154.5,610,450,0.68249,0.22722
806,161,610,450,1.0674,0.13213
806,167.5,610,450,1.1014,0.10429
806,174,610,450,1.2599,0.24103
806,180.5,610,450,1.8431,0.34797
806,187,610,450,2.1616,0.29545
806,193.5,610,450,2.1686,0.32585
806,200,610,450,2.4291,0.48966
857,5,610,450,-0.29972,0.9551
857,11.5,610,450,-0.29972,0.9551
857,18,610,450,-0.27158,0.95549
857,24.5,610,450,-0.23964,0.95591
857,31,610,450,-0.18922,0.95575
857,37.5,610,450,-0.12775,0.95557
857,44,610,450,-0.044507,0.95523
857,50.5,610,450,0.069991,0.95317
857,57,610,450,0.24777,0.94821
857,63.5,610,450,0.43172,0.94101
857,70,610,450,0.70431,0.93314
857,76.5,610,450,1.1117,0.9191
857,83,610,450,1.6378,0.90361
857,89.5,610,450,2.363,0.86965
857,96,610,450,2.771,0.32718
857,102.5,610,450,-2.3962,0.49996
857,109,610,450,-1.9262,0.5969
857,115.5,610,450,-1.2224,0.52047
857,122,610,450,-0.6159,0.39781
857,128.5,610,450,0.096305,0.11611
857,135,610,450,-0.48257,0.023151
857,141.5,610,450,-0.31163,0.22746
857,148,610,450,0.45157,0.19644
857,154.5,610,450,1.2052,0.22016
857,161,610,450,1.8366,0.13143
857,167.5,610,450,1.9138,0.10427
857,174,610,450,2.3155,0.24599
857,180.5,610,450,2.9636,0.23983
857,187,610,450,-3.1105,0.098966
857,193.5,610,450,2.8342,0.15082
857,200,610,450,2.8275,0.38015
908,5,610,450,-0.30381,0.95916
908,11.5,610,450,-0.30381,0.95916
908,18,610,450,-0.27426,0.95928
908,24.5,610,450,-0.24059,0.95966
908,31,610,450,-0.18773,0.95945
908,37.5,610,450,-0.12307,0.95909
908,44,610,450,-0.035204,0.95879
908,50.5,610,450,0.085569,0.95752
908,57,610,450,0.27372,0.95453
908,63.5,610,450,0.46898,0.94941
908,70,610,450,0.7604,0.9438
908,76.5,610,450,1.1971,0.93029
908,83,610,450,1.7597,0.90399
908,89.5,610,450,2.5287,0.86721
908,96,610,450,3.0091,0.31055
908,102.5,610,450,-2.4501,0.25068
908,109,610,450,-1.685,0.51937
908,115.5,610,450,-0.75537,0.35744
908,122,610,450,0.069352,0.075512
908,128.5,610,450,-0.82063,0.024936
908,135,610,450,-0.21573,0.061307
908,141.5,610,450,0.47015,0.12762
908,148,610,450,1.4207,0.10701
908,154.5,610,450,2.054,0.17441
908,161,610,450,2.8033,0.22143
908,167.5,610,450,-3.053,0.31696
908,174,610,450,-2.4714,0.355
908,180.5,610,450,-1.7011,0.20391
908,187,610,450,-1.3086,0.0097711
908,193.5,610,450,2.9739,0.083673
908,200,610,450,-2.6495,0.31582
959,5,610,450,-0.3164,0.96112
959,11.5,610,450,-0.3164,0.96112
959,18,610,450,-0.28563,0.96111
959,24.5,610,450,-0.25002,0.96183
959,31,610,450,-0.19454,0.96212
959,37.5,610,450,-0.1266,0.96217
959,44,610,450,-0.033863,0.96253
959,50.5,610,450,0.093821,0.96232
959,57,610,450,0.29338,0.96041
959,63.5,610,450,0.50104,0.95526
959,70,610,450,0.81143,0.94723
959,76.5,610,450,1.2752,0.92537
959,83,610,450,1.866,0.89218
959,89.5,610,450,2.6724,0.85582
959,96,610,450,-2.9873,0.36114
959,102.5,610,450,-2.3451,0.25259
959,109,610,450,-1.2525,0.40208
959,115.5,610,450,0.044594,0.082006
959,122,610,450,-0.98657,0.020122
959,128.5,610,450,0.010854,0.048466
959,135,610,450,1.2663,0.072589
959,141.5,610,450,2.362,0.14116
959,148,610,450,-3.0387,0.098746
959,154.5,610,450,3.0922,0.16045
959,161,610,450,-2.6297,0.28349
959,167.5,610,450,-2.1454,0.41375
959,174,610,450,-1.6416,0.38163
959,180.5,610,450,-0.83882,0.11902
959,187,610,450,-2.4477,0.019226
959,193.5,610,450,-2.0881,0.2016
959,200,610,450,-1.712,0.17857
1010,5,610,450,-0.31926,0.95899
1010,11.5,610,450,-0.31926,0.95899
1010,18,610,450,-0.28679,0.9596
1010,24.5,610,450,-0.24931,0.96022
1010,31,610,450,-0.19091,0.96102
1010,37.5,610,450,-0.1194,0.9616
1010,44,610,450,-0.021408,0.96248
1010,50.5,610,450,0.11356,0.96235
1010,57,610,450,0.3245,0.95915
1010,63.5,610,450,0.54372,0.95163
1010,70,610,450,0.87067,0.93876
1010,76.5,610,450,1.356,0.91252
1010,83,610,450,1.9746,0.88438
1010,89.5,610,450,2.8225,0.86108
1010,96,610,450,-2.6185,0.53322
1010,102.5,610,450,-1.9414,0.23512
1010,109,610,450,-0.59527,0.24771
1010,115.5,610,450,0.07114,0.0036972
1010,122,610,450,0.030719,0.042979
1010,128.5,610,450,1.5895,0.10877
1010,135,610,450,2.6059,0.20422
1010,141.5,610,450,-2.8479,0.36677
1010,148,610,450,-2.1924,0.19508
1010,154.5,610,450,-2.4757,0.20889
1010,161,610,450,-2.176,0.45093
1010,167.5,610,450,-1.6465,0.52744
1010,174,610,450,-1.2244,0.36954
1010,180.5,610,450,-1.427,0.18989
1010,187,610,450,-1.2103,0.41567
1010,193.5,610,450,-0.69853,0.38089
1010,200,610,450,-0.68356,0.1517
1061,5,610,450,-0.32402,0.95518
1061,11.5,610,450,-0.32402,0.95518
1061,18,610,450,-0.29,0.9557
1061,24.5,610,450,-0.25046,0.95661
1061,31,610,450,-0.18902,0.95733
1061,37.5,610,450,-0.11377,0.95801
1061,44,610,450,-0.010401,0.95874
1061,50.5,610,450,0.13153,0.9576
1061,57,610,450,0.35268,0.95232
1061,63.5,610,450,0.58192,0.94315
1061,70,610,450,0.92345,0.92932
1061,76.5,610,450,1.4301,0.90801
1061,83,610,450,2.0817,0.89128
1061,89.5,610,450,2.9757,0.87278
1061,96,610,450,-2.2457,0.70635
1061,102.5,610,450,-1.4333,0.221
1061,109,610,450,0.065464,0.16887
1061,115.5,610,450,0.44659,0.031417
1061,122,610,450,1.436,0.11823
1061,128.5,610,450,2.542,0.25481
1061,135,610,450,-3.0917,0.31191
1061,141.5,610,450,-2.505,0.52047
1061,148,610,450,-2.0523,0.29819
1061,154.5,610,450,-2.0166,0.47566
1061,161,610,450,-1.5667,0.6615
1061,167.5,610,450,-1.1829,0.54554
1061,174,610,450,-1.081,0.47328
1061,180.5,610,450,-0.74795,0.62739
1061,187,610,450,-0.36395,0.62821
1061,193.5,610,450,0.075519,0.30691
1061,200,610,450,0.04169,0.18634
1112,5,610,450,-0.33062,0.95382
1112,11.5,610,450,-0.33062,0.95382
1112,18,610,450,-0.29524,0.95382
1112,24.5,610,450,-0.25358,0.95469
1112,31,610,450,-0.18928,0.9549
1112,37.5,610,450,-0.11036,0.95519
1112,44,610,450,-0.0019083,0.95532
1112,50.5,610,450,0.14639,0.95328
1112,57,610,450,0.37686,0.94763
1112,63.5,610,450,0.61583,0.93917
1112,70,610,450,0.97259,0.93002
1112,76.5,610,450,1.5061,0.91792
1112,83,610,450,2.1966,0.904
1112,89.5,610,450,3.1356,0.87575
1112,96,610,450,-1.9753,0.80812
1112,102.5,610,450,-1.0133,0.27694
1112,109,610,450,0.51449,0.21017
1112,115.5,610,450,1.2959,0.14613
1112,122,610,450,2.1654,0.24084
1112,128.5,610,450,2.9115,0.37916
1112,135,610,450,-2.8585,0.49615
1112,141.5,610,450,-2.3091,0.75028
1112,148,610,450,-1.8546,0.76391
1112,154.5,610,450,-1.4223,0.74903
1112,161,610,450,-1.029,0.50149
1112,167.5,610,450,-0.96679,0.41088
1112,174,610,450,-0.82939,0.68278
1112,180.5,610,450,-0.33785,0.77824
1112,187,610,450,0.062374,0.67655
1112,193.5,610,450,0.22112,0.46782
1112,200,610,450,0.41839,0.37078
1163,5,610,450,-0.33818,0.95893
1163,11.5,610,450,-0.33818,0.95893
1163,18,610,450,-0.30081,0.95938
1163,24.5,610,450,-0.25718,0.95984
1163,31,610,450,-0.19028,0.95962
1163,37.5,610,450,-0.10796,0.95942
1163,44,610,450,0.0052645,0.95914
1163,50.5,610,450,0.15973,0.95725
1163,57,610,450,0.40011,0.95325
1163,63.5,610,450,0.65003,0.94748
1163,70,610,450,1.0255,0.9417
1163,76.5,610,450,1.5893,0.93075
1163,83,610,450,2.3157,0.90602
1163,89.5,610,450,-2.9912,0.87041
1163,96,610,450,-1.8059,0.86003
1163,102.5,610,450,-0.6635,0.47381
1163,109,610,450,0.88736,0.33524
1163,115.5,610,450,1.7452,0.26756
1163,122,610,450,2.4328,0.38601
1163,128.5,610,450,3.1307,0.6423
1163,135,610,450,-2.52,0.81594
1163,141.5,610,450,-1.9886,0.856
1163,148,610,450,-1.5329,0.8819
1163,154.5,610,450,-1.0554,0.75422
1163,161,610,450,-0.91053,0.4278
1163,167.5,610,450,-0.83295,0.52992
1163,174,610,450,-0.44095,0.90399
1163,180.5,610,450,0.043189,0.94834
1163,187,610,450,0.39112,0.92242
1163,193.5,610,450,0.79537,0.85806
1163,200,610,450,1.1851,0.71154
1214,5,610,450,-0.34254,0.963
1214,11.5,610,450,-0.34254,0.963
1214,18,610,450,-0.30373,0.9631
1214,24.5,610,450,-0.25827,0.96329
1214,31,610,450,-0.18887,0.96317
1214,37.5,610,450,-0.10328,0.96294
1214,44,610,450,0.014704,0.96287
1214,50.5,610,450,0.17573,0.96203
1214,57,610,450,0.42723,0.96
1214,63.5,610,450,0.68948,0.95524
1214,70,610,450,1.0848,0.94887
1214,76.5,610,450,1.6765,0.92939
1214,83,610,450,2.4315,0.89398
1214,89.5,610,450,-2.8403,0.85968
1214,96,610,450,-1.6884,0.8795
1214,102.5,610,450,-0.29283,0.73154
1214,109,610,450,1.1622,0.39768
1214,115.5,610,450,1.9072,0.4258
1214,122,610,450,2.6728,0.70085
1214,128.5,610,450,-2.8092,0.86495
1214,135,610,450,-2.2115,0.83346
1214,141.5,610,450,-1.7972,0.69638
1214,148,610,450,-1.3402,0.94688
1214,154.5,610,450,-0.83009,0.78076
1214,161,610,450,-0.45971,0.58162
1214,167.5,610,450,-0.39004,0.59857
1214,174,610,450,0.063545,0.78921
1214,180.5,610,450,0.43368,0.72757
1214,187,610,450,0.79389,0.86861
1214,193.5,610,450,1.2335,0.84901
1214,200,610,450,1.6827,0.61794
1265,5,610,450,-0.34502,0.96474
1265,11.5,610,450,-0.34502,0.96474
1265,18,610,450,-0.30485,0.96474
1265,24.5,610,450,-0.25766,0.96501
1265,31,610,450,-0.18554,0.96538
1265,37.5,610,450,-0.096568,0.9655
1265,44,610,450,0.026447,0.96594
1265,50.5,610,450,0.19462,0.96576
1265,57,610,450,0.45785,0.96347
1265,63.5,610,450,0.73237,0.95719
1265,70,610,450,1.1455,0.94467
1265,76.5,610,450,1.7592,0.91744
1265,83,610,450,2.5403,0.88754
1265,89.5,610,450,-2.6896,0.86577
1265,96,610,450,-1.5717,0.8969
1265,102.5,610,450,-0.0093746,0.83411
1265,109,610,450,1.2137,0.43365
1265,115.5,610,450,2.1294,0.74775
1265,122,610,450,3.0074,0.87286
1265,128.5,610,450,-2.5814,0.81131
1265,135,610,450,-2.0054,0.85433
1265,141.5,610,450,-1.5548,0.67144
1265,148,610,450,-1.0787,0.93964
1265,154.5,610,450,-0.52627,0.8343
1265,161,610,450,0.0090315,0.37199
1265,167.5,610,450,0.03168,0.45292
1265,174,610,450,0.42567,0.4288
1265,180.5,610,450,0.6221,0.7387
1265,187,610,450,1.1437,0.93732
1265,193.5,610,450,1.6119,0.91833
1265,200,610,450,1.9792,0.84759
1316,5,610,450,-0.35902,0.96242
1316,11.5,610,450,-0.35902,0.96242
1316,18,610,450,-0.31742,0.96279
1316,24.5,610,450,-0.26839,0.96331
1316,31,610,450,-0.19334,0.96396
1316,37.5,610,450,-0.10076,0.96444
1316,44,610,450,0.027513,0.96507
1316,50.5,610,450,0.20287,0.96437
1316,57,610,450,0.47703,0.95968
1316,63.5,610,450,0.76208,0.95038
1316,70,610,450,1.1896,0.93465
1316,76.5,610,450,1.8235,0.91077
1316,83,610,450,2.637,0.89331
1316,89.5,610,450,-2.5413,0.87727
1316,96,610,450,-1.4169,0.87833
1316,102.5,610,450,0.14826,0.8446
1316,109,610,450,1.2472,0.69988
1316,115.5,610,450,2.4173,0.87242
1316,122,610,450,-3.0824,0.81314
1316,128.5,610,450,-2.4235,0.85907
1316,135,610,450,-1.7287,0.78611
1316,141.5,610,450,-1.2494,0.47004
1316,148,610,450,-0.77542,0.61448
1316,154.5,610,450,-0.21852,0.65773
1316,161,610,450,0.23165,0.23402
1316,167.5,610,450,0.52257,0.34198
1316,174,610,450,0.7042,0.24068
1316,180.5,610,450,1.0882,0.77474
1316,187,610,450,1.6653,0.8318
1316,193.5,610,450,2.0998,0.81352
1316,200,610,450,2.5138,0.80376
1367,5,610,450,-0.36361,0.95857
1367,11.5,610,450,-0.36361,0.95857
1367,18,610,450,-0.32042,0.95928
1367,24.5,610,450,-0.26935,0.96009
1367,31,610,450,-0.19134,0.96048
1367,37.5,610,450,-0.095101,0.96089
1367,44,610,450,0.038394,0.96122
1367,50.5,610,450,0.22045,0.95944
1367,57,610,450,0.50411,0.95288
1367,63.5,610,450,0.79843,0.94315
1367,70,610,450,1.2403,0.9311
1367,76.5,610,450,1.8993,0.91787
1367,83,610,450,2.7534,0.90588
1367,89.5,610,450,-2.3804,0.87333
1367,96,610,450,-1.1755,0.76012
1367,102.5,610,450,0.26056,0.8488
1367,109,610,450,1.4974,0.87265
1367,115.5,610,450,2.5967,0.80512
1367,122,610,450,-2.9505,0.8312
1367,128.5,610,450,-2.1154,0.75793
1367,135,610,450,-1.4766,0.54474
1367,141.5,610,450,-0.96355,0.31903
1367,148,610,450,-0.48193,0.33675
1367,154.5,610,450,0.20107,0.33226
1367,161,610,450,0.57513,0.18533
1367,167.5,610,450,1.0055,0.12021
1367,174,610,450,0.99735,0.15772
1367,180.5,610,450,1.7236,0.46056
1367,187,610,450,2.0993,0.34711
1367,193.5,610,450,2.485,0.55917
1367,200,610,450,2.8486,0.81414
1418,5,610,450,-0.37004,0.95695
1418,11.5,610,450,-0.37004,0.95695
1418,18,610,450,-0.32506,0.95767
1418,24.5,610,450,-0.27195,0.95851
1418,31,610,450,-0.1912,0.95855
1418,37.5,610,450,-0.091406,0.95857
1418,44,610,450,0.047053,0.9585
1418,50.5,610,450,0.23522,0.95629
1418,57,610,450,0.52816,0.95078
1418,63.5,610,450,0.83252,0.94393
1418,70,610,450,1.2918,0.93831
1418,76.5,610,450,1.982,0.92959
1418,83,610,450,2.8734,0.9051
1418,89.5,610,450,-2.2239,0.86346
1418,96,610,450,-0.88708,0.57176
1418,102.5,610,450,0.38891,0.86225
1418,109,610,450,1.6722,0.81226
1418,115.5,610,450,2.7212,0.77274
1418,122,610,450,-2.6779,0.7785
1418,128.5,610,450,-1.882,0.51777
1418,135,610,450,-1.202,0.37236
1418,141.5,610,450,-0.49666,0.22757
1418,148,610,450,0.58802,0.06118
1418,154.5,610,450,-0.03594,0.062343
1418,161,610,450,0.73415,0.13086
1418,167.5,610,450,1.5508,0.12869
1418,174,610,450,1.6701,0.12684
1418,180.5,610,450,2.4877,0.22438
1418,187,610,450,2.5206,0.22659
1418,193.5,610,450,2.7789,0.414
1418,200,610,450,-2.8638,0.8388
1469,5,610,450,-0.37634,0.95908
1469,11.5,610,450,-0.37634,0.95908
1469,18,610,450,-0.32966,0.95965
1469,24.5,610,450,-0.27456,0.96008
1469,31,610,450,-0.19134,0.9601
1469,37.5,610,450,-0.088201,0.95991
1469,44,610,450,0.055074,0.95979
1469,50.5,610,450,0.24951,0.95835
1469,57,610,450,0.55286,0.95556
1469,63.5,610,450,0.86927,0.95172
1469,70,610,450,1.3491,0.94769
1469,76.5,610,450,2.0693,0.92999
1469,83,610,450,2.9883,0.89275
1469,89.5,610,450,-2.0729,0.86158
1469,96,610,450,-0.58251,0.41823
1469,102.5,610,450,0.54078,0.66694
1469,109,610,450,1.8169,0.74728
1469,115.5,610,450,2.9366,0.71882
1469,122,610,450,-2.4774,0.56921
1469,128.5,610,450,-1.5868,0.37059
1469,135,610,450,-0.5395,0.20859
1469,141.5,610,450,0.44257,0.059454
1469,148,610,450,-2.4391,0.041064
1469,154.5,610,450,0.064273,0.094556
1469,161,610,450,1.4448,0.17448
1469,167.5,610,450,2.4519,0.19005
1469,174,610,450,2.9178,0.28339
1469,180.5,610,450,-2.1831,0.14933
1469,187,610,450,3.0201,0.034911
1469,193.5,610,450,-2.8072,0.36505
1469,200,610,450,-2.3799,0.48467
