500,25,693,260,-0.12223,0.96396
500,30,693,260,-0.061804,0.96714
500,35,693,260,0.0022201,0.97066
500,40,693,260,0.094649,0.97446
500,45,693,260,0.17695,0.97655
500,50,693,260,0.29311,0.97891
500,55,693,260,0.42084,0.98023
500,60,693,260,0.59169,0.97892
500,65,693,260,0.75124,0.97584
500,70,693,260,0.94742,0.97135
500,75,693,260,1.144,0.96653
500,80,693,260,1.3855,0.95885
500,85,693,260,1.6726,0.95047
500,90,693,260,1.9596,0.93987
500,95,693,260,2.2245,0.93064
500,100,693,260,2.5394,0.91556
500,105,693,260,2.8622,0.90524
500,110,693,260,-3.0913,0.90316
500,115,693,260,-2.7694,0.91369
500,120,693,260,-2.4047,0.93859
500,125,693,260,-2.0243,0.96351
500,130,693,260,-1.5262,0.95793
500,135,693,260,-1.0423,0.88783
500,140,693,260,-0.86222,0.84527
500,145,693,260,-0.65568,0.78738
500,150,693,260,-0.53451,0.75632
510,25,693,260,-0.13077,0.96255
510,30,693,260,-0.069257,0.96566
510,35,693,260,-0.003723,0.969
510,40,693,260,0.09046,0.97241
510,45,693,260,0.17416,0.97411
510,50,693,260,0.29247,0.97592
510,55,693,260,0.42277,0.97651
510,60,693,260,0.59636,0.97441
510,65,693,260,0.75833,0.97088
510,70,693,260,0.95815,0.96634
510,75,693,260,1.1582,0.96167
510,80,693,260,1.4038,0.95421
510,85,693,260,1.6965,0.9479
510,90,693,260,1.9883,0.93869
510,95,693,260,2.2584,0.93156
510,100,693,260,2.5789,0.9179
510,105,693,260,2.9084,0.91122
510,110,693,260,-3.0384,0.91545
510,115,693,260,-2.7063,0.93022
510,120,693,260,-2.3268,0.9564
510,125,693,260,-1.9326,0.96934
510,130,693,260,-1.4256,0.93528
510,135,693,260,-0.94581,0.84504
510,140,693,260,-0.77065,0.80159
510,145,693,260,-0.57191,0.75016
510,150,693,260,-0.45382,0.72519
520,25,693,260,-0.12458,0.9625
520,30,693,260,-0.061796,0.96551
520,35,693,260,0.005125,0.96864
520,40,693,260,0.1012,0.97167
520,45,693,260,0.18654,0.97298
520,50,693,260,0.30704,0.97429
520,55,693,260,0.43971,0.97434
520,60,693,260,0.61638,0.97162
520,65,693,260,0.78119,0.96782
520,70,693,260,0.98448,0.9636
520,75,693,260,1.1882,0.9592
520,80,693,260,1.4381,0.95218
520,85,693,260,1.7368,0.94728
520,90,693,260,2.0343,0.93896
520,95,693,260,2.3098,0.93309
520,100,693,260,2.6363,0.92469
520,105,693,260,2.9729,0.92334
520,110,693,260,-2.9625,0.93308
520,115,693,260,-2.6189,0.94868
520,120,693,260,-2.224,0.96936
520,125,693,260,-1.8173,0.96493
520,130,693,260,-1.3068,0.90392
520,135,693,260,-0.83597,0.8051
520,140,693,260,-0.66539,0.76698
520,145,693,260,-0.47214,0.72769
520,150,693,260,-0.35569,0.711
530,25,693,260,-0.13219,0.96099
530,30,693,260,-0.068348,0.96381
530,35,693,260,2.9096e-05,0.96663
530,40,693,260,0.097773,0.96918
530,45,693,260,0.18445,0.97009
530,50,693,260,0.30698,0.97086
530,55,693,260,0.44207,0.97035
530,60,693,260,0.62134,0.96718
530,65,693,260,0.78858,0.96355
530,70,693,260,0.99547,0.95972
530,75,693,260,1.2027,0.95588
530,80,693,260,1.4568,0.9499
530,85,693,260,1.7606,0.94584
530,90,693,260,2.0643,0.94123
530,95,693,260,2.3451,0.93631
530,100,693,260,2.6782,0.93159
530,105,693,260,3.0225,0.93167
530,110,693,260,-2.9032,0.94674
530,115,693,260,-2.5488,0.96026
530,120,693,260,-2.1411,0.9693
530,125,693,260,-1.7264,0.94628
530,130,693,260,-1.2174,0.86804
530,135,693,260,-0.75585,0.77301
530,140,693,260,-0.5886,0.74273
530,145,693,260,-0.39832,0.71712
530,150,693,260,-0.28158,0.70944
540,25,693,260,-0.12678,0.96084
540,30,693,260,-0.061694,0.96346
540,35,693,260,0.0080188,0.96601
540,40,693,260,0.10756,0.96813
540,45,693,260,0.19578,0.96866
540,50,693,260,0.3204,0.96898
540,55,693,260,0.45776,0.96812
540,60,693,260,0.63997,0.96467
540,65,693,260,0.81002,0.9612
540,70,693,260,1.0205,0.95821
540,75,693,260,1.2315,0.9551
540,80,693,260,1.4901,0.94988
540,85,693,260,1.8005,0.94839
540,90,693,260,2.1104,0.94523
540,95,693,260,2.3975,0.94331
540,100,693,260,2.7373,0.94171
540,105,693,260,3.0909,0.94474
540,110,693,260,-2.8235,0.95967
540,115,693,260,-2.4574,0.96949
540,120,693,260,-2.0378,0.96265
540,125,693,260,-1.6191,0.92048
540,130,693,260,-1.1154,0.83338
540,135,693,260,-0.66131,0.75354
540,140,693,260,-0.495,0.73424
540,145,693,260,-0.30341,0.72507
540,150,693,260,-0.18355,0.72823
550,25,693,260,-0.11611,0.96066
550,30,693,260,-0.049802,0.96305
550,35,693,260,0.021224,0.9653
550,40,693,260,0.12252,0.96701
550,45,693,260,0.21227,0.96721
550,50,693,260,0.33893,0.96717
550,55,693,260,0.47851,0.9661
550,60,693,260,0.66365,0.96257
550,65,693,260,0.83653,0.95945
550,70,693,260,1.0507,0.95755
550,75,693,260,1.2656,0.95527
550,80,693,260,1.529,0.95134
550,85,693,260,1.8457,0.95167
550,90,693,260,2.1618,0.94981
550,95,693,260,2.4552,0.94926
550,100,693,260,2.8036,0.95092
550,105,693,260,-3.1168,0.95818
550,110,693,260,-2.7357,0.96968
550,115,693,260,-2.3599,0.97087
550,120,693,260,-1.932,0.94627
550,125,693,260,-1.5127,0.89046
550,130,693,260,-1.0148,0.80624
550,135,693,260,-0.56447,0.74741
550,140,693,260,-0.39668,0.74042
550,145,693,260,-0.19917,0.74907
550,150,693,260,-0.073369,0.76238
560,25,693,260,-0.1244,0.95915
560,30,693,260,-0.057107,0.96126
560,35,693,260,0.01527,0.96313
560,40,693,260,0.1181,0.96438
560,45,693,260,0.20905,0.96427
560,50,693,260,0.33759,0.96387
560,55,693,260,0.47947,0.96264
560,60,693,260,0.66711,0.95927
560,65,693,260,0.84244,0.9568
560,70,693,260,1.0605,0.95615
560,75,693,260,1.2792,0.95493
560,80,693,260,1.5473,0.9526
560,85,693,260,1.8702,0.95434
560,90,693,260,2.1934,0.95547
560,95,693,260,2.4927,0.95601
560,100,693,260,2.8493,0.9589
560,105,693,260,-3.0623,0.9643
560,110,693,260,-2.6713,0.97172
560,115,693,260,-2.2871,0.96266
560,120,693,260,-1.8557,0.92475
560,125,693,260,-1.4381,0.86186
560,130,693,260,-0.94533,0.78622
560,135,693,260,-0.4945,0.75093
560,140,693,260,-0.32264,0.75585
560,145,693,260,-0.11622,0.78098
560,150,693,260,0.017183,0.8033
570,25,693,260,-0.11943,0.95911
570,30,693,260,-0.050974,0.96095
570,35,693,260,0.022649,0.96251
570,40,693,260,0.12714,0.9634
570,45,693,260,0.21955,0.96305
570,50,693,260,0.35005,0.96242
570,55,693,260,0.49413,0.96126
570,60,693,260,0.68481,0.9584
570,65,693,260,0.86296,0.95648
570,70,693,260,1.085,0.9572
570,75,693,260,1.3078,0.95707
570,80,693,260,1.5809,0.95594
570,85,693,260,1.9107,0.9597
570,90,693,260,2.2414,0.96189
570,95,693,260,2.548,0.96348
570,100,693,260,2.9121,0.96881
570,105,693,260,-2.9891,0.97319
570,110,693,260,-2.5881,0.9708
570,115,693,260,-2.1979,0.95171
570,120,693,260,-1.7645,0.89891
570,125,693,260,-1.3496,0.8359
570,130,693,260,-0.85913,0.77792
570,135,693,260,-0.40063,0.77098
570,140,693,260,-0.2208,0.78893
570,145,693,260,0.00019304,0.82934
570,150,693,260,0.14452,0.85819
580,25,693,260,-0.12689,0.95764
580,30,693,260,-0.057486,0.95918
580,35,693,260,0.017418,0.9604
580,40,693,260,0.12336,0.96096
580,45,693,260,0.21693,0.96047
580,50,693,260,0.34925,0.95971
580,55,693,260,0.49561,0.95875
580,60,693,260,0.68889,0.95644
580,65,693,260,0.86966,0.95553
580,70,693,260,1.096,0.95771
580,75,693,260,1.3228,0.95872
580,80,693,260,1.6009,0.95918
580,85,693,260,1.9377,0.96336
580,90,693,260,2.2748,0.96688
580,95,693,260,2.5881,0.96767
580,100,693,260,2.9613,0.97354
580,105,693,260,-2.9311,0.9738
580,110,693,260,-2.5232,0.96476
580,115,693,260,-2.1278,0.93534
580,120,693,260,-1.6958,0.87437
580,125,693,260,-1.2832,0.81555
580,130,693,260,-0.79278,0.77741
580,135,693,260,-0.32152,0.79795
580,140,693,260,-0.13197,0.82623
580,145,693,260,0.10512,0.87617
580,150,693,260,0.26056,0.90569
590,25,693,260,-0.12185,0.95773
590,30,693,260,-0.051345,0.959
590,35,693,260,0.024745,0.95995
590,40,693,260,0.13229,0.96027
590,45,693,260,0.22727,0.95967
590,50,693,260,0.36153,0.95891
590,55,693,260,0.51013,0.95831
590,60,693,260,0.70642,0.95668
590,65,693,260,0.89032,0.95677
590,70,693,260,1.1209,0.96041
590,75,693,260,1.3521,0.96249
590,80,693,260,1.6357,0.96417
590,85,693,260,1.9795,0.96951
590,90,693,260,2.3244,0.97273
590,95,693,260,2.6445,0.97534
590,100,693,260,3.0267,0.97708
590,105,693,260,-2.8571,0.97392
590,110,693,260,-2.4422,0.95273
590,115,693,260,-2.0443,0.91615
590,120,693,260,-1.6137,0.85388
590,125,693,260,-1.2024,0.80446
590,130,693,260,-0.70531,0.79053
590,135,693,260,-0.21327,0.839
590,140,693,260,-0.010271,0.87443
590,145,693,260,0.24631,0.9241
590,150,693,260,0.41328,0.94569
600,25,693,260,-0.11726,0.95795
600,30,693,260,-0.045671,0.95898
600,35,693,260,0.031578,0.95972
600,40,693,260,0.1407,0.95989
600,45,693,260,0.23707,0.95928
600,50,693,260,0.37327,0.95863
600,55,693,260,0.52413,0.95852
600,60,693,260,0.72359,0.95765
600,65,693,260,0.91072,0.95884
600,70,693,260,1.1458,0.96388
600,75,693,260,1.3814,0.96694
600,80,693,260,1.6707,0.96968
600,85,693,260,2.0219,0.9757
600,90,693,260,2.3747,0.97938
600,95,693,260,2.7016,0.97969
600,100,693,260,3.0918,0.97882
600,105,693,260,-2.7845,0.96927
600,110,693,260,-2.3635,0.93973
600,115,693,260,-1.9638,0.89776
600,120,693,260,-1.5347,0.83857
600,125,693,260,-1.1231,0.80318
600,130,693,260,-0.61424,0.81459
600,135,693,260,-0.094987,0.88412
600,140,693,260,0.12264,0.91973
600,145,693,260,0.39731,0.95504
600,150,693,260,0.57262,0.9601
