500,25,690,260,-0.1231,0.96374
500,30,690,260,-0.062324,0.96692
500,35,690,260,0.0021017,0.97041
500,40,690,260,0.095169,0.97414
500,45,690,260,0.17803,0.97615
500,50,690,260,0.29501,0.9784
500,55,690,260,0.42363,0.97957
500,60,690,260,0.59579,0.97807
500,65,690,260,0.75659,0.97484
500,70,690,260,0.95439,0.97028
500,75,690,260,1.1526,0.96545
500,80,690,260,1.396,0.95774
500,85,690,260,1.6854,0.94972
500,90,690,260,1.9747,0.93876
500,95,690,260,2.2411,0.93084
500,100,690,260,2.5584,0.91582
500,105,690,260,2.8829,0.90704
500,110,690,260,-3.0698,0.90664
500,115,690,260,-2.7463,0.9172
500,120,690,260,-2.378,0.94409
500,125,690,260,-1.995,0.96596
500,130,690,260,-1.4964,0.95373
500,135,690,260,-1.0144,0.87761
500,140,690,260,-0.83612,0.83483
500,145,690,260,-0.63212,0.77819
500,150,690,260,-0.51216,0.74836
510,25,690,260,-0.13171,0.9623
510,30,690,260,-0.069843,0.9654
510,35,690,260,-0.0039024,0.96869
510,40,690,260,0.090921,0.97202
510,45,690,260,0.17518,0.97363
510,50,690,260,0.29431,0.97532
510,55,690,260,0.4255,0.97577
510,60,690,260,0.60041,0.9735
510,65,690,260,0.76363,0.96988
510,70,690,260,0.9651,0.96534
510,75,690,260,1.1668,0.96071
510,80,690,260,1.4143,0.95327
510,85,690,260,1.7096,0.94728
510,90,690,260,2.0039,0.93793
510,95,690,260,2.276,0.93113
510,100,690,260,2.5976,0.91791
510,105,690,260,2.9284,0.91322
510,110,690,260,-3.0152,0.92001
510,115,690,260,-2.6815,0.93328
510,120,690,260,-2.2994,0.96051
510,125,690,260,-1.9027,0.96878
510,130,690,260,-1.3962,0.92822
510,135,690,260,-0.91995,0.83467
510,140,690,260,-0.74656,0.79271
510,145,690,260,-0.54981,0.74338
510,150,690,260,-0.43291,0.72052
520,25,690,260,-0.12552,0.96224
520,30,690,260,-0.062376,0.96522
520,35,690,260,0.004955,0.96829
520,40,690,260,0.10167,0.97123
520,45,690,260,0.18757,0.97245
520,50,690,260,0.3089,0.97365
520,55,690,260,0.44247,0.97357
520,60,690,260,0.62045,0.97071
520,65,690,260,0.78653,0.96687
520,70,690,260,0.99152,0.96272
520,75,690,260,1.197,0.95841
520,80,690,260,1.4488,0.95157
520,85,690,260,1.7501,0.94694
520,90,690,260,2.0499,0.9389
520,95,690,260,2.3272,0.9341
520,100,690,260,2.6559,0.92548
520,105,690,260,2.9953,0.92518
520,110,690,260,-2.9387,0.93658
520,115,690,260,-2.593,0.95146
520,120,690,260,-2.1951,0.97109
520,125,690,260,-1.7875,0.96046
520,130,690,260,-1.2789,0.89444
520,135,690,260,-0.81144,0.79679
520,140,690,260,-0.64252,0.76048
520,145,690,260,-0.45097,0.72424
520,150,690,260,-0.33494,0.71016
530,25,690,260,-0.1332,0.96071
530,30,690,260,-0.068996,0.96349
530,35,690,260,-0.0002086,0.96625
530,40,690,260,0.098178,0.9687
530,45,690,260,0.18541,0.96952
530,50,690,260,0.30877,0.97017
530,55,690,260,0.44476,0.96956
530,60,690,260,0.62536,0.9663
530,65,690,260,0.7939,0.96265
530,70,690,260,1.0025,0.959
530,75,690,260,1.2115,0.95532
530,80,690,260,1.4677,0.94953
530,85,690,260,1.7741,0.94604
530,90,690,260,2.0806,0.94149
530,95,690,260,2.3633,0.93815
530,100,690,260,2.6986,0.93212
530,105,690,260,3.0453,0.93611
530,110,690,260,-2.8778,0.94863
530,115,690,260,-2.5214,0.96157
530,120,690,260,-2.1112,0.96863
530,125,690,260,-1.6974,0.94073
530,130,690,260,-1.1912,0.85829
530,135,690,260,-0.73288,0.7671
530,140,690,260,-0.56666,0.7392
530,145,690,260,-0.37717,0.71721
530,150,690,260,-0.26038,0.71232
540,25,690,260,-0.12779,0.96056
540,30,690,260,-0.06235,0.96313
540,35,690,260,0.0077748,0.96561
540,40,690,260,0.10796,0.96763
540,45,690,260,0.19675,0.96808
540,50,690,260,0.32219,0.96829
540,55,690,260,0.46046,0.96736
540,60,690,260,0.64402,0.96386
540,65,690,260,0.8154,0.96043
540,70,690,260,1.0277,0.9577
540,75,690,260,1.2405,0.95478
540,80,690,260,1.5012,0.94988
540,85,690,260,1.8145,0.94878
540,90,690,260,2.1271,0.94553
540,95,690,260,2.4165,0.94394
540,100,690,260,2.7589,0.94281
540,105,690,260,3.1145,0.94877
540,110,690,260,-2.7962,0.96309
540,115,690,260,-2.4289,0.96846
540,120,690,260,-2.008,0.95945
540,125,690,260,-1.5909,0.9134
540,130,690,260,-1.0907,0.82586
540,135,690,260,-0.63903,0.75035
540,140,690,260,-0.47338,0.73422
540,145,690,260,-0.28114,0.72934
540,150,690,260,-0.16084,0.73492
550,25,690,260,-0.11706,0.96039
550,30,690,260,-0.050399,0.96273
550,35,690,260,0.021039,0.9649
550,40,690,260,0.12299,0.96651
550,45,690,260,0.21329,0.96663
550,50,690,260,0.34079,0.96651
550,55,690,260,0.4813,0.9654
550,60,690,260,0.66781,0.96188
550,65,690,260,0.84205,0.95885
550,70,690,260,1.0581,0.95727
550,75,690,260,1.2748,0.95522
550,80,690,260,1.5404,0.95166
550,85,690,260,1.8602,0.95235
550,90,690,260,2.1789,0.95146
550,95,690,260,2.4747,0.95194
550,100,690,260,2.8253,0.95349
550,105,690,260,-3.0913,0.96005
550,110,690,260,-2.7075,0.97158
550,115,690,260,-2.3303,0.96831
550,120,690,260,-1.9022,0.94054
550,125,690,260,-1.485,0.8833
550,130,690,260,-0.99094,0.8004
550,135,690,260,-0.5418,0.74764
550,140,690,260,-0.37368,0.74415
550,145,690,260,-0.17474,0.75724
550,150,690,260,-0.047531,0.77279
560,25,690,260,-0.12544,0.95888
560,30,690,260,-0.057785,0.96093
560,35,690,260,0.015003,0.96272
560,40,690,260,0.11847,0.96388
560,45,690,260,0.20999,0.96371
560,50,690,260,0.33937,0.96324
560,55,690,260,0.48218,0.96202
560,60,690,260,0.67123,0.95871
560,65,690,260,0.84796,0.95639
560,70,690,260,1.068,0.95611
560,75,690,260,1.2886,0.95517
560,80,690,260,1.559,0.95319
560,85,690,260,1.885,0.95537
560,90,690,260,2.2113,0.9565
560,95,690,260,2.5134,0.95817
560,100,690,260,2.8716,0.96029
560,105,690,260,-3.0366,0.9679
560,110,690,260,-2.6433,0.97292
560,115,690,260,-2.2581,0.96114
560,120,690,260,-1.8271,0.91776
560,125,690,260,-1.4115,0.85287
560,130,690,260,-0.92197,0.78217
560,135,690,260,-0.47128,0.75443
560,140,690,260,-0.29826,0.76279
560,145,690,260,-0.089445,0.79204
560,150,690,260,0.046068,0.81624
570,25,690,260,-0.12048,0.95886
570,30,690,260,-0.051662,0.96064
570,35,690,260,0.022371,0.96213
570,40,690,260,0.12751,0.96293
570,45,690,260,0.22048,0.96254
570,50,690,260,0.35184,0.96187
570,55,690,260,0.49687,0.96075
570,60,690,260,0.689,0.95797
570,65,690,260,0.86859,0.95629
570,70,690,260,1.0927,0.95743
570,75,690,260,1.3174,0.95758
570,80,690,260,1.5929,0.95686
570,85,690,260,1.926,0.96096
570,90,690,260,2.2598,0.96283
570,95,690,260,2.5688,0.96455
570,100,690,260,2.9364,0.96996
570,105,690,260,-2.9622,0.97301
570,110,690,260,-2.5591,0.97075
570,115,690,260,-2.1679,0.94655
570,120,690,260,-1.7363,0.89109
570,125,690,260,-1.3234,0.82887
570,130,690,260,-0.83597,0.77695
570,135,690,260,-0.37556,0.77821
570,140,690,260,-0.19378,0.79887
570,145,690,260,0.030808,0.84264
570,150,690,260,0.17753,0.87197
580,25,690,260,-0.12801,0.9574
580,30,690,260,-0.058252,0.95888
580,35,690,260,0.017062,0.96003
580,40,690,260,0.12366,0.96053
580,45,690,260,0.2178,0.96
580,50,690,260,0.35098,0.95924
580,55,690,260,0.49831,0.95837
580,60,690,260,0.69307,0.9562
580,65,690,260,0.87535,0.95557
580,70,690,260,1.1038,0.95818
580,75,690,260,1.3327,0.95948
580,80,690,260,1.6133,0.96031
580,85,690,260,1.9534,0.96466
580,90,690,260,2.2939,0.96864
580,95,690,260,2.6094,0.96995
580,100,690,260,2.9856,0.97336
580,105,690,260,-2.9051,0.9731
580,110,690,260,-2.4946,0.95987
580,115,690,260,-2.0997,0.92979
580,120,690,260,-1.6686,0.8674
580,125,690,260,-1.2591,0.81154
580,130,690,260,-0.76856,0.77969
580,135,690,260,-0.29422,0.80782
580,140,690,260,-0.10209,0.83847
580,145,690,260,0.13931,0.88929
580,150,690,260,0.29727,0.91751
590,25,690,260,-0.12298,0.95753
590,30,690,260,-0.052114,0.95874
590,35,690,260,0.024387,0.95963
590,40,690,260,0.13259,0.9599
590,45,690,260,0.22815,0.9593
590,50,690,260,0.36328,0.95856
590,55,690,260,0.51288,0.95808
590,60,690,260,0.71071,0.95664
590,65,690,260,0.89616,0.95705
590,70,690,260,1.129,0.96112
590,75,690,260,1.3623,0.96347
590,80,690,260,1.6486,0.9655
590,85,690,260,1.9958,0.97095
590,90,690,260,2.3439,0.97467
590,95,690,260,2.6675,0.97624
590,100,690,260,3.0514,0.97796
590,105,690,260,-2.8302,0.97182
590,110,690,260,-2.413,0.94896
590,115,690,260,-2.0154,0.91043
590,120,690,260,-1.5873,0.84808
590,125,690,260,-1.1778,0.80281
590,130,690,260,-0.67995,0.79603
590,135,690,260,-0.18288,0.8506
590,140,690,260,0.02337,0.88689
590,145,690,260,0.28424,0.93407
590,150,690,260,0.45312,0.9521
600,25,690,260,-0.11839,0.95779
600,30,690,260,-0.046446,0.95876
600,35,690,260,0.031217,0.95945
600,40,690,260,0.141,0.9596
600,45,690,260,0.23796,0.95901
600,50,690,260,0.37505,0.95841
600,55,690,260,0.52696,0.95847
600,60,690,260,0.72799,0.95782
600,65,690,260,0.91675,0.95935
600,70,690,260,1.1541,0.9648
600,75,690,260,1.392,0.9681
600,80,690,260,1.684,0.97112
600,85,690,260,2.0387,0.9771
600,90,690,260,2.3951,0.98039
600,95,690,260,2.725,0.98002
600,100,690,260,3.1179,0.97953
600,105,690,260,-2.756,0.96717
600,110,690,260,-2.3352,0.93363
600,115,690,260,-1.9357,0.89274
600,120,690,260,-1.5088,0.8344
600,125,690,260,-1.0983,0.80415
600,130,690,260,-0.58707,0.82252
600,135,690,260,-0.060946,0.89611
600,140,690,260,0.15982,0.92979
600,145,690,260,0.43782,0.95868
600,150,690,260,0.61377,0.95848
